period,LSOA,SHEF_B_CODE,report_count,user_count,average
2017-4,,B14,1,1,1.0
2017-4,,B19,2,1,2.0
2017-4,,B28,1,1,1.0
2017-4,95AA04W1,B13,1,1,1.0
2017-4,95AA09W1,B16,1,1,1.0
2017-4,95BB13S1,B13,1,1,1.0
2017-4,95II11W1,B28,1,1,1.0
2017-4,95LL21W1,B25,1,1,1.0
2017-4,95MM12S1,B26,1,1,1.0
2017-4,95MM18S2,B26,1,1,1.0
2017-4,95NN09S2,B25,1,1,1.0
2017-4,95NN15W1,B13,1,1,1.0
2017-4,95OO16W1,B19,1,1,1.0
2017-4,95SS23S2,B13,1,1,1.0
2017-4,95VV05S2,B13,1,1,1.0
2017-4,95VV11S2,B1,1,1,1.0
2017-4,95VV20W1,B28,1,1,1.0
2017-4,95WW19S3,B28,1,1,1.0
2017-4,95WW22S1,B1,1,1,1.0
2017-4,95WW22S2,B17,1,1,1.0
2017-4,95XX09S1,B28,1,1,1.0
2017-4,95XX18W1,B26,1,1,1.0
2017-4,95YY20W1,B25,1,1,1.0
2017-4,95YY20W1,B26,1,1,1.0
2017-4,E01000001,B24,1,1,1.0
2017-4,E01000001,B26,1,1,1.0
2017-4,E01000002,B13,1,1,1.0
2017-4,E01000042,B26,1,1,1.0
2017-4,E01000072,B13,1,1,1.0
2017-4,E01000072,B19,1,1,1.0
2017-4,E01000075,B19,1,1,1.0
2017-4,E01000075,B25,1,1,1.0
2017-4,E01000075,B26,2,1,2.0
2017-4,E01000078,B25,1,1,1.0
2017-4,E01000080,B1,1,1,1.0
2017-4,E01000092,B25,1,1,1.0
2017-4,E01000092,B26,1,1,1.0
2017-4,E01000097,B1,1,1,1.0
2017-4,E01000100,B28,1,1,1.0
2017-4,E01000116,B1,1,1,1.0
2017-4,E01000117,B17,1,1,1.0
2017-4,E01000117,B26,5,3,1.6666666666666667
2017-4,E01000122,B1,1,1,1.0
2017-4,E01000125,B19,1,1,1.0
2017-4,E01000126,B26,2,1,2.0
2017-4,E01000127,B13,2,1,2.0
2017-4,E01000127,B26,1,1,1.0
2017-4,E01000127,B7,1,1,1.0
2017-4,E01000128,B26,1,1,1.0
2017-4,E01000130,B24,1,1,1.0
2017-4,E01000131,B26,1,1,1.0
2017-4,E01000132,B1,3,2,1.5
2017-4,E01000132,B13,2,2,1.0
2017-4,E01000133,B1,2,2,1.0
2017-4,E01000134,B1,2,1,2.0
2017-4,E01000134,B19,1,1,1.0
2017-4,E01000137,B26,1,1,1.0
2017-4,E01000139,B26,1,1,1.0
2017-4,E01000140,B26,2,2,1.0
2017-4,E01000146,B28,1,1,1.0
2017-4,E01000147,B26,2,2,1.0
2017-4,E01000148,B7,1,1,1.0
2017-4,E01000150,B1,1,1,1.0
2017-4,E01000150,B26,6,1,6.0
2017-4,E01000153,B17,1,1,1.0
2017-4,E01000155,B26,1,1,1.0
2017-4,E01000158,B26,3,3,1.0
2017-4,E01000160,B25,1,1,1.0
2017-4,E01000160,B26,6,6,1.0
2017-4,E01000162,B17,1,1,1.0
2017-4,E01000162,B19,2,1,2.0
2017-4,E01000162,B25,1,1,1.0
2017-4,E01000164,B1,2,1,2.0
2017-4,E01000165,B26,1,1,1.0
2017-4,E01000168,B26,1,1,1.0
2017-4,E01000171,B6,1,1,1.0
2017-4,E01000173,B19,1,1,1.0
2017-4,E01000174,B13,1,1,1.0
2017-4,E01000174,B2,1,1,1.0
2017-4,E01000174,B26,3,3,1.0
2017-4,E01000174,B6,2,1,2.0
2017-4,E01000175,B25,1,1,1.0
2017-4,E01000181,B26,1,1,1.0
2017-4,E01000182,B17,1,1,1.0
2017-4,E01000190,B26,1,1,1.0
2017-4,E01000191,B26,1,1,1.0
2017-4,E01000195,B1,1,1,1.0
2017-4,E01000195,B26,1,1,1.0
2017-4,E01000196,B19,1,1,1.0
2017-4,E01000196,B25,1,1,1.0
2017-4,E01000197,B25,1,1,1.0
2017-4,E01000198,B25,1,1,1.0
2017-4,E01000201,B25,2,1,2.0
2017-4,E01000201,B26,1,1,1.0
2017-4,E01000201,B7,1,1,1.0
2017-4,E01000203,B1,1,1,1.0
2017-4,E01000203,B13,1,1,1.0
2017-4,E01000203,B26,2,2,1.0
2017-4,E01000204,B25,1,1,1.0
2017-4,E01000205,B13,1,1,1.0
2017-4,E01000205,B26,1,1,1.0
2017-4,E01000206,B19,1,1,1.0
2017-4,E01000206,B25,1,1,1.0
2017-4,E01000209,B25,1,1,1.0
2017-4,E01000212,B19,1,1,1.0
2017-4,E01000218,B25,1,1,1.0
2017-4,E01000220,B25,1,1,1.0
2017-4,E01000221,B26,2,1,2.0
2017-4,E01000223,B26,4,3,1.3333333333333333
2017-4,E01000224,B26,2,1,2.0
2017-4,E01000227,B1,1,1,1.0
2017-4,E01000228,B13,2,2,1.0
2017-4,E01000228,B24,1,1,1.0
2017-4,E01000229,B26,1,1,1.0
2017-4,E01000238,B26,1,1,1.0
2017-4,E01000239,B26,4,1,4.0
2017-4,E01000240,B12,1,1,1.0
2017-4,E01000242,B26,1,1,1.0
2017-4,E01000245,B25,1,1,1.0
2017-4,E01000246,B25,1,1,1.0
2017-4,E01000248,B19,1,1,1.0
2017-4,E01000248,B26,1,1,1.0
2017-4,E01000253,B1,1,1,1.0
2017-4,E01000253,B26,2,2,1.0
2017-4,E01000254,B24,1,1,1.0
2017-4,E01000254,B25,1,1,1.0
2017-4,E01000254,B26,1,1,1.0
2017-4,E01000256,B19,1,1,1.0
2017-4,E01000258,B13,1,1,1.0
2017-4,E01000258,B19,1,1,1.0
2017-4,E01000259,B26,1,1,1.0
2017-4,E01000260,B6,1,1,1.0
2017-4,E01000264,B19,1,1,1.0
2017-4,E01000264,B25,1,1,1.0
2017-4,E01000268,B26,1,1,1.0
2017-4,E01000274,B13,1,1,1.0
2017-4,E01000274,B26,1,1,1.0
2017-4,E01000278,B13,1,1,1.0
2017-4,E01000280,B1,1,1,1.0
2017-4,E01000280,B13,1,1,1.0
2017-4,E01000290,B13,1,1,1.0
2017-4,E01000290,B25,1,1,1.0
2017-4,E01000290,B26,2,2,1.0
2017-4,E01000293,B13,1,1,1.0
2017-4,E01000294,B13,1,1,1.0
2017-4,E01000294,B26,2,1,2.0
2017-4,E01000298,B25,1,1,1.0
2017-4,E01000298,B26,2,2,1.0
2017-4,E01000298,B28,1,1,1.0
2017-4,E01000301,B7,1,1,1.0
2017-4,E01000302,B25,1,1,1.0
2017-4,E01000302,B7,1,1,1.0
2017-4,E01000304,B26,3,3,1.0
2017-4,E01000305,B26,1,1,1.0
2017-4,E01000306,B19,1,1,1.0
2017-4,E01000306,B26,1,1,1.0
2017-4,E01000307,B14,1,1,1.0
2017-4,E01000314,B17,1,1,1.0
2017-4,E01000314,B26,2,1,2.0
2017-4,E01000315,B13,1,1,1.0
2017-4,E01000316,B25,1,1,1.0
2017-4,E01000321,B26,1,1,1.0
2017-4,E01000324,B19,1,1,1.0
2017-4,E01000326,B26,1,1,1.0
2017-4,E01000335,B19,1,1,1.0
2017-4,E01000335,B26,1,1,1.0
2017-4,E01000336,B26,1,1,1.0
2017-4,E01000339,B16,1,1,1.0
2017-4,E01000343,B19,1,1,1.0
2017-4,E01000344,B19,1,1,1.0
2017-4,E01000344,B26,1,1,1.0
2017-4,E01000345,B19,1,1,1.0
2017-4,E01000346,B25,1,1,1.0
2017-4,E01000350,B18,1,1,1.0
2017-4,E01000353,B19,1,1,1.0
2017-4,E01000363,B14,1,1,1.0
2017-4,E01000368,B26,1,1,1.0
2017-4,E01000374,B25,1,1,1.0
2017-4,E01000376,B26,1,1,1.0
2017-4,E01000378,B18,1,1,1.0
2017-4,E01000378,B26,1,1,1.0
2017-4,E01000381,B24,1,1,1.0
2017-4,E01000386,B26,1,1,1.0
2017-4,E01000388,B15,1,1,1.0
2017-4,E01000390,B14,1,1,1.0
2017-4,E01000410,B18,1,1,1.0
2017-4,E01000412,B18,1,1,1.0
2017-4,E01000414,B14,1,1,1.0
2017-4,E01000415,B14,1,1,1.0
2017-4,E01000415,B26,2,1,2.0
2017-4,E01000417,B1,1,1,1.0
2017-4,E01000418,B26,1,1,1.0
2017-4,E01000422,B26,1,1,1.0
2017-4,E01000428,B14,1,1,1.0
2017-4,E01000428,B24,1,1,1.0
2017-4,E01000428,B26,2,1,2.0
2017-4,E01000430,B16,1,1,1.0
2017-4,E01000432,B26,1,1,1.0
2017-4,E01000433,B4,1,1,1.0
2017-4,E01000438,B26,2,2,1.0
2017-4,E01000450,B26,1,1,1.0
2017-4,E01000455,B26,1,1,1.0
2017-4,E01000463,B28,1,1,1.0
2017-4,E01000466,B19,1,1,1.0
2017-4,E01000466,B26,1,1,1.0
2017-4,E01000467,B26,1,1,1.0
2017-4,E01000468,B26,2,1,2.0
2017-4,E01000470,B24,1,1,1.0
2017-4,E01000475,B25,1,1,1.0
2017-4,E01000497,B26,2,1,2.0
2017-4,E01000507,B13,1,1,1.0
2017-4,E01000507,B25,1,1,1.0
2017-4,E01000507,B28,1,1,1.0
2017-4,E01000512,B25,1,1,1.0
2017-4,E01000532,B26,1,1,1.0
2017-4,E01000548,B16,1,1,1.0
2017-4,E01000548,B24,1,1,1.0
2017-4,E01000548,B26,1,1,1.0
2017-4,E01000555,B13,1,1,1.0
2017-4,E01000555,B25,1,1,1.0
2017-4,E01000561,B16,1,1,1.0
2017-4,E01000564,B25,1,1,1.0
2017-4,E01000565,B25,1,1,1.0
2017-4,E01000568,B25,1,1,1.0
2017-4,E01000578,B26,2,2,1.0
2017-4,E01000586,B17,1,1,1.0
2017-4,E01000586,B24,1,1,1.0
2017-4,E01000591,B26,1,1,1.0
2017-4,E01000592,B26,2,1,2.0
2017-4,E01000594,B26,1,1,1.0
2017-4,E01000600,B26,2,1,2.0
2017-4,E01000605,B26,3,1,3.0
2017-4,E01000608,B25,1,1,1.0
2017-4,E01000629,B25,1,1,1.0
2017-4,E01000632,B26,1,1,1.0
2017-4,E01000641,B26,1,1,1.0
2017-4,E01000645,B1,2,2,1.0
2017-4,E01000645,B25,2,2,1.0
2017-4,E01000645,B26,4,3,1.3333333333333333
2017-4,E01000646,B19,1,1,1.0
2017-4,E01000646,B23,1,1,1.0
2017-4,E01000646,B25,1,1,1.0
2017-4,E01000646,B28,1,1,1.0
2017-4,E01000647,B1,1,1,1.0
2017-4,E01000647,B14,2,2,1.0
2017-4,E01000647,B17,1,1,1.0
2017-4,E01000647,B19,1,1,1.0
2017-4,E01000647,B23,1,1,1.0
2017-4,E01000647,B28,1,1,1.0
2017-4,E01000647,B8,2,2,1.0
2017-4,E01000648,B19,2,1,2.0
2017-4,E01000648,B25,2,2,1.0
2017-4,E01000649,B26,1,1,1.0
2017-4,E01000649,B28,1,1,1.0
2017-4,E01000650,B17,1,1,1.0
2017-4,E01000650,B23,1,1,1.0
2017-4,E01000650,B26,2,2,1.0
2017-4,E01000651,B17,2,1,2.0
2017-4,E01000651,B25,1,1,1.0
2017-4,E01000651,B26,1,1,1.0
2017-4,E01000651,B28,1,1,1.0
2017-4,E01000652,B17,1,1,1.0
2017-4,E01000652,B19,1,1,1.0
2017-4,E01000653,B1,4,4,1.0
2017-4,E01000653,B19,1,1,1.0
2017-4,E01000653,B25,1,1,1.0
2017-4,E01000653,B28,1,1,1.0
2017-4,E01000654,B17,2,2,1.0
2017-4,E01000654,B25,2,2,1.0
2017-4,E01000654,B26,2,1,2.0
2017-4,E01000654,B28,2,2,1.0
2017-4,E01000655,B1,2,2,1.0
2017-4,E01000655,B23,1,1,1.0
2017-4,E01000655,B25,3,3,1.0
2017-4,E01000655,B26,2,1,2.0
2017-4,E01000656,B1,2,2,1.0
2017-4,E01000656,B24,1,1,1.0
2017-4,E01000656,B25,1,1,1.0
2017-4,E01000656,B26,3,2,1.5
2017-4,E01000656,B28,1,1,1.0
2017-4,E01000657,B19,1,1,1.0
2017-4,E01000657,B26,1,1,1.0
2017-4,E01000657,B28,2,2,1.0
2017-4,E01000658,B10,1,1,1.0
2017-4,E01000658,B14,1,1,1.0
2017-4,E01000658,B15,1,1,1.0
2017-4,E01000658,B17,1,1,1.0
2017-4,E01000658,B7,3,1,3.0
2017-4,E01000659,B1,2,2,1.0
2017-4,E01000659,B25,2,2,1.0
2017-4,E01000659,B26,2,2,1.0
2017-4,E01000659,B8,1,1,1.0
2017-4,E01000661,B1,1,1,1.0
2017-4,E01000661,B17,2,2,1.0
2017-4,E01000661,B19,1,1,1.0
2017-4,E01000661,B25,1,1,1.0
2017-4,E01000661,B26,16,3,5.333333333333333
2017-4,E01000661,B8,1,1,1.0
2017-4,E01000662,B19,1,1,1.0
2017-4,E01000662,B23,1,1,1.0
2017-4,E01000662,B24,1,1,1.0
2017-4,E01000662,B25,2,1,2.0
2017-4,E01000662,B26,3,3,1.0
2017-4,E01000662,B28,1,1,1.0
2017-4,E01000662,B8,1,1,1.0
2017-4,E01000663,B1,2,2,1.0
2017-4,E01000663,B17,2,2,1.0
2017-4,E01000663,B26,1,1,1.0
2017-4,E01000663,B28,1,1,1.0
2017-4,E01000664,B17,2,2,1.0
2017-4,E01000664,B19,1,1,1.0
2017-4,E01000664,B24,1,1,1.0
2017-4,E01000664,B26,4,4,1.0
2017-4,E01000664,B8,1,1,1.0
2017-4,E01000665,B17,1,1,1.0
2017-4,E01000665,B24,2,2,1.0
2017-4,E01000665,B25,2,2,1.0
2017-4,E01000665,B26,8,5,1.6
2017-4,E01000665,B8,1,1,1.0
2017-4,E01000666,B1,1,1,1.0
2017-4,E01000666,B15,1,1,1.0
2017-4,E01000666,B17,3,1,3.0
2017-4,E01000666,B19,1,1,1.0
2017-4,E01000666,B23,1,1,1.0
2017-4,E01000666,B25,6,4,1.5
2017-4,E01000666,B26,13,7,1.8571428571428572
2017-4,E01000666,B28,2,1,2.0
2017-4,E01000666,B8,1,1,1.0
2017-4,E01000667,B1,1,1,1.0
2017-4,E01000667,B15,1,1,1.0
2017-4,E01000667,B17,1,1,1.0
2017-4,E01000667,B19,2,2,1.0
2017-4,E01000667,B25,3,2,1.5
2017-4,E01000667,B26,4,3,1.3333333333333333
2017-4,E01000667,B8,1,1,1.0
2017-4,E01000668,B14,3,2,1.5
2017-4,E01000668,B15,1,1,1.0
2017-4,E01000668,B17,1,1,1.0
2017-4,E01000668,B19,2,2,1.0
2017-4,E01000668,B25,3,3,1.0
2017-4,E01000668,B26,12,6,2.0
2017-4,E01000668,B28,1,1,1.0
2017-4,E01000669,B1,1,1,1.0
2017-4,E01000669,B26,4,3,1.3333333333333333
2017-4,E01000669,B7,1,1,1.0
2017-4,E01000670,B17,2,2,1.0
2017-4,E01000670,B19,1,1,1.0
2017-4,E01000670,B23,1,1,1.0
2017-4,E01000670,B25,2,1,2.0
2017-4,E01000670,B26,4,4,1.0
2017-4,E01000670,B28,1,1,1.0
2017-4,E01000671,B19,1,1,1.0
2017-4,E01000671,B25,2,2,1.0
2017-4,E01000671,B26,5,5,1.0
2017-4,E01000672,B1,6,6,1.0
2017-4,E01000672,B14,1,1,1.0
2017-4,E01000672,B19,1,1,1.0
2017-4,E01000672,B25,1,1,1.0
2017-4,E01000672,B26,1,1,1.0
2017-4,E01000673,B14,1,1,1.0
2017-4,E01000673,B17,1,1,1.0
2017-4,E01000673,B19,2,1,2.0
2017-4,E01000673,B25,2,2,1.0
2017-4,E01000673,B26,9,9,1.0
2017-4,E01000674,B1,1,1,1.0
2017-4,E01000674,B25,1,1,1.0
2017-4,E01000674,B26,5,5,1.0
2017-4,E01000675,B14,1,1,1.0
2017-4,E01000675,B15,2,2,1.0
2017-4,E01000675,B17,3,3,1.0
2017-4,E01000675,B19,1,1,1.0
2017-4,E01000675,B26,5,5,1.0
2017-4,E01000675,B28,6,2,3.0
2017-4,E01000675,B7,1,1,1.0
2017-4,E01000676,B14,1,1,1.0
2017-4,E01000676,B23,3,1,3.0
2017-4,E01000676,B25,4,2,2.0
2017-4,E01000676,B26,8,7,1.1428571428571428
2017-4,E01000676,B28,2,1,2.0
2017-4,E01000677,B1,3,3,1.0
2017-4,E01000677,B15,2,2,1.0
2017-4,E01000677,B17,2,2,1.0
2017-4,E01000677,B19,2,2,1.0
2017-4,E01000677,B24,1,1,1.0
2017-4,E01000677,B25,2,2,1.0
2017-4,E01000677,B26,7,4,1.75
2017-4,E01000678,B17,1,1,1.0
2017-4,E01000678,B26,2,2,1.0
2017-4,E01000679,B1,1,1,1.0
2017-4,E01000679,B19,2,2,1.0
2017-4,E01000679,B26,2,2,1.0
2017-4,E01000680,B1,1,1,1.0
2017-4,E01000680,B23,2,2,1.0
2017-4,E01000680,B25,2,2,1.0
2017-4,E01000680,B26,7,7,1.0
2017-4,E01000680,B28,2,2,1.0
2017-4,E01000681,B17,1,1,1.0
2017-4,E01000681,B24,1,1,1.0
2017-4,E01000682,B17,1,1,1.0
2017-4,E01000682,B19,1,1,1.0
2017-4,E01000682,B25,1,1,1.0
2017-4,E01000683,B1,1,1,1.0
2017-4,E01000683,B15,1,1,1.0
2017-4,E01000683,B17,1,1,1.0
2017-4,E01000683,B23,1,1,1.0
2017-4,E01000683,B26,2,2,1.0
2017-4,E01000683,B28,4,3,1.3333333333333333
2017-4,E01000684,B17,3,3,1.0
2017-4,E01000684,B19,2,2,1.0
2017-4,E01000684,B25,3,3,1.0
2017-4,E01000684,B26,1,1,1.0
2017-4,E01000684,B8,1,1,1.0
2017-4,E01000685,B1,1,1,1.0
2017-4,E01000685,B19,1,1,1.0
2017-4,E01000685,B24,1,1,1.0
2017-4,E01000685,B26,12,10,1.2
2017-4,E01000686,B19,1,1,1.0
2017-4,E01000686,B28,1,1,1.0
2017-4,E01000687,B14,1,1,1.0
2017-4,E01000687,B17,1,1,1.0
2017-4,E01000687,B19,2,2,1.0
2017-4,E01000687,B8,1,1,1.0
2017-4,E01000688,B1,2,2,1.0
2017-4,E01000688,B24,1,1,1.0
2017-4,E01000688,B25,1,1,1.0
2017-4,E01000689,B17,1,1,1.0
2017-4,E01000689,B26,1,1,1.0
2017-4,E01000689,B28,1,1,1.0
2017-4,E01000690,B17,2,2,1.0
2017-4,E01000690,B25,1,1,1.0
2017-4,E01000690,B26,4,4,1.0
2017-4,E01000690,B28,2,2,1.0
2017-4,E01000691,B19,3,3,1.0
2017-4,E01000691,B25,3,3,1.0
2017-4,E01000691,B26,3,2,1.5
2017-4,E01000692,B1,2,2,1.0
2017-4,E01000692,B17,1,1,1.0
2017-4,E01000692,B19,2,2,1.0
2017-4,E01000692,B23,1,1,1.0
2017-4,E01000692,B25,2,2,1.0
2017-4,E01000692,B26,4,3,1.3333333333333333
2017-4,E01000692,B28,1,1,1.0
2017-4,E01000692,B8,1,1,1.0
2017-4,E01000693,B1,2,2,1.0
2017-4,E01000693,B25,1,1,1.0
2017-4,E01000693,B26,7,4,1.75
2017-4,E01000693,B8,1,1,1.0
2017-4,E01000694,B14,1,1,1.0
2017-4,E01000694,B19,1,1,1.0
2017-4,E01000694,B25,1,1,1.0
2017-4,E01000694,B26,7,3,2.3333333333333335
2017-4,E01000694,B28,1,1,1.0
2017-4,E01000695,B1,3,3,1.0
2017-4,E01000695,B14,8,1,8.0
2017-4,E01000695,B25,1,1,1.0
2017-4,E01000695,B26,3,3,1.0
2017-4,E01000696,B19,5,3,1.6666666666666667
2017-4,E01000696,B25,6,4,1.5
2017-4,E01000696,B26,3,2,1.5
2017-4,E01000697,B17,1,1,1.0
2017-4,E01000697,B19,2,1,2.0
2017-4,E01000697,B23,1,1,1.0
2017-4,E01000697,B28,1,1,1.0
2017-4,E01000697,B8,1,1,1.0
2017-4,E01000698,B1,1,1,1.0
2017-4,E01000698,B17,1,1,1.0
2017-4,E01000698,B23,1,1,1.0
2017-4,E01000698,B25,4,3,1.3333333333333333
2017-4,E01000698,B26,3,2,1.5
2017-4,E01000698,B28,2,2,1.0
2017-4,E01000698,B7,1,1,1.0
2017-4,E01000699,B1,1,1,1.0
2017-4,E01000699,B25,1,1,1.0
2017-4,E01000699,B26,7,7,1.0
2017-4,E01000699,B8,1,1,1.0
2017-4,E01000700,B17,1,1,1.0
2017-4,E01000700,B26,5,5,1.0
2017-4,E01000701,B26,7,4,1.75
2017-4,E01000701,B28,1,1,1.0
2017-4,E01000701,B8,1,1,1.0
2017-4,E01000702,B17,1,1,1.0
2017-4,E01000702,B23,1,1,1.0
2017-4,E01000702,B26,2,1,2.0
2017-4,E01000703,B17,2,2,1.0
2017-4,E01000703,B26,5,4,1.25
2017-4,E01000704,B1,2,2,1.0
2017-4,E01000704,B17,1,1,1.0
2017-4,E01000704,B26,12,11,1.0909090909090908
2017-4,E01000705,B25,1,1,1.0
2017-4,E01000705,B26,4,4,1.0
2017-4,E01000706,B23,1,1,1.0
2017-4,E01000707,B17,2,2,1.0
2017-4,E01000707,B26,1,1,1.0
2017-4,E01000708,B1,1,1,1.0
2017-4,E01000708,B17,1,1,1.0
2017-4,E01000708,B19,1,1,1.0
2017-4,E01000708,B24,2,2,1.0
2017-4,E01000708,B26,3,2,1.5
2017-4,E01000708,B28,1,1,1.0
2017-4,E01000708,B8,1,1,1.0
2017-4,E01000709,B1,2,2,1.0
2017-4,E01000710,B14,3,2,1.5
2017-4,E01000710,B23,1,1,1.0
2017-4,E01000710,B26,4,4,1.0
2017-4,E01000710,B28,1,1,1.0
2017-4,E01000711,B17,1,1,1.0
2017-4,E01000711,B26,4,4,1.0
2017-4,E01000711,B7,1,1,1.0
2017-4,E01000712,B1,2,2,1.0
2017-4,E01000712,B28,1,1,1.0
2017-4,E01000713,B1,2,2,1.0
2017-4,E01000713,B14,2,1,2.0
2017-4,E01000713,B15,1,1,1.0
2017-4,E01000713,B19,1,1,1.0
2017-4,E01000713,B25,2,2,1.0
2017-4,E01000713,B26,3,2,1.5
2017-4,E01000713,B8,1,1,1.0
2017-4,E01000714,B17,1,1,1.0
2017-4,E01000714,B19,3,3,1.0
2017-4,E01000714,B25,1,1,1.0
2017-4,E01000714,B26,4,3,1.3333333333333333
2017-4,E01000715,B14,1,1,1.0
2017-4,E01000715,B17,2,2,1.0
2017-4,E01000715,B26,4,1,4.0
2017-4,E01000715,B28,1,1,1.0
2017-4,E01000716,B1,1,1,1.0
2017-4,E01000716,B19,1,1,1.0
2017-4,E01000716,B26,3,3,1.0
2017-4,E01000716,B28,1,1,1.0
2017-4,E01000716,B7,1,1,1.0
2017-4,E01000717,B1,1,1,1.0
2017-4,E01000717,B23,1,1,1.0
2017-4,E01000717,B24,1,1,1.0
2017-4,E01000717,B26,1,1,1.0
2017-4,E01000717,B28,1,1,1.0
2017-4,E01000718,B25,1,1,1.0
2017-4,E01000718,B26,9,6,1.5
2017-4,E01000718,B8,1,1,1.0
2017-4,E01000719,B1,2,2,1.0
2017-4,E01000719,B17,1,1,1.0
2017-4,E01000719,B26,10,5,2.0
2017-4,E01000720,B1,1,1,1.0
2017-4,E01000720,B17,1,1,1.0
2017-4,E01000720,B19,2,1,2.0
2017-4,E01000720,B24,1,1,1.0
2017-4,E01000720,B26,22,20,1.1
2017-4,E01000720,B7,1,1,1.0
2017-4,E01000721,B1,4,3,1.3333333333333333
2017-4,E01000721,B25,1,1,1.0
2017-4,E01000721,B26,4,2,2.0
2017-4,E01000722,B1,2,2,1.0
2017-4,E01000722,B15,3,2,1.5
2017-4,E01000722,B24,1,1,1.0
2017-4,E01000722,B25,1,1,1.0
2017-4,E01000722,B26,7,4,1.75
2017-4,E01000723,B1,1,1,1.0
2017-4,E01000723,B17,1,1,1.0
2017-4,E01000723,B25,1,1,1.0
2017-4,E01000723,B26,3,2,1.5
2017-4,E01000724,B1,1,1,1.0
2017-4,E01000724,B19,1,1,1.0
2017-4,E01000724,B26,5,5,1.0
2017-4,E01000724,B28,1,1,1.0
2017-4,E01000725,B1,3,3,1.0
2017-4,E01000725,B15,1,1,1.0
2017-4,E01000725,B17,5,2,2.5
2017-4,E01000725,B26,12,5,2.4
2017-4,E01000726,B1,1,1,1.0
2017-4,E01000726,B15,1,1,1.0
2017-4,E01000726,B17,1,1,1.0
2017-4,E01000726,B26,3,2,1.5
2017-4,E01000727,B15,1,1,1.0
2017-4,E01000727,B24,1,1,1.0
2017-4,E01000727,B26,3,3,1.0
2017-4,E01000727,B28,1,1,1.0
2017-4,E01000728,B14,1,1,1.0
2017-4,E01000728,B15,1,1,1.0
2017-4,E01000728,B17,1,1,1.0
2017-4,E01000728,B23,1,1,1.0
2017-4,E01000728,B25,1,1,1.0
2017-4,E01000728,B26,5,4,1.25
2017-4,E01000728,B28,1,1,1.0
2017-4,E01000729,B26,4,4,1.0
2017-4,E01000729,B28,3,1,3.0
2017-4,E01000730,B1,3,2,1.5
2017-4,E01000730,B14,1,1,1.0
2017-4,E01000730,B25,4,4,1.0
2017-4,E01000730,B26,13,9,1.4444444444444444
2017-4,E01000730,B28,1,1,1.0
2017-4,E01000730,B7,2,2,1.0
2017-4,E01000731,B26,4,4,1.0
2017-4,E01000732,B17,2,1,2.0
2017-4,E01000732,B25,1,1,1.0
2017-4,E01000732,B26,5,1,5.0
2017-4,E01000732,B28,1,1,1.0
2017-4,E01000733,B23,1,1,1.0
2017-4,E01000733,B26,8,6,1.3333333333333333
2017-4,E01000734,B17,1,1,1.0
2017-4,E01000734,B19,2,1,2.0
2017-4,E01000734,B23,1,1,1.0
2017-4,E01000734,B26,1,1,1.0
2017-4,E01000734,B28,1,1,1.0
2017-4,E01000734,B7,1,1,1.0
2017-4,E01000735,B14,1,1,1.0
2017-4,E01000735,B17,1,1,1.0
2017-4,E01000735,B24,1,1,1.0
2017-4,E01000735,B26,4,3,1.3333333333333333
2017-4,E01000736,B15,1,1,1.0
2017-4,E01000736,B17,1,1,1.0
2017-4,E01000736,B19,2,1,2.0
2017-4,E01000736,B23,1,1,1.0
2017-4,E01000736,B26,2,2,1.0
2017-4,E01000736,B28,1,1,1.0
2017-4,E01000737,B19,3,3,1.0
2017-4,E01000737,B26,1,1,1.0
2017-4,E01000738,B1,1,1,1.0
2017-4,E01000738,B15,1,1,1.0
2017-4,E01000738,B17,1,1,1.0
2017-4,E01000738,B19,1,1,1.0
2017-4,E01000738,B25,2,2,1.0
2017-4,E01000738,B26,1,1,1.0
2017-4,E01000738,B28,1,1,1.0
2017-4,E01000739,B24,1,1,1.0
2017-4,E01000739,B26,2,2,1.0
2017-4,E01000740,B1,4,4,1.0
2017-4,E01000740,B14,11,6,1.8333333333333333
2017-4,E01000740,B26,4,3,1.3333333333333333
2017-4,E01000741,B1,1,1,1.0
2017-4,E01000741,B26,6,5,1.2
2017-4,E01000741,B28,1,1,1.0
2017-4,E01000742,B26,15,6,2.5
2017-4,E01000742,B28,1,1,1.0
2017-4,E01000742,B7,1,1,1.0
2017-4,E01000742,B8,1,1,1.0
2017-4,E01000743,B1,1,1,1.0
2017-4,E01000743,B17,1,1,1.0
2017-4,E01000743,B26,6,5,1.2
2017-4,E01000744,B1,1,1,1.0
2017-4,E01000744,B17,1,1,1.0
2017-4,E01000744,B26,7,6,1.1666666666666667
2017-4,E01000745,B14,5,2,2.5
2017-4,E01000745,B26,4,3,1.3333333333333333
2017-4,E01000745,B8,4,3,1.3333333333333333
2017-4,E01000746,B1,2,2,1.0
2017-4,E01000746,B14,6,3,2.0
2017-4,E01000746,B17,2,2,1.0
2017-4,E01000746,B25,3,3,1.0
2017-4,E01000746,B26,12,9,1.3333333333333333
2017-4,E01000747,B1,2,2,1.0
2017-4,E01000747,B25,3,3,1.0
2017-4,E01000747,B26,4,2,2.0
2017-4,E01000748,B1,2,2,1.0
2017-4,E01000748,B17,1,1,1.0
2017-4,E01000748,B19,1,1,1.0
2017-4,E01000748,B26,4,4,1.0
2017-4,E01000749,B1,1,1,1.0
2017-4,E01000749,B25,4,3,1.3333333333333333
2017-4,E01000749,B26,10,6,1.6666666666666667
2017-4,E01000749,B7,1,1,1.0
2017-4,E01000749,B8,1,1,1.0
2017-4,E01000750,B1,1,1,1.0
2017-4,E01000750,B23,1,1,1.0
2017-4,E01000750,B26,1,1,1.0
2017-4,E01000750,B28,2,2,1.0
2017-4,E01000751,B1,5,5,1.0
2017-4,E01000751,B15,2,2,1.0
2017-4,E01000751,B17,1,1,1.0
2017-4,E01000751,B19,1,1,1.0
2017-4,E01000751,B23,1,1,1.0
2017-4,E01000751,B26,1,1,1.0
2017-4,E01000752,B15,5,4,1.25
2017-4,E01000752,B17,2,2,1.0
2017-4,E01000752,B26,7,6,1.1666666666666667
2017-4,E01000752,B28,2,1,2.0
2017-4,E01000753,B17,3,3,1.0
2017-4,E01000753,B19,2,2,1.0
2017-4,E01000753,B23,1,1,1.0
2017-4,E01000753,B25,5,3,1.6666666666666667
2017-4,E01000753,B26,2,2,1.0
2017-4,E01000753,B28,1,1,1.0
2017-4,E01000754,B17,2,1,2.0
2017-4,E01000754,B19,1,1,1.0
2017-4,E01000754,B25,2,1,2.0
2017-4,E01000754,B26,2,2,1.0
2017-4,E01000754,B28,2,2,1.0
2017-4,E01000755,B17,1,1,1.0
2017-4,E01000755,B19,1,1,1.0
2017-4,E01000755,B25,1,1,1.0
2017-4,E01000756,B1,1,1,1.0
2017-4,E01000756,B19,2,2,1.0
2017-4,E01000756,B25,1,1,1.0
2017-4,E01000756,B26,1,1,1.0
2017-4,E01000757,B1,2,2,1.0
2017-4,E01000757,B17,3,3,1.0
2017-4,E01000757,B19,2,2,1.0
2017-4,E01000757,B25,2,2,1.0
2017-4,E01000758,B19,2,2,1.0
2017-4,E01000758,B8,2,2,1.0
2017-4,E01000759,B1,1,1,1.0
2017-4,E01000759,B15,1,1,1.0
2017-4,E01000759,B17,2,2,1.0
2017-4,E01000759,B23,1,1,1.0
2017-4,E01000759,B24,2,2,1.0
2017-4,E01000759,B25,5,3,1.6666666666666667
2017-4,E01000759,B26,9,5,1.8
2017-4,E01000759,B28,1,1,1.0
2017-4,E01000760,B1,1,1,1.0
2017-4,E01000760,B14,1,1,1.0
2017-4,E01000760,B17,1,1,1.0
2017-4,E01000760,B26,4,2,2.0
2017-4,E01000760,B28,1,1,1.0
2017-4,E01000761,B1,1,1,1.0
2017-4,E01000761,B17,2,2,1.0
2017-4,E01000761,B25,1,1,1.0
2017-4,E01000761,B26,1,1,1.0
2017-4,E01000762,B25,1,1,1.0
2017-4,E01000762,B26,2,2,1.0
2017-4,E01000762,B28,5,4,1.25
2017-4,E01000763,B17,2,2,1.0
2017-4,E01000763,B24,1,1,1.0
2017-4,E01000763,B25,4,2,2.0
2017-4,E01000763,B26,1,1,1.0
2017-4,E01000763,B28,1,1,1.0
2017-4,E01000764,B14,3,3,1.0
2017-4,E01000764,B15,2,2,1.0
2017-4,E01000764,B17,3,3,1.0
2017-4,E01000764,B19,1,1,1.0
2017-4,E01000764,B25,2,2,1.0
2017-4,E01000764,B26,1,1,1.0
2017-4,E01000764,B7,1,1,1.0
2017-4,E01000765,B1,2,2,1.0
2017-4,E01000765,B14,1,1,1.0
2017-4,E01000765,B25,1,1,1.0
2017-4,E01000765,B26,13,7,1.8571428571428572
2017-4,E01000765,B28,1,1,1.0
2017-4,E01000766,B17,2,2,1.0
2017-4,E01000766,B19,1,1,1.0
2017-4,E01000766,B25,1,1,1.0
2017-4,E01000766,B7,1,1,1.0
2017-4,E01000767,B17,1,1,1.0
2017-4,E01000767,B19,1,1,1.0
2017-4,E01000767,B26,2,1,2.0
2017-4,E01000767,B28,3,3,1.0
2017-4,E01000768,B17,4,4,1.0
2017-4,E01000768,B19,1,1,1.0
2017-4,E01000768,B25,2,2,1.0
2017-4,E01000768,B26,2,2,1.0
2017-4,E01000769,B1,1,1,1.0
2017-4,E01000769,B26,2,2,1.0
2017-4,E01000770,B15,1,1,1.0
2017-4,E01000770,B19,1,1,1.0
2017-4,E01000770,B25,1,1,1.0
2017-4,E01000770,B26,3,3,1.0
2017-4,E01000771,B17,2,2,1.0
2017-4,E01000771,B26,10,4,2.5
2017-4,E01000771,B28,2,2,1.0
2017-4,E01000772,B1,1,1,1.0
2017-4,E01000772,B25,1,1,1.0
2017-4,E01000772,B28,1,1,1.0
2017-4,E01000773,B1,1,1,1.0
2017-4,E01000773,B26,2,2,1.0
2017-4,E01000773,B28,2,2,1.0
2017-4,E01000774,B1,1,1,1.0
2017-4,E01000774,B17,2,2,1.0
2017-4,E01000774,B23,1,1,1.0
2017-4,E01000774,B26,2,2,1.0
2017-4,E01000775,B17,2,2,1.0
2017-4,E01000775,B23,2,2,1.0
2017-4,E01000775,B24,2,1,2.0
2017-4,E01000775,B26,3,2,1.5
2017-4,E01000777,B26,2,2,1.0
2017-4,E01000778,B26,1,1,1.0
2017-4,E01000779,B1,1,1,1.0
2017-4,E01000779,B25,1,1,1.0
2017-4,E01000779,B26,3,3,1.0
2017-4,E01000780,B1,1,1,1.0
2017-4,E01000780,B17,1,1,1.0
2017-4,E01000781,B1,1,1,1.0
2017-4,E01000781,B24,1,1,1.0
2017-4,E01000781,B26,1,1,1.0
2017-4,E01000782,B26,5,1,5.0
2017-4,E01000783,B1,1,1,1.0
2017-4,E01000783,B24,1,1,1.0
2017-4,E01000783,B26,4,4,1.0
2017-4,E01000784,B17,1,1,1.0
2017-4,E01000784,B26,5,3,1.6666666666666667
2017-4,E01000785,B26,4,4,1.0
2017-4,E01000786,B17,1,1,1.0
2017-4,E01000786,B26,6,3,2.0
2017-4,E01000786,B28,1,1,1.0
2017-4,E01000787,B1,4,3,1.3333333333333333
2017-4,E01000787,B15,1,1,1.0
2017-4,E01000787,B19,1,1,1.0
2017-4,E01000787,B26,5,5,1.0
2017-4,E01000788,B1,1,1,1.0
2017-4,E01000788,B15,3,3,1.0
2017-4,E01000788,B17,2,2,1.0
2017-4,E01000788,B19,1,1,1.0
2017-4,E01000788,B24,1,1,1.0
2017-4,E01000788,B26,6,4,1.5
2017-4,E01000789,B1,1,1,1.0
2017-4,E01000789,B17,1,1,1.0
2017-4,E01000789,B26,2,2,1.0
2017-4,E01000790,B14,2,2,1.0
2017-4,E01000790,B17,3,3,1.0
2017-4,E01000790,B25,1,1,1.0
2017-4,E01000790,B26,4,4,1.0
2017-4,E01000790,B28,4,3,1.3333333333333333
2017-4,E01000790,B7,1,1,1.0
2017-4,E01000791,B17,1,1,1.0
2017-4,E01000791,B26,3,2,1.5
2017-4,E01000792,B17,2,2,1.0
2017-4,E01000792,B24,2,1,2.0
2017-4,E01000792,B26,3,3,1.0
2017-4,E01000793,B17,1,1,1.0
2017-4,E01000793,B23,1,1,1.0
2017-4,E01000793,B26,2,2,1.0
2017-4,E01000793,B28,2,2,1.0
2017-4,E01000794,B17,2,2,1.0
2017-4,E01000794,B24,2,1,2.0
2017-4,E01000794,B26,1,1,1.0
2017-4,E01000795,B17,3,2,1.5
2017-4,E01000795,B8,1,1,1.0
2017-4,E01000796,B26,4,4,1.0
2017-4,E01000797,B15,1,1,1.0
2017-4,E01000797,B17,1,1,1.0
2017-4,E01000797,B23,1,1,1.0
2017-4,E01000797,B25,2,2,1.0
2017-4,E01000797,B26,13,8,1.625
2017-4,E01000797,B28,1,1,1.0
2017-4,E01000798,B26,3,3,1.0
2017-4,E01000799,B1,2,2,1.0
2017-4,E01000799,B19,2,2,1.0
2017-4,E01000799,B23,1,1,1.0
2017-4,E01000799,B24,1,1,1.0
2017-4,E01000799,B26,9,9,1.0
2017-4,E01000799,B7,1,1,1.0
2017-4,E01000800,B1,4,3,1.3333333333333333
2017-4,E01000800,B19,1,1,1.0
2017-4,E01000800,B26,9,7,1.2857142857142858
2017-4,E01000801,B14,1,1,1.0
2017-4,E01000801,B26,3,3,1.0
2017-4,E01000801,B28,1,1,1.0
2017-4,E01000802,B1,1,1,1.0
2017-4,E01000802,B14,1,1,1.0
2017-4,E01000802,B17,1,1,1.0
2017-4,E01000802,B23,2,1,2.0
2017-4,E01000802,B26,9,7,1.2857142857142858
2017-4,E01000803,B1,1,1,1.0
2017-4,E01000803,B14,3,2,1.5
2017-4,E01000803,B17,1,1,1.0
2017-4,E01000803,B26,4,3,1.3333333333333333
2017-4,E01000803,B7,1,1,1.0
2017-4,E01000804,B15,1,1,1.0
2017-4,E01000804,B17,2,2,1.0
2017-4,E01000804,B23,1,1,1.0
2017-4,E01000804,B26,13,9,1.4444444444444444
2017-4,E01000804,B8,1,1,1.0
2017-4,E01000805,B17,1,1,1.0
2017-4,E01000805,B19,1,1,1.0
2017-4,E01000805,B23,1,1,1.0
2017-4,E01000805,B25,1,1,1.0
2017-4,E01000805,B26,13,9,1.4444444444444444
2017-4,E01000805,B28,2,2,1.0
2017-4,E01000805,B8,2,1,2.0
2017-4,E01000806,B1,2,1,2.0
2017-4,E01000806,B15,1,1,1.0
2017-4,E01000806,B23,1,1,1.0
2017-4,E01000806,B26,12,8,1.5
2017-4,E01000806,B8,3,3,1.0
2017-4,E01000807,B1,1,1,1.0
2017-4,E01000807,B14,1,1,1.0
2017-4,E01000807,B15,1,1,1.0
2017-4,E01000807,B19,2,2,1.0
2017-4,E01000807,B25,1,1,1.0
2017-4,E01000807,B26,2,2,1.0
2017-4,E01000807,B28,1,1,1.0
2017-4,E01000807,B8,1,1,1.0
2017-4,E01000808,B1,1,1,1.0
2017-4,E01000808,B17,1,1,1.0
2017-4,E01000808,B26,3,3,1.0
2017-4,E01000808,B28,1,1,1.0
2017-4,E01000809,B14,1,1,1.0
2017-4,E01000809,B24,1,1,1.0
2017-4,E01000809,B25,1,1,1.0
2017-4,E01000809,B26,3,2,1.5
2017-4,E01000809,B28,2,2,1.0
2017-4,E01000809,B8,1,1,1.0
2017-4,E01000810,B1,2,2,1.0
2017-4,E01000811,B1,1,1,1.0
2017-4,E01000811,B19,3,2,1.5
2017-4,E01000811,B25,2,2,1.0
2017-4,E01000811,B26,3,3,1.0
2017-4,E01000811,B28,3,3,1.0
2017-4,E01000812,B26,1,1,1.0
2017-4,E01000812,B28,1,1,1.0
2017-4,E01000812,B8,2,2,1.0
2017-4,E01000813,B1,1,1,1.0
2017-4,E01000813,B17,1,1,1.0
2017-4,E01000814,B19,1,1,1.0
2017-4,E01000814,B26,1,1,1.0
2017-4,E01000815,B15,1,1,1.0
2017-4,E01000815,B23,2,2,1.0
2017-4,E01000815,B25,1,1,1.0
2017-4,E01000815,B26,3,3,1.0
2017-4,E01000816,B1,1,1,1.0
2017-4,E01000816,B26,2,2,1.0
2017-4,E01000818,B17,1,1,1.0
2017-4,E01000818,B23,1,1,1.0
2017-4,E01000818,B26,1,1,1.0
2017-4,E01000819,B1,3,3,1.0
2017-4,E01000819,B14,1,1,1.0
2017-4,E01000819,B26,4,3,1.3333333333333333
2017-4,E01000820,B19,1,1,1.0
2017-4,E01000820,B26,1,1,1.0
2017-4,E01000820,B28,1,1,1.0
2017-4,E01000822,B25,1,1,1.0
2017-4,E01000822,B26,2,2,1.0
2017-4,E01000823,B17,1,1,1.0
2017-4,E01000823,B19,1,1,1.0
2017-4,E01000823,B26,3,2,1.5
2017-4,E01000824,B1,2,2,1.0
2017-4,E01000824,B17,3,3,1.0
2017-4,E01000824,B25,1,1,1.0
2017-4,E01000824,B26,1,1,1.0
2017-4,E01000824,B28,2,2,1.0
2017-4,E01000825,B23,1,1,1.0
2017-4,E01000825,B26,1,1,1.0
2017-4,E01000825,B8,2,2,1.0
2017-4,E01000826,B1,1,1,1.0
2017-4,E01000826,B17,2,2,1.0
2017-4,E01000826,B26,2,1,2.0
2017-4,E01000826,B28,2,2,1.0
2017-4,E01000827,B14,2,2,1.0
2017-4,E01000827,B19,1,1,1.0
2017-4,E01000827,B25,1,1,1.0
2017-4,E01000827,B28,1,1,1.0
2017-4,E01000828,B17,1,1,1.0
2017-4,E01000828,B19,1,1,1.0
2017-4,E01000828,B25,1,1,1.0
2017-4,E01000828,B26,4,2,2.0
2017-4,E01000828,B7,1,1,1.0
2017-4,E01000829,B19,1,1,1.0
2017-4,E01000829,B26,4,3,1.3333333333333333
2017-4,E01000830,B1,1,1,1.0
2017-4,E01000830,B19,1,1,1.0
2017-4,E01000830,B26,2,2,1.0
2017-4,E01000830,B28,1,1,1.0
2017-4,E01000831,B19,1,1,1.0
2017-4,E01000831,B25,2,2,1.0
2017-4,E01000831,B26,1,1,1.0
2017-4,E01000832,B1,1,1,1.0
2017-4,E01000832,B17,1,1,1.0
2017-4,E01000832,B19,2,2,1.0
2017-4,E01000832,B24,1,1,1.0
2017-4,E01000832,B25,1,1,1.0
2017-4,E01000832,B26,2,2,1.0
2017-4,E01000832,B28,2,2,1.0
2017-4,E01000832,B8,1,1,1.0
2017-4,E01000833,B17,2,2,1.0
2017-4,E01000833,B19,1,1,1.0
2017-4,E01000833,B25,1,1,1.0
2017-4,E01000833,B26,3,3,1.0
2017-4,E01000833,B28,2,2,1.0
2017-4,E01000834,B17,1,1,1.0
2017-4,E01000834,B19,2,1,2.0
2017-4,E01000834,B7,1,1,1.0
2017-4,E01000835,B25,2,2,1.0
2017-4,E01000835,B26,2,2,1.0
2017-4,E01000835,B28,2,2,1.0
2017-4,E01000835,B7,1,1,1.0
2017-4,E01000836,B1,1,1,1.0
2017-4,E01000836,B17,1,1,1.0
2017-4,E01000836,B26,3,2,1.5
2017-4,E01000837,B1,1,1,1.0
2017-4,E01000837,B17,2,2,1.0
2017-4,E01000837,B26,4,3,1.3333333333333333
2017-4,E01000838,B17,3,3,1.0
2017-4,E01000838,B25,1,1,1.0
2017-4,E01000838,B26,2,1,2.0
2017-4,E01000839,B28,1,1,1.0
2017-4,E01000840,B1,2,2,1.0
2017-4,E01000840,B17,2,2,1.0
2017-4,E01000840,B24,1,1,1.0
2017-4,E01000841,B1,1,1,1.0
2017-4,E01000841,B19,4,4,1.0
2017-4,E01000841,B24,2,2,1.0
2017-4,E01000841,B26,1,1,1.0
2017-4,E01000850,B26,1,1,1.0
2017-4,E01000860,B16,1,1,1.0
2017-4,E01000865,B13,1,1,1.0
2017-4,E01000870,B17,2,1,2.0
2017-4,E01000870,B19,1,1,1.0
2017-4,E01000870,B28,2,1,2.0
2017-4,E01000871,B16,1,1,1.0
2017-4,E01000872,B26,1,1,1.0
2017-4,E01000873,B26,1,1,1.0
2017-4,E01000878,B19,1,1,1.0
2017-4,E01000894,B13,1,1,1.0
2017-4,E01000895,B26,2,2,1.0
2017-4,E01000896,B16,1,1,1.0
2017-4,E01000896,B26,1,1,1.0
2017-4,E01000897,B19,1,1,1.0
2017-4,E01000899,B26,1,1,1.0
2017-4,E01000899,B28,1,1,1.0
2017-4,E01000908,B26,3,1,3.0
2017-4,E01000909,B28,1,1,1.0
2017-4,E01000913,B25,1,1,1.0
2017-4,E01000914,B13,1,1,1.0
2017-4,E01000915,B24,1,1,1.0
2017-4,E01000920,B1,1,1,1.0
2017-4,E01000922,B24,1,1,1.0
2017-4,E01000922,B26,1,1,1.0
2017-4,E01000927,B26,3,2,1.5
2017-4,E01000932,B26,1,1,1.0
2017-4,E01000936,B24,1,1,1.0
2017-4,E01000937,B26,1,1,1.0
2017-4,E01000938,B26,2,1,2.0
2017-4,E01000939,B24,1,1,1.0
2017-4,E01000940,B24,1,1,1.0
2017-4,E01000945,B16,1,1,1.0
2017-4,E01000970,B19,1,1,1.0
2017-4,E01000970,B26,1,1,1.0
2017-4,E01000981,B26,3,1,3.0
2017-4,E01000983,B1,2,2,1.0
2017-4,E01000992,B26,1,1,1.0
2017-4,E01000998,B26,1,1,1.0
2017-4,E01001004,B26,1,1,1.0
2017-4,E01001014,B14,1,1,1.0
2017-4,E01001014,B26,1,1,1.0
2017-4,E01001042,B14,1,1,1.0
2017-4,E01001042,B26,1,1,1.0
2017-4,E01001042,B6,1,1,1.0
2017-4,E01001043,B14,1,1,1.0
2017-4,E01001043,B25,1,1,1.0
2017-4,E01001060,B26,1,1,1.0
2017-4,E01001074,B25,1,1,1.0
2017-4,E01001074,B26,1,1,1.0
2017-4,E01001078,B13,1,1,1.0
2017-4,E01001081,B26,1,1,1.0
2017-4,E01001083,B26,1,1,1.0
2017-4,E01001085,B1,2,2,1.0
2017-4,E01001085,B26,3,1,3.0
2017-4,E01001086,B1,2,2,1.0
2017-4,E01001086,B17,1,1,1.0
2017-4,E01001086,B26,3,2,1.5
2017-4,E01001087,B15,1,1,1.0
2017-4,E01001090,B25,1,1,1.0
2017-4,E01001098,B26,1,1,1.0
2017-4,E01001109,B26,1,1,1.0
2017-4,E01001111,B26,3,2,1.5
2017-4,E01001113,B1,1,1,1.0
2017-4,E01001113,B26,1,1,1.0
2017-4,E01001115,B18,1,1,1.0
2017-4,E01001120,B26,1,1,1.0
2017-4,E01001132,B24,1,1,1.0
2017-4,E01001133,B1,1,1,1.0
2017-4,E01001135,B24,1,1,1.0
2017-4,E01001136,B26,1,1,1.0
2017-4,E01001137,B13,1,1,1.0
2017-4,E01001137,B25,1,1,1.0
2017-4,E01001137,B26,3,3,1.0
2017-4,E01001140,B1,1,1,1.0
2017-4,E01001140,B13,1,1,1.0
2017-4,E01001140,B25,1,1,1.0
2017-4,E01001140,B26,1,1,1.0
2017-4,E01001143,B25,2,2,1.0
2017-4,E01001144,B1,1,1,1.0
2017-4,E01001145,B26,1,1,1.0
2017-4,E01001150,B26,1,1,1.0
2017-4,E01001151,B26,1,1,1.0
2017-4,E01001154,B13,1,1,1.0
2017-4,E01001154,B18,1,1,1.0
2017-4,E01001155,B26,1,1,1.0
2017-4,E01001156,B18,1,1,1.0
2017-4,E01001157,B26,3,1,3.0
2017-4,E01001158,B14,1,1,1.0
2017-4,E01001158,B25,1,1,1.0
2017-4,E01001158,B26,5,2,2.5
2017-4,E01001164,B13,1,1,1.0
2017-4,E01001165,B26,1,1,1.0
2017-4,E01001166,B14,2,1,2.0
2017-4,E01001166,B26,2,1,2.0
2017-4,E01001168,B26,1,1,1.0
2017-4,E01001177,B26,3,1,3.0
2017-4,E01001178,B26,1,1,1.0
2017-4,E01001181,B16,1,1,1.0
2017-4,E01001182,B26,1,1,1.0
2017-4,E01001185,B13,1,1,1.0
2017-4,E01001191,B26,1,1,1.0
2017-4,E01001194,B26,1,1,1.0
2017-4,E01001199,B26,1,1,1.0
2017-4,E01001201,B26,1,1,1.0
2017-4,E01001208,B26,1,1,1.0
2017-4,E01001219,B19,1,1,1.0
2017-4,E01001222,B16,1,1,1.0
2017-4,E01001222,B24,1,1,1.0
2017-4,E01001222,B26,1,1,1.0
2017-4,E01001234,B19,1,1,1.0
2017-4,E01001237,B16,2,2,1.0
2017-4,E01001239,B16,1,1,1.0
2017-4,E01001239,B19,1,1,1.0
2017-4,E01001239,B26,2,1,2.0
2017-4,E01001244,B26,4,1,4.0
2017-4,E01001245,B13,1,1,1.0
2017-4,E01001245,B26,2,1,2.0
2017-4,E01001246,B13,1,1,1.0
2017-4,E01001246,B14,1,1,1.0
2017-4,E01001246,B26,1,1,1.0
2017-4,E01001247,B16,1,1,1.0
2017-4,E01001247,B17,1,1,1.0
2017-4,E01001250,B26,1,1,1.0
2017-4,E01001260,B18,1,1,1.0
2017-4,E01001269,B24,1,1,1.0
2017-4,E01001271,B13,1,1,1.0
2017-4,E01001278,B26,1,1,1.0
2017-4,E01001281,B1,1,1,1.0
2017-4,E01001283,B16,1,1,1.0
2017-4,E01001302,B26,2,2,1.0
2017-4,E01001344,B16,1,1,1.0
2017-4,E01001346,B26,3,1,3.0
2017-4,E01001353,B26,1,1,1.0
2017-4,E01001357,B14,1,1,1.0
2017-4,E01001381,B16,1,1,1.0
2017-4,E01001381,B26,3,1,3.0
2017-4,E01001384,B19,1,1,1.0
2017-4,E01001385,B26,1,1,1.0
2017-4,E01001387,B19,1,1,1.0
2017-4,E01001389,B1,1,1,1.0
2017-4,E01001390,B13,1,1,1.0
2017-4,E01001390,B19,1,1,1.0
2017-4,E01001390,B24,1,1,1.0
2017-4,E01001392,B1,1,1,1.0
2017-4,E01001393,B19,1,1,1.0
2017-4,E01001394,B26,1,1,1.0
2017-4,E01001396,B26,1,1,1.0
2017-4,E01001396,B28,1,1,1.0
2017-4,E01001402,B1,1,1,1.0
2017-4,E01001403,B26,1,1,1.0
2017-4,E01001404,B15,3,1,3.0
2017-4,E01001404,B26,2,1,2.0
2017-4,E01001412,B13,1,1,1.0
2017-4,E01001412,B25,1,1,1.0
2017-4,E01001415,B26,1,1,1.0
2017-4,E01001417,B13,1,1,1.0
2017-4,E01001418,B1,1,1,1.0
2017-4,E01001419,B26,1,1,1.0
2017-4,E01001420,B26,1,1,1.0
2017-4,E01001422,B26,1,1,1.0
2017-4,E01001425,B28,1,1,1.0
2017-4,E01001427,B26,1,1,1.0
2017-4,E01001431,B26,2,1,2.0
2017-4,E01001437,B16,1,1,1.0
2017-4,E01001449,B18,1,1,1.0
2017-4,E01001449,B4,1,1,1.0
2017-4,E01001454,B17,1,1,1.0
2017-4,E01001454,B25,1,1,1.0
2017-4,E01001456,B25,1,1,1.0
2017-4,E01001458,B25,2,1,2.0
2017-4,E01001460,B26,2,1,2.0
2017-4,E01001469,B13,1,1,1.0
2017-4,E01001473,B18,1,1,1.0
2017-4,E01001476,B26,1,1,1.0
2017-4,E01001491,B16,1,1,1.0
2017-4,E01001491,B19,1,1,1.0
2017-4,E01001491,B26,1,1,1.0
2017-4,E01001499,B13,1,1,1.0
2017-4,E01001502,B26,1,1,1.0
2017-4,E01001503,B26,2,1,2.0
2017-4,E01001518,B13,2,1,2.0
2017-4,E01001518,B25,1,1,1.0
2017-4,E01001519,B26,2,2,1.0
2017-4,E01001524,B1,1,1,1.0
2017-4,E01001526,B26,1,1,1.0
2017-4,E01001536,B28,1,1,1.0
2017-4,E01001540,B26,5,1,5.0
2017-4,E01001569,B17,1,1,1.0
2017-4,E01001571,B26,3,3,1.0
2017-4,E01001572,B1,2,2,1.0
2017-4,E01001572,B18,1,1,1.0
2017-4,E01001572,B26,3,3,1.0
2017-4,E01001573,B1,2,2,1.0
2017-4,E01001574,B25,1,1,1.0
2017-4,E01001574,B26,3,3,1.0
2017-4,E01001574,B6,1,1,1.0
2017-4,E01001575,B1,1,1,1.0
2017-4,E01001576,B16,1,1,1.0
2017-4,E01001576,B26,1,1,1.0
2017-4,E01001576,B8,1,1,1.0
2017-4,E01001577,B1,4,2,2.0
2017-4,E01001577,B16,1,1,1.0
2017-4,E01001577,B26,1,1,1.0
2017-4,E01001578,B14,1,1,1.0
2017-4,E01001578,B19,1,1,1.0
2017-4,E01001578,B26,4,2,2.0
2017-4,E01001579,B17,1,1,1.0
2017-4,E01001579,B26,1,1,1.0
2017-4,E01001580,B14,1,1,1.0
2017-4,E01001580,B26,1,1,1.0
2017-4,E01001581,B14,1,1,1.0
2017-4,E01001581,B19,1,1,1.0
2017-4,E01001581,B26,3,3,1.0
2017-4,E01001583,B1,1,1,1.0
2017-4,E01001583,B26,4,3,1.3333333333333333
2017-4,E01001584,B26,1,1,1.0
2017-4,E01001585,B26,2,2,1.0
2017-4,E01001586,B1,1,1,1.0
2017-4,E01001587,B16,1,1,1.0
2017-4,E01001587,B26,1,1,1.0
2017-4,E01001588,B26,2,2,1.0
2017-4,E01001589,B18,1,1,1.0
2017-4,E01001589,B26,2,2,1.0
2017-4,E01001590,B26,1,1,1.0
2017-4,E01001590,B28,1,1,1.0
2017-4,E01001590,B6,1,1,1.0
2017-4,E01001591,B14,1,1,1.0
2017-4,E01001591,B26,1,1,1.0
2017-4,E01001592,B1,1,1,1.0
2017-4,E01001592,B26,4,3,1.3333333333333333
2017-4,E01001593,B26,4,3,1.3333333333333333
2017-4,E01001594,B26,1,1,1.0
2017-4,E01001595,B15,1,1,1.0
2017-4,E01001595,B26,2,1,2.0
2017-4,E01001596,B16,1,1,1.0
2017-4,E01001596,B25,1,1,1.0
2017-4,E01001596,B26,1,1,1.0
2017-4,E01001597,B13,1,1,1.0
2017-4,E01001597,B26,2,2,1.0
2017-4,E01001598,B1,1,1,1.0
2017-4,E01001598,B14,1,1,1.0
2017-4,E01001598,B26,1,1,1.0
2017-4,E01001599,B1,1,1,1.0
2017-4,E01001599,B14,1,1,1.0
2017-4,E01001599,B15,1,1,1.0
2017-4,E01001599,B26,2,1,2.0
2017-4,E01001600,B13,1,1,1.0
2017-4,E01001600,B16,1,1,1.0
2017-4,E01001600,B19,1,1,1.0
2017-4,E01001600,B26,2,2,1.0
2017-4,E01001601,B16,1,1,1.0
2017-4,E01001601,B24,1,1,1.0
2017-4,E01001601,B26,2,2,1.0
2017-4,E01001602,B18,1,1,1.0
2017-4,E01001602,B26,3,3,1.0
2017-4,E01001603,B19,1,1,1.0
2017-4,E01001603,B26,2,2,1.0
2017-4,E01001603,B6,1,1,1.0
2017-4,E01001604,B19,1,1,1.0
2017-4,E01001604,B25,1,1,1.0
2017-4,E01001605,B1,1,1,1.0
2017-4,E01001605,B16,1,1,1.0
2017-4,E01001605,B17,1,1,1.0
2017-4,E01001605,B26,4,3,1.3333333333333333
2017-4,E01001606,B18,1,1,1.0
2017-4,E01001606,B25,1,1,1.0
2017-4,E01001607,B1,3,3,1.0
2017-4,E01001607,B13,1,1,1.0
2017-4,E01001608,B28,1,1,1.0
2017-4,E01001609,B16,1,1,1.0
2017-4,E01001609,B18,1,1,1.0
2017-4,E01001609,B19,2,2,1.0
2017-4,E01001609,B26,1,1,1.0
2017-4,E01001610,B16,1,1,1.0
2017-4,E01001610,B26,1,1,1.0
2017-4,E01001610,B8,1,1,1.0
2017-4,E01001611,B26,2,1,2.0
2017-4,E01001613,B1,2,2,1.0
2017-4,E01001613,B25,1,1,1.0
2017-4,E01001613,B26,1,1,1.0
2017-4,E01001614,B1,1,1,1.0
2017-4,E01001614,B16,1,1,1.0
2017-4,E01001614,B25,2,2,1.0
2017-4,E01001614,B26,1,1,1.0
2017-4,E01001615,B25,1,1,1.0
2017-4,E01001615,B26,4,4,1.0
2017-4,E01001617,B26,6,5,1.2
2017-4,E01001618,B24,1,1,1.0
2017-4,E01001618,B26,4,3,1.3333333333333333
2017-4,E01001619,B1,1,1,1.0
2017-4,E01001619,B16,1,1,1.0
2017-4,E01001619,B25,1,1,1.0
2017-4,E01001619,B26,1,1,1.0
2017-4,E01001619,B28,1,1,1.0
2017-4,E01001620,B18,1,1,1.0
2017-4,E01001620,B19,2,1,2.0
2017-4,E01001620,B8,1,1,1.0
2017-4,E01001621,B26,1,1,1.0
2017-4,E01001623,B1,1,1,1.0
2017-4,E01001623,B16,1,1,1.0
2017-4,E01001623,B26,1,1,1.0
2017-4,E01001624,B26,1,1,1.0
2017-4,E01001629,B8,5,5,1.0
2017-4,E01001632,B26,1,1,1.0
2017-4,E01001633,B18,1,1,1.0
2017-4,E01001633,B26,4,2,2.0
2017-4,E01001634,B15,1,1,1.0
2017-4,E01001634,B26,2,1,2.0
2017-4,E01001635,B1,1,1,1.0
2017-4,E01001635,B16,2,2,1.0
2017-4,E01001635,B26,3,3,1.0
2017-4,E01001635,B6,1,1,1.0
2017-4,E01001637,B26,7,3,2.3333333333333335
2017-4,E01001637,B8,1,1,1.0
2017-4,E01001638,B16,2,2,1.0
2017-4,E01001638,B19,1,1,1.0
2017-4,E01001638,B26,3,2,1.5
2017-4,E01001640,B14,1,1,1.0
2017-4,E01001640,B16,2,2,1.0
2017-4,E01001640,B7,1,1,1.0
2017-4,E01001641,B14,1,1,1.0
2017-4,E01001641,B26,2,2,1.0
2017-4,E01001642,B16,1,1,1.0
2017-4,E01001642,B19,1,1,1.0
2017-4,E01001642,B26,1,1,1.0
2017-4,E01001644,B18,1,1,1.0
2017-4,E01001644,B26,7,7,1.0
2017-4,E01001646,B1,1,1,1.0
2017-4,E01001646,B26,1,1,1.0
2017-4,E01001647,B18,1,1,1.0
2017-4,E01001647,B26,2,2,1.0
2017-4,E01001648,B26,1,1,1.0
2017-4,E01001649,B1,1,1,1.0
2017-4,E01001649,B26,1,1,1.0
2017-4,E01001650,B1,1,1,1.0
2017-4,E01001650,B13,1,1,1.0
2017-4,E01001650,B14,1,1,1.0
2017-4,E01001650,B26,1,1,1.0
2017-4,E01001652,B1,1,1,1.0
2017-4,E01001652,B26,2,2,1.0
2017-4,E01001653,B1,1,1,1.0
2017-4,E01001653,B26,2,2,1.0
2017-4,E01001654,B16,1,1,1.0
2017-4,E01001655,B13,1,1,1.0
2017-4,E01001655,B16,1,1,1.0
2017-4,E01001655,B26,2,2,1.0
2017-4,E01001655,B8,1,1,1.0
2017-4,E01001657,B26,1,1,1.0
2017-4,E01001658,B1,2,2,1.0
2017-4,E01001658,B26,4,4,1.0
2017-4,E01001659,B26,1,1,1.0
2017-4,E01001660,B13,1,1,1.0
2017-4,E01001660,B26,1,1,1.0
2017-4,E01001661,B1,1,1,1.0
2017-4,E01001661,B15,1,1,1.0
2017-4,E01001661,B16,1,1,1.0
2017-4,E01001662,B26,2,2,1.0
2017-4,E01001664,B1,1,1,1.0
2017-4,E01001664,B14,2,1,2.0
2017-4,E01001664,B26,8,6,1.3333333333333333
2017-4,E01001665,B13,1,1,1.0
2017-4,E01001665,B15,1,1,1.0
2017-4,E01001665,B17,1,1,1.0
2017-4,E01001665,B26,3,2,1.5
2017-4,E01001666,B1,1,1,1.0
2017-4,E01001666,B6,1,1,1.0
2017-4,E01001667,B19,1,1,1.0
2017-4,E01001667,B24,1,1,1.0
2017-4,E01001667,B26,1,1,1.0
2017-4,E01001668,B26,4,4,1.0
2017-4,E01001669,B1,1,1,1.0
2017-4,E01001669,B16,1,1,1.0
2017-4,E01001669,B26,9,5,1.8
2017-4,E01001671,B26,1,1,1.0
2017-4,E01001672,B16,1,1,1.0
2017-4,E01001672,B26,3,2,1.5
2017-4,E01001673,B1,1,1,1.0
2017-4,E01001673,B25,1,1,1.0
2017-4,E01001673,B26,1,1,1.0
2017-4,E01001673,B6,1,1,1.0
2017-4,E01001675,B1,1,1,1.0
2017-4,E01001675,B26,2,2,1.0
2017-4,E01001676,B1,1,1,1.0
2017-4,E01001676,B16,1,1,1.0
2017-4,E01001676,B26,1,1,1.0
2017-4,E01001677,B1,1,1,1.0
2017-4,E01001677,B16,1,1,1.0
2017-4,E01001677,B18,6,1,6.0
2017-4,E01001677,B25,1,1,1.0
2017-4,E01001677,B26,2,1,2.0
2017-4,E01001679,B16,2,1,2.0
2017-4,E01001679,B19,1,1,1.0
2017-4,E01001679,B26,5,4,1.25
2017-4,E01001680,B19,1,1,1.0
2017-4,E01001681,B26,1,1,1.0
2017-4,E01001682,B1,1,1,1.0
2017-4,E01001682,B26,2,2,1.0
2017-4,E01001682,B8,1,1,1.0
2017-4,E01001683,B26,2,2,1.0
2017-4,E01001683,B8,1,1,1.0
2017-4,E01001684,B1,2,2,1.0
2017-4,E01001684,B26,1,1,1.0
2017-4,E01001685,B14,1,1,1.0
2017-4,E01001685,B26,4,4,1.0
2017-4,E01001686,B1,2,2,1.0
2017-4,E01001686,B24,1,1,1.0
2017-4,E01001686,B26,13,5,2.6
2017-4,E01001687,B26,2,2,1.0
2017-4,E01001688,B1,1,1,1.0
2017-4,E01001688,B18,1,1,1.0
2017-4,E01001688,B26,2,2,1.0
2017-4,E01001693,B19,1,1,1.0
2017-4,E01001693,B26,1,1,1.0
2017-4,E01001694,B26,3,2,1.5
2017-4,E01001695,B26,2,1,2.0
2017-4,E01001696,B16,1,1,1.0
2017-4,E01001697,B26,4,2,2.0
2017-4,E01001698,B1,1,1,1.0
2017-4,E01001698,B16,1,1,1.0
2017-4,E01001698,B26,2,2,1.0
2017-4,E01001699,B26,1,1,1.0
2017-4,E01001700,B1,2,2,1.0
2017-4,E01001700,B24,1,1,1.0
2017-4,E01001700,B26,3,3,1.0
2017-4,E01001701,B16,1,1,1.0
2017-4,E01001701,B24,2,1,2.0
2017-4,E01001701,B25,2,2,1.0
2017-4,E01001701,B26,11,7,1.5714285714285714
2017-4,E01001703,B16,1,1,1.0
2017-4,E01001703,B26,5,3,1.6666666666666667
2017-4,E01001704,B26,1,1,1.0
2017-4,E01001705,B15,1,1,1.0
2017-4,E01001706,B8,1,1,1.0
2017-4,E01001708,B1,1,1,1.0
2017-4,E01001708,B15,1,1,1.0
2017-4,E01001708,B26,5,3,1.6666666666666667
2017-4,E01001709,B1,1,1,1.0
2017-4,E01001709,B15,3,2,1.5
2017-4,E01001709,B16,3,3,1.0
2017-4,E01001709,B18,2,1,2.0
2017-4,E01001709,B26,6,3,2.0
2017-4,E01001710,B26,1,1,1.0
2017-4,E01001711,B26,1,1,1.0
2017-4,E01001739,B26,1,1,1.0
2017-4,E01001740,B13,1,1,1.0
2017-4,E01001747,B26,1,1,1.0
2017-4,E01001749,B24,1,1,1.0
2017-4,E01001751,B26,1,1,1.0
2017-4,E01001754,B13,1,1,1.0
2017-4,E01001760,B24,1,1,1.0
2017-4,E01001762,B26,1,1,1.0
2017-4,E01001764,B26,1,1,1.0
2017-4,E01001767,B16,1,1,1.0
2017-4,E01001772,B19,1,1,1.0
2017-4,E01001773,B26,2,2,1.0
2017-4,E01001777,B13,3,1,3.0
2017-4,E01001796,B18,1,1,1.0
2017-4,E01001813,B14,1,1,1.0
2017-4,E01001834,B1,1,1,1.0
2017-4,E01001839,B25,1,1,1.0
2017-4,E01001847,B15,1,1,1.0
2017-4,E01001859,B26,1,1,1.0
2017-4,E01001879,B26,1,1,1.0
2017-4,E01001880,B26,1,1,1.0
2017-4,E01001887,B13,1,1,1.0
2017-4,E01001894,B15,1,1,1.0
2017-4,E01001920,B26,2,1,2.0
2017-4,E01001933,B26,2,2,1.0
2017-4,E01001938,B26,1,1,1.0
2017-4,E01001943,B16,2,1,2.0
2017-4,E01001943,B19,2,1,2.0
2017-4,E01001943,B26,3,1,3.0
2017-4,E01001945,B19,1,1,1.0
2017-4,E01001964,B26,1,1,1.0
2017-4,E01001973,B6,1,1,1.0
2017-4,E01001975,B26,5,1,5.0
2017-4,E01001981,B18,1,1,1.0
2017-4,E01001982,B26,5,2,2.5
2017-4,E01001993,B1,1,1,1.0
2017-4,E01001995,B15,1,1,1.0
2017-4,E01001999,B26,1,1,1.0
2017-4,E01002002,B26,1,1,1.0
2017-4,E01002003,B13,1,1,1.0
2017-4,E01002009,B25,1,1,1.0
2017-4,E01002014,B26,1,1,1.0
2017-4,E01002018,B26,1,1,1.0
2017-4,E01002022,B26,1,1,1.0
2017-4,E01002026,B26,3,1,3.0
2017-4,E01002027,B26,1,1,1.0
2017-4,E01002031,B26,6,1,6.0
2017-4,E01002040,B26,1,1,1.0
2017-4,E01002045,B26,2,1,2.0
2017-4,E01002058,B19,1,1,1.0
2017-4,E01002058,B26,2,1,2.0
2017-4,E01002073,B16,1,1,1.0
2017-4,E01002077,B14,1,1,1.0
2017-4,E01002077,B26,2,1,2.0
2017-4,E01002080,B26,1,1,1.0
2017-4,E01002081,B19,1,1,1.0
2017-4,E01002085,B26,4,2,2.0
2017-4,E01002086,B16,1,1,1.0
2017-4,E01002086,B26,3,1,3.0
2017-4,E01002087,B14,1,1,1.0
2017-4,E01002087,B26,2,1,2.0
2017-4,E01002095,B19,1,1,1.0
2017-4,E01002095,B26,2,1,2.0
2017-4,E01002100,B25,1,1,1.0
2017-4,E01002102,B26,1,1,1.0
2017-4,E01002126,B26,1,1,1.0
2017-4,E01002133,B25,1,1,1.0
2017-4,E01002133,B26,1,1,1.0
2017-4,E01002145,B1,1,1,1.0
2017-4,E01002145,B28,1,1,1.0
2017-4,E01002148,B26,1,1,1.0
2017-4,E01002163,B26,1,1,1.0
2017-4,E01002164,B26,1,1,1.0
2017-4,E01002179,B16,1,1,1.0
2017-4,E01002180,B24,1,1,1.0
2017-4,E01002183,B26,1,1,1.0
2017-4,E01002212,B25,1,1,1.0
2017-4,E01002218,B13,1,1,1.0
2017-4,E01002218,B25,1,1,1.0
2017-4,E01002219,B26,2,1,2.0
2017-4,E01002221,B13,1,1,1.0
2017-4,E01002233,B16,1,1,1.0
2017-4,E01002233,B26,1,1,1.0
2017-4,E01002236,B16,1,1,1.0
2017-4,E01002250,B16,1,1,1.0
2017-4,E01002296,B24,1,1,1.0
2017-4,E01002335,B19,1,1,1.0
2017-4,E01002337,B28,1,1,1.0
2017-4,E01002348,B17,1,1,1.0
2017-4,E01002394,B26,1,1,1.0
2017-4,E01002396,B19,1,1,1.0
2017-4,E01002407,B18,1,1,1.0
2017-4,E01002422,B18,1,1,1.0
2017-4,E01002441,B15,1,1,1.0
2017-4,E01002443,B26,1,1,1.0
2017-4,E01002444,B13,2,2,1.0
2017-4,E01002444,B25,1,1,1.0
2017-4,E01002444,B26,1,1,1.0
2017-4,E01002447,B16,1,1,1.0
2017-4,E01002448,B15,2,1,2.0
2017-4,E01002451,B19,1,1,1.0
2017-4,E01002470,B15,1,1,1.0
2017-4,E01002471,B19,1,1,1.0
2017-4,E01002472,B16,1,1,1.0
2017-4,E01002484,B1,3,1,3.0
2017-4,E01002488,B26,1,1,1.0
2017-4,E01002493,B1,1,1,1.0
2017-4,E01002504,B15,1,1,1.0
2017-4,E01002507,B16,1,1,1.0
2017-4,E01002516,B26,1,1,1.0
2017-4,E01002534,B26,1,1,1.0
2017-4,E01002541,B1,1,1,1.0
2017-4,E01002550,B26,1,1,1.0
2017-4,E01002553,B26,1,1,1.0
2017-4,E01002555,B16,3,1,3.0
2017-4,E01002555,B19,1,1,1.0
2017-4,E01002557,B16,1,1,1.0
2017-4,E01002558,B18,3,2,1.5
2017-4,E01002562,B28,1,1,1.0
2017-4,E01002564,B19,1,1,1.0
2017-4,E01002564,B26,5,1,5.0
2017-4,E01002566,B13,1,1,1.0
2017-4,E01002566,B15,1,1,1.0
2017-4,E01002566,B18,1,1,1.0
2017-4,E01002566,B26,1,1,1.0
2017-4,E01002570,B1,1,1,1.0
2017-4,E01002572,B26,1,1,1.0
2017-4,E01002580,B13,1,1,1.0
2017-4,E01002580,B16,1,1,1.0
2017-4,E01002580,B26,1,1,1.0
2017-4,E01002581,B18,1,1,1.0
2017-4,E01002589,B16,1,1,1.0
2017-4,E01002589,B19,1,1,1.0
2017-4,E01002598,B26,1,1,1.0
2017-4,E01002604,B1,1,1,1.0
2017-4,E01002604,B19,1,1,1.0
2017-4,E01002606,B6,1,1,1.0
2017-4,E01002607,B26,2,1,2.0
2017-4,E01002608,B6,1,1,1.0
2017-4,E01002613,B18,1,1,1.0
2017-4,E01002614,B26,1,1,1.0
2017-4,E01002615,B26,2,2,1.0
2017-4,E01002617,B26,4,2,2.0
2017-4,E01002622,B26,1,1,1.0
2017-4,E01002623,B26,16,1,16.0
2017-4,E01002633,B26,1,1,1.0
2017-4,E01002634,B26,1,1,1.0
2017-4,E01002635,B25,1,1,1.0
2017-4,E01002638,B4,1,1,1.0
2017-4,E01002639,B26,1,1,1.0
2017-4,E01002645,B26,1,1,1.0
2017-4,E01002647,B26,1,1,1.0
2017-4,E01002648,B19,3,1,3.0
2017-4,E01002649,B19,2,1,2.0
2017-4,E01002650,B26,2,1,2.0
2017-4,E01002651,B26,1,1,1.0
2017-4,E01002652,B26,1,1,1.0
2017-4,E01002653,B1,1,1,1.0
2017-4,E01002657,B19,1,1,1.0
2017-4,E01002657,B26,1,1,1.0
2017-4,E01002660,B26,4,1,4.0
2017-4,E01002661,B26,9,1,9.0
2017-4,E01002664,B18,1,1,1.0
2017-4,E01002668,B13,1,1,1.0
2017-4,E01002672,B26,1,1,1.0
2017-4,E01002673,B26,1,1,1.0
2017-4,E01002678,B26,2,2,1.0
2017-4,E01002679,B26,1,1,1.0
2017-4,E01002681,B26,1,1,1.0
2017-4,E01002683,B26,1,1,1.0
2017-4,E01002684,B1,2,1,2.0
2017-4,E01002684,B26,1,1,1.0
2017-4,E01002686,B14,2,2,1.0
2017-4,E01002691,B26,2,2,1.0
2017-4,E01002692,B14,1,1,1.0
2017-4,E01002693,B15,1,1,1.0
2017-4,E01002693,B19,1,1,1.0
2017-4,E01002693,B24,1,1,1.0
2017-4,E01002693,B25,1,1,1.0
2017-4,E01002693,B26,3,1,3.0
2017-4,E01002698,B18,1,1,1.0
2017-4,E01002699,B1,1,1,1.0
2017-4,E01002702,B1,1,1,1.0
2017-4,E01002704,B24,1,1,1.0
2017-4,E01002718,B16,1,1,1.0
2017-4,E01002721,B6,1,1,1.0
2017-4,E01002726,B13,1,1,1.0
2017-4,E01002728,B26,1,1,1.0
2017-4,E01002734,B1,1,1,1.0
2017-4,E01002740,B13,1,1,1.0
2017-4,E01002740,B19,1,1,1.0
2017-4,E01002749,B19,1,1,1.0
2017-4,E01002752,B25,1,1,1.0
2017-4,E01002753,B19,1,1,1.0
2017-4,E01002763,B1,1,1,1.0
2017-4,E01002769,B16,1,1,1.0
2017-4,E01002791,B26,1,1,1.0
2017-4,E01002794,B1,1,1,1.0
2017-4,E01002799,B6,1,1,1.0
2017-4,E01002800,B15,1,1,1.0
2017-4,E01002800,B19,1,1,1.0
2017-4,E01002817,B13,1,1,1.0
2017-4,E01002827,B25,1,1,1.0
2017-4,E01002860,B18,1,1,1.0
2017-4,E01002919,B16,1,1,1.0
2017-4,E01002927,B6,1,1,1.0
2017-4,E01002928,B1,1,1,1.0
2017-4,E01002928,B25,1,1,1.0
2017-4,E01002934,B28,2,1,2.0
2017-4,E01002948,B19,1,1,1.0
2017-4,E01002948,B26,3,1,3.0
2017-4,E01002951,B13,1,1,1.0
2017-4,E01002963,B13,1,1,1.0
2017-4,E01002970,B28,1,1,1.0
2017-4,E01002971,B19,1,1,1.0
2017-4,E01002978,B18,1,1,1.0
2017-4,E01002988,B18,1,1,1.0
2017-4,E01002990,B19,1,1,1.0
2017-4,E01003001,B28,1,1,1.0
2017-4,E01003004,B18,1,1,1.0
2017-4,E01003013,B26,4,1,4.0
2017-4,E01003020,B26,1,1,1.0
2017-4,E01003024,B15,4,1,4.0
2017-4,E01003025,B14,2,1,2.0
2017-4,E01003025,B26,1,1,1.0
2017-4,E01003027,B19,1,1,1.0
2017-4,E01003035,B28,1,1,1.0
2017-4,E01003036,B19,1,1,1.0
2017-4,E01003038,B13,2,2,1.0
2017-4,E01003038,B28,1,1,1.0
2017-4,E01003046,B15,1,1,1.0
2017-4,E01003047,B26,1,1,1.0
2017-4,E01003048,B15,1,1,1.0
2017-4,E01003048,B26,2,1,2.0
2017-4,E01003056,B26,1,1,1.0
2017-4,E01003059,B26,1,1,1.0
2017-4,E01003062,B26,1,1,1.0
2017-4,E01003065,B16,1,1,1.0
2017-4,E01003065,B26,2,2,1.0
2017-4,E01003066,B1,1,1,1.0
2017-4,E01003066,B16,1,1,1.0
2017-4,E01003066,B21,1,1,1.0
2017-4,E01003067,B13,2,1,2.0
2017-4,E01003072,B14,1,1,1.0
2017-4,E01003072,B26,2,1,2.0
2017-4,E01003075,B25,1,1,1.0
2017-4,E01003076,B25,1,1,1.0
2017-4,E01003080,B26,1,1,1.0
2017-4,E01003086,B26,1,1,1.0
2017-4,E01003091,B26,2,1,2.0
2017-4,E01003093,B26,1,1,1.0
2017-4,E01003102,B16,1,1,1.0
2017-4,E01003102,B19,1,1,1.0
2017-4,E01003102,B28,1,1,1.0
2017-4,E01003107,B16,1,1,1.0
2017-4,E01003110,B14,1,1,1.0
2017-4,E01003114,B26,2,2,1.0
2017-4,E01003117,B26,1,1,1.0
2017-4,E01003129,B26,1,1,1.0
2017-4,E01003130,B28,1,1,1.0
2017-4,E01003139,B1,1,1,1.0
2017-4,E01003139,B26,8,2,4.0
2017-4,E01003140,B1,1,1,1.0
2017-4,E01003140,B16,1,1,1.0
2017-4,E01003140,B26,16,1,16.0
2017-4,E01003141,B26,2,1,2.0
2017-4,E01003143,B26,1,1,1.0
2017-4,E01003145,B26,2,1,2.0
2017-4,E01003146,B26,1,1,1.0
2017-4,E01003147,B26,6,1,6.0
2017-4,E01003149,B25,1,1,1.0
2017-4,E01003153,B16,1,1,1.0
2017-4,E01003164,B13,2,2,1.0
2017-4,E01003164,B26,1,1,1.0
2017-4,E01003171,B13,1,1,1.0
2017-4,E01003173,B1,1,1,1.0
2017-4,E01003173,B13,1,1,1.0
2017-4,E01003173,B17,1,1,1.0
2017-4,E01003173,B26,1,1,1.0
2017-4,E01003177,B1,3,1,3.0
2017-4,E01003177,B14,1,1,1.0
2017-4,E01003177,B26,1,1,1.0
2017-4,E01003178,B26,1,1,1.0
2017-4,E01003180,B25,1,1,1.0
2017-4,E01003182,B26,2,2,1.0
2017-4,E01003183,B26,1,1,1.0
2017-4,E01003186,B26,1,1,1.0
2017-4,E01003189,B26,7,3,2.3333333333333335
2017-4,E01003190,B15,1,1,1.0
2017-4,E01003190,B24,1,1,1.0
2017-4,E01003190,B26,3,2,1.5
2017-4,E01003191,B1,1,1,1.0
2017-4,E01003191,B14,1,1,1.0
2017-4,E01003191,B26,12,4,3.0
2017-4,E01003192,B15,2,1,2.0
2017-4,E01003192,B26,2,1,2.0
2017-4,E01003193,B1,2,2,1.0
2017-4,E01003193,B14,1,1,1.0
2017-4,E01003193,B17,1,1,1.0
2017-4,E01003193,B26,13,4,3.25
2017-4,E01003194,B13,1,1,1.0
2017-4,E01003194,B16,1,1,1.0
2017-4,E01003194,B18,2,1,2.0
2017-4,E01003194,B24,1,1,1.0
2017-4,E01003194,B26,3,3,1.0
2017-4,E01003195,B15,2,2,1.0
2017-4,E01003195,B26,3,3,1.0
2017-4,E01003196,B18,1,1,1.0
2017-4,E01003196,B26,6,2,3.0
2017-4,E01003197,B18,1,1,1.0
2017-4,E01003197,B26,5,2,2.5
2017-4,E01003198,B17,1,1,1.0
2017-4,E01003199,B1,1,1,1.0
2017-4,E01003199,B14,1,1,1.0
2017-4,E01003199,B26,3,2,1.5
2017-4,E01003200,B13,1,1,1.0
2017-4,E01003200,B26,4,4,1.0
2017-4,E01003201,B26,5,2,2.5
2017-4,E01003202,B13,2,2,1.0
2017-4,E01003202,B26,1,1,1.0
2017-4,E01003203,B14,1,1,1.0
2017-4,E01003203,B26,3,3,1.0
2017-4,E01003204,B26,3,1,3.0
2017-4,E01003205,B26,1,1,1.0
2017-4,E01003206,B16,1,1,1.0
2017-4,E01003206,B26,3,3,1.0
2017-4,E01003207,B14,4,2,2.0
2017-4,E01003207,B26,3,2,1.5
2017-4,E01003209,B25,1,1,1.0
2017-4,E01003209,B26,17,5,3.4
2017-4,E01003210,B15,1,1,1.0
2017-4,E01003210,B26,7,4,1.75
2017-4,E01003211,B14,1,1,1.0
2017-4,E01003211,B17,1,1,1.0
2017-4,E01003211,B26,5,4,1.25
2017-4,E01003212,B1,4,3,1.3333333333333333
2017-4,E01003212,B13,1,1,1.0
2017-4,E01003212,B14,1,1,1.0
2017-4,E01003212,B24,1,1,1.0
2017-4,E01003212,B26,8,4,2.0
2017-4,E01003212,B28,1,1,1.0
2017-4,E01003213,B1,2,2,1.0
2017-4,E01003213,B13,1,1,1.0
2017-4,E01003213,B26,7,6,1.1666666666666667
2017-4,E01003214,B1,5,1,5.0
2017-4,E01003214,B26,4,3,1.3333333333333333
2017-4,E01003215,B1,1,1,1.0
2017-4,E01003215,B14,7,1,7.0
2017-4,E01003215,B26,2,2,1.0
2017-4,E01003216,B1,1,1,1.0
2017-4,E01003216,B17,1,1,1.0
2017-4,E01003216,B26,11,3,3.6666666666666665
2017-4,E01003217,B13,1,1,1.0
2017-4,E01003217,B26,1,1,1.0
2017-4,E01003218,B1,1,1,1.0
2017-4,E01003218,B26,3,3,1.0
2017-4,E01003219,B16,1,1,1.0
2017-4,E01003219,B26,12,5,2.4
2017-4,E01003220,B13,1,1,1.0
2017-4,E01003220,B26,6,5,1.2
2017-4,E01003221,B26,12,3,4.0
2017-4,E01003222,B13,2,1,2.0
2017-4,E01003222,B26,6,5,1.2
2017-4,E01003223,B13,1,1,1.0
2017-4,E01003223,B14,2,1,2.0
2017-4,E01003223,B24,1,1,1.0
2017-4,E01003223,B25,1,1,1.0
2017-4,E01003223,B26,12,3,4.0
2017-4,E01003224,B2,1,1,1.0
2017-4,E01003224,B26,4,4,1.0
2017-4,E01003225,B14,1,1,1.0
2017-4,E01003225,B26,1,1,1.0
2017-4,E01003226,B26,1,1,1.0
2017-4,E01003227,B1,1,1,1.0
2017-4,E01003227,B26,2,2,1.0
2017-4,E01003228,B6,1,1,1.0
2017-4,E01003229,B26,2,2,1.0
2017-4,E01003229,B4,1,1,1.0
2017-4,E01003230,B26,1,1,1.0
2017-4,E01003231,B26,3,3,1.0
2017-4,E01003232,B13,2,2,1.0
2017-4,E01003232,B26,3,1,3.0
2017-4,E01003233,B1,1,1,1.0
2017-4,E01003233,B26,2,2,1.0
2017-4,E01003235,B14,2,2,1.0
2017-4,E01003235,B26,2,2,1.0
2017-4,E01003236,B18,1,1,1.0
2017-4,E01003236,B26,11,3,3.6666666666666665
2017-4,E01003237,B26,1,1,1.0
2017-4,E01003237,B6,1,1,1.0
2017-4,E01003238,B26,2,1,2.0
2017-4,E01003239,B26,2,2,1.0
2017-4,E01003240,B25,1,1,1.0
2017-4,E01003240,B26,4,3,1.3333333333333333
2017-4,E01003241,B26,2,2,1.0
2017-4,E01003243,B14,3,2,1.5
2017-4,E01003243,B26,4,2,2.0
2017-4,E01003244,B14,1,1,1.0
2017-4,E01003245,B26,9,2,4.5
2017-4,E01003246,B1,1,1,1.0
2017-4,E01003246,B13,1,1,1.0
2017-4,E01003246,B25,1,1,1.0
2017-4,E01003246,B26,3,2,1.5
2017-4,E01003247,B1,1,1,1.0
2017-4,E01003247,B13,1,1,1.0
2017-4,E01003247,B14,1,1,1.0
2017-4,E01003247,B2,1,1,1.0
2017-4,E01003247,B26,2,1,2.0
2017-4,E01003248,B15,1,1,1.0
2017-4,E01003248,B26,4,3,1.3333333333333333
2017-4,E01003249,B15,1,1,1.0
2017-4,E01003249,B16,1,1,1.0
2017-4,E01003249,B26,1,1,1.0
2017-4,E01003250,B13,1,1,1.0
2017-4,E01003251,B13,2,1,2.0
2017-4,E01003251,B14,3,1,3.0
2017-4,E01003251,B26,4,1,4.0
2017-4,E01003252,B14,2,1,2.0
2017-4,E01003252,B26,3,2,1.5
2017-4,E01003253,B14,1,1,1.0
2017-4,E01003253,B26,9,6,1.5
2017-4,E01003255,B14,1,1,1.0
2017-4,E01003255,B26,1,1,1.0
2017-4,E01003256,B14,1,1,1.0
2017-4,E01003257,B18,1,1,1.0
2017-4,E01003257,B26,3,2,1.5
2017-4,E01003258,B17,1,1,1.0
2017-4,E01003258,B18,1,1,1.0
2017-4,E01003258,B26,2,1,2.0
2017-4,E01003260,B26,1,1,1.0
2017-4,E01003260,B6,1,1,1.0
2017-4,E01003261,B13,1,1,1.0
2017-4,E01003261,B14,1,1,1.0
2017-4,E01003262,B26,5,2,2.5
2017-4,E01003263,B13,3,2,1.5
2017-4,E01003263,B14,1,1,1.0
2017-4,E01003263,B26,3,2,1.5
2017-4,E01003264,B14,2,1,2.0
2017-4,E01003264,B25,1,1,1.0
2017-4,E01003264,B26,6,3,2.0
2017-4,E01003265,B26,1,1,1.0
2017-4,E01003266,B26,2,2,1.0
2017-4,E01003267,B26,6,4,1.5
2017-4,E01003268,B1,2,2,1.0
2017-4,E01003268,B26,2,2,1.0
2017-4,E01003269,B26,4,3,1.3333333333333333
2017-4,E01003270,B26,1,1,1.0
2017-4,E01003271,B26,1,1,1.0
2017-4,E01003272,B1,1,1,1.0
2017-4,E01003272,B26,7,2,3.5
2017-4,E01003273,B26,2,2,1.0
2017-4,E01003274,B26,2,2,1.0
2017-4,E01003275,B1,1,1,1.0
2017-4,E01003275,B26,1,1,1.0
2017-4,E01003276,B14,1,1,1.0
2017-4,E01003276,B26,5,3,1.6666666666666667
2017-4,E01003277,B14,1,1,1.0
2017-4,E01003277,B26,9,5,1.8
2017-4,E01003278,B14,1,1,1.0
2017-4,E01003279,B14,2,2,1.0
2017-4,E01003279,B16,1,1,1.0
2017-4,E01003279,B26,5,5,1.0
2017-4,E01003280,B26,1,1,1.0
2017-4,E01003281,B14,1,1,1.0
2017-4,E01003281,B16,1,1,1.0
2017-4,E01003281,B26,3,3,1.0
2017-4,E01003282,B26,7,2,3.5
2017-4,E01003282,B6,1,1,1.0
2017-4,E01003283,B26,2,2,1.0
2017-4,E01003284,B1,1,1,1.0
2017-4,E01003284,B26,5,4,1.25
2017-4,E01003285,B13,1,1,1.0
2017-4,E01003285,B17,1,1,1.0
2017-4,E01003285,B26,3,2,1.5
2017-4,E01003286,B1,1,1,1.0
2017-4,E01003286,B26,2,2,1.0
2017-4,E01003287,B26,3,2,1.5
2017-4,E01003288,B26,8,5,1.6
2017-4,E01003290,B17,1,1,1.0
2017-4,E01003290,B26,2,2,1.0
2017-4,E01003291,B13,1,1,1.0
2017-4,E01003291,B26,1,1,1.0
2017-4,E01003292,B1,1,1,1.0
2017-4,E01003292,B26,3,3,1.0
2017-4,E01003293,B1,1,1,1.0
2017-4,E01003293,B26,8,2,4.0
2017-4,E01003295,B26,15,6,2.5
2017-4,E01003296,B13,2,1,2.0
2017-4,E01003296,B14,5,2,2.5
2017-4,E01003296,B15,2,1,2.0
2017-4,E01003296,B16,2,1,2.0
2017-4,E01003296,B24,1,1,1.0
2017-4,E01003296,B25,2,1,2.0
2017-4,E01003296,B26,9,9,1.0
2017-4,E01003296,B28,3,1,3.0
2017-4,E01003297,B25,1,1,1.0
2017-4,E01003297,B26,2,2,1.0
2017-4,E01003299,B13,1,1,1.0
2017-4,E01003299,B15,1,1,1.0
2017-4,E01003299,B26,2,2,1.0
2017-4,E01003300,B2,1,1,1.0
2017-4,E01003301,B1,1,1,1.0
2017-4,E01003301,B26,7,4,1.75
2017-4,E01003302,B26,2,2,1.0
2017-4,E01003303,B14,5,1,5.0
2017-4,E01003303,B26,4,3,1.3333333333333333
2017-4,E01003304,B18,1,1,1.0
2017-4,E01003304,B26,10,7,1.4285714285714286
2017-4,E01003305,B14,1,1,1.0
2017-4,E01003305,B26,2,2,1.0
2017-4,E01003307,B26,3,1,3.0
2017-4,E01003308,B26,6,5,1.2
2017-4,E01003309,B14,1,1,1.0
2017-4,E01003309,B25,1,1,1.0
2017-4,E01003309,B26,1,1,1.0
2017-4,E01003310,B14,1,1,1.0
2017-4,E01003310,B15,1,1,1.0
2017-4,E01003310,B26,2,2,1.0
2017-4,E01003311,B13,1,1,1.0
2017-4,E01003311,B2,1,1,1.0
2017-4,E01003311,B26,3,2,1.5
2017-4,E01003313,B1,2,1,2.0
2017-4,E01003315,B26,3,3,1.0
2017-4,E01003316,B1,4,3,1.3333333333333333
2017-4,E01003316,B26,1,1,1.0
2017-4,E01003317,B1,1,1,1.0
2017-4,E01003317,B26,4,4,1.0
2017-4,E01003317,B28,1,1,1.0
2017-4,E01003318,B13,1,1,1.0
2017-4,E01003318,B14,4,1,4.0
2017-4,E01003318,B18,1,1,1.0
2017-4,E01003318,B26,13,6,2.1666666666666665
2017-4,E01003319,B26,12,6,2.0
2017-4,E01003320,B14,3,2,1.5
2017-4,E01003320,B15,4,1,4.0
2017-4,E01003320,B26,7,5,1.4
2017-4,E01003320,B6,1,1,1.0
2017-4,E01003321,B13,2,2,1.0
2017-4,E01003321,B26,3,1,3.0
2017-4,E01003322,B1,1,1,1.0
2017-4,E01003322,B14,1,1,1.0
2017-4,E01003322,B26,4,4,1.0
2017-4,E01003323,B15,1,1,1.0
2017-4,E01003323,B26,10,4,2.5
2017-4,E01003324,B26,10,2,5.0
2017-4,E01003325,B13,1,1,1.0
2017-4,E01003325,B26,3,1,3.0
2017-4,E01003326,B15,1,1,1.0
2017-4,E01003326,B16,1,1,1.0
2017-4,E01003326,B26,2,2,1.0
2017-4,E01003328,B1,1,1,1.0
2017-4,E01003328,B26,4,3,1.3333333333333333
2017-4,E01003329,B1,1,1,1.0
2017-4,E01003329,B26,2,2,1.0
2017-4,E01003330,B1,1,1,1.0
2017-4,E01003330,B14,4,2,2.0
2017-4,E01003330,B26,10,3,3.3333333333333335
2017-4,E01003330,B28,1,1,1.0
2017-4,E01003331,B26,2,2,1.0
2017-4,E01003332,B26,8,4,2.0
2017-4,E01003333,B26,1,1,1.0
2017-4,E01003334,B1,2,2,1.0
2017-4,E01003334,B26,3,2,1.5
2017-4,E01003335,B1,1,1,1.0
2017-4,E01003337,B26,2,2,1.0
2017-4,E01003339,B26,4,4,1.0
2017-4,E01003340,B26,6,3,2.0
2017-4,E01003341,B15,1,1,1.0
2017-4,E01003341,B24,1,1,1.0
2017-4,E01003341,B26,6,4,1.5
2017-4,E01003342,B13,1,1,1.0
2017-4,E01003342,B14,2,2,1.0
2017-4,E01003343,B15,1,1,1.0
2017-4,E01003343,B26,5,4,1.25
2017-4,E01003344,B14,2,1,2.0
2017-4,E01003344,B26,7,4,1.75
2017-4,E01003345,B26,2,2,1.0
2017-4,E01003346,B16,1,1,1.0
2017-4,E01003346,B26,5,5,1.0
2017-4,E01003347,B1,1,1,1.0
2017-4,E01003347,B26,1,1,1.0
2017-4,E01003348,B1,1,1,1.0
2017-4,E01003348,B13,1,1,1.0
2017-4,E01003348,B14,3,1,3.0
2017-4,E01003348,B26,11,1,11.0
2017-4,E01003349,B26,4,3,1.3333333333333333
2017-4,E01003351,B26,6,4,1.5
2017-4,E01003352,B1,1,1,1.0
2017-4,E01003352,B14,3,2,1.5
2017-4,E01003352,B15,1,1,1.0
2017-4,E01003352,B26,5,3,1.6666666666666667
2017-4,E01003353,B1,2,2,1.0
2017-4,E01003353,B13,1,1,1.0
2017-4,E01003353,B26,3,3,1.0
2017-4,E01003354,B26,5,3,1.6666666666666667
2017-4,E01003356,B26,1,1,1.0
2017-4,E01003367,B16,1,1,1.0
2017-4,E01003367,B26,2,2,1.0
2017-4,E01003393,B25,1,1,1.0
2017-4,E01003401,B13,1,1,1.0
2017-4,E01003401,B19,1,1,1.0
2017-4,E01003401,B26,1,1,1.0
2017-4,E01003447,B24,1,1,1.0
2017-4,E01003483,B15,1,1,1.0
2017-4,E01003500,B15,2,1,2.0
2017-4,E01003508,B15,1,1,1.0
2017-4,E01003512,B15,1,1,1.0
2017-4,E01003600,B15,1,1,1.0
2017-4,E01003601,B4,1,1,1.0
2017-4,E01003641,B24,1,1,1.0
2017-4,E01003657,B26,1,1,1.0
2017-4,E01003721,B15,1,1,1.0
2017-4,E01003725,B18,1,1,1.0
2017-4,E01003725,B19,1,1,1.0
2017-4,E01003725,B28,1,1,1.0
2017-4,E01003764,B13,1,1,1.0
2017-4,E01003765,B17,1,1,1.0
2017-4,E01003807,B25,1,1,1.0
2017-4,E01003809,B25,1,1,1.0
2017-4,E01003811,B18,1,1,1.0
2017-4,E01003815,B26,1,1,1.0
2017-4,E01003827,B26,1,1,1.0
2017-4,E01003828,B19,1,1,1.0
2017-4,E01003829,B25,2,1,2.0
2017-4,E01003833,B18,1,1,1.0
2017-4,E01003833,B26,1,1,1.0
2017-4,E01003835,B26,1,1,1.0
2017-4,E01003852,B1,1,1,1.0
2017-4,E01003852,B16,2,1,2.0
2017-4,E01003860,B13,2,1,2.0
2017-4,E01003860,B15,1,1,1.0
2017-4,E01003860,B17,1,1,1.0
2017-4,E01003861,B14,1,1,1.0
2017-4,E01003863,B26,1,1,1.0
2017-4,E01003870,B26,1,1,1.0
2017-4,E01003876,B13,1,1,1.0
2017-4,E01003876,B26,1,1,1.0
2017-4,E01003884,B15,1,1,1.0
2017-4,E01003888,B18,1,1,1.0
2017-4,E01003896,B26,1,1,1.0
2017-4,E01003897,B26,1,1,1.0
2017-4,E01003905,B26,2,1,2.0
2017-4,E01003909,B1,1,1,1.0
2017-4,E01003913,B13,1,1,1.0
2017-4,E01003913,B26,1,1,1.0
2017-4,E01003916,B26,1,1,1.0
2017-4,E01003919,B26,1,1,1.0
2017-4,E01003922,B26,1,1,1.0
2017-4,E01003932,B19,1,1,1.0
2017-4,E01003945,B1,1,1,1.0
2017-4,E01003947,B15,1,1,1.0
2017-4,E01003948,B19,1,1,1.0
2017-4,E01003953,B25,2,1,2.0
2017-4,E01003953,B26,1,1,1.0
2017-4,E01003981,B24,1,1,1.0
2017-4,E01003986,B28,1,1,1.0
2017-4,E01003988,B1,1,1,1.0
2017-4,E01003994,B27,1,1,1.0
2017-4,E01003995,B26,1,1,1.0
2017-4,E01004000,B26,1,1,1.0
2017-4,E01004007,B25,1,1,1.0
2017-4,E01004013,B18,1,1,1.0
2017-4,E01004022,B16,1,1,1.0
2017-4,E01004037,B1,1,1,1.0
2017-4,E01004046,B26,1,1,1.0
2017-4,E01004052,B19,1,1,1.0
2017-4,E01004056,B15,1,1,1.0
2017-4,E01004056,B16,1,1,1.0
2017-4,E01004063,B26,1,1,1.0
2017-4,E01004064,B18,1,1,1.0
2017-4,E01004068,B16,1,1,1.0
2017-4,E01004070,B26,1,1,1.0
2017-4,E01004072,B18,1,1,1.0
2017-4,E01004078,B13,1,1,1.0
2017-4,E01004078,B26,1,1,1.0
2017-4,E01004089,B26,2,1,2.0
2017-4,E01004108,B16,1,1,1.0
2017-4,E01004108,B26,8,2,4.0
2017-4,E01004111,B15,1,1,1.0
2017-4,E01004118,B26,1,1,1.0
2017-4,E01004123,B26,1,1,1.0
2017-4,E01004126,B26,1,1,1.0
2017-4,E01004130,B24,1,1,1.0
2017-4,E01004138,B26,1,1,1.0
2017-4,E01004140,B14,1,1,1.0
2017-4,E01004140,B19,1,1,1.0
2017-4,E01004140,B26,4,2,2.0
2017-4,E01004141,B1,1,1,1.0
2017-4,E01004142,B13,1,1,1.0
2017-4,E01004142,B14,7,1,7.0
2017-4,E01004142,B24,1,1,1.0
2017-4,E01004143,B26,1,1,1.0
2017-4,E01004146,B14,2,1,2.0
2017-4,E01004146,B26,6,1,6.0
2017-4,E01004155,B1,1,1,1.0
2017-4,E01004156,B14,2,1,2.0
2017-4,E01004156,B26,1,1,1.0
2017-4,E01004160,B13,1,1,1.0
2017-4,E01004160,B26,1,1,1.0
2017-4,E01004163,B19,2,1,2.0
2017-4,E01004169,B26,2,1,2.0
2017-4,E01004183,B26,1,1,1.0
2017-4,E01004185,B1,1,1,1.0
2017-4,E01004185,B13,1,1,1.0
2017-4,E01004185,B26,1,1,1.0
2017-4,E01004188,B26,1,1,1.0
2017-4,E01004189,B26,10,3,3.3333333333333335
2017-4,E01004191,B1,1,1,1.0
2017-4,E01004191,B16,1,1,1.0
2017-4,E01004192,B15,1,1,1.0
2017-4,E01004192,B18,3,2,1.5
2017-4,E01004195,B18,2,1,2.0
2017-4,E01004206,B28,1,1,1.0
2017-4,E01004207,B28,1,1,1.0
2017-4,E01004209,B13,1,1,1.0
2017-4,E01004221,B26,1,1,1.0
2017-4,E01004222,B26,2,1,2.0
2017-4,E01004223,B1,1,1,1.0
2017-4,E01004224,B13,2,1,2.0
2017-4,E01004224,B24,1,1,1.0
2017-4,E01004224,B26,2,1,2.0
2017-4,E01004232,B26,2,1,2.0
2017-4,E01004233,B26,1,1,1.0
2017-4,E01004241,B26,1,1,1.0
2017-4,E01004260,B18,1,1,1.0
2017-4,E01004267,B26,1,1,1.0
2017-4,E01004275,B19,1,1,1.0
2017-4,E01004277,B13,1,1,1.0
2017-4,E01004277,B16,1,1,1.0
2017-4,E01004277,B26,1,1,1.0
2017-4,E01004294,B16,1,1,1.0
2017-4,E01004298,B1,1,1,1.0
2017-4,E01004298,B25,1,1,1.0
2017-4,E01004304,B25,1,1,1.0
2017-4,E01004306,B26,1,1,1.0
2017-4,E01004307,B18,2,2,1.0
2017-4,E01004309,B28,3,1,3.0
2017-4,E01004312,B26,1,1,1.0
2017-4,E01004317,B1,1,1,1.0
2017-4,E01004321,B26,1,1,1.0
2017-4,E01004326,B26,1,1,1.0
2017-4,E01004327,B26,1,1,1.0
2017-4,E01004331,B26,1,1,1.0
2017-4,E01004343,B1,1,1,1.0
2017-4,E01004344,B16,1,1,1.0
2017-4,E01004359,B26,1,1,1.0
2017-4,E01004362,B26,1,1,1.0
2017-4,E01004370,B1,3,1,3.0
2017-4,E01004370,B26,1,1,1.0
2017-4,E01004371,B26,1,1,1.0
2017-4,E01004372,B26,1,1,1.0
2017-4,E01004377,B26,2,1,2.0
2017-4,E01004384,B19,1,1,1.0
2017-4,E01004384,B6,1,1,1.0
2017-4,E01004389,B16,1,1,1.0
2017-4,E01004392,B26,1,1,1.0
2017-4,E01004394,B16,1,1,1.0
2017-4,E01004397,B26,4,1,4.0
2017-4,E01004398,B26,1,1,1.0
2017-4,E01004401,B26,2,2,1.0
2017-4,E01004401,B6,1,1,1.0
2017-4,E01004403,B26,1,1,1.0
2017-4,E01004406,B16,1,1,1.0
2017-4,E01004416,B4,1,1,1.0
2017-4,E01004420,B26,1,1,1.0
2017-4,E01004425,B24,1,1,1.0
2017-4,E01004438,B26,1,1,1.0
2017-4,E01004446,B1,1,1,1.0
2017-4,E01004455,B13,1,1,1.0
2017-4,E01004459,B28,1,1,1.0
2017-4,E01004464,B26,1,1,1.0
2017-4,E01004465,B16,1,1,1.0
2017-4,E01004468,B26,1,1,1.0
2017-4,E01004476,B25,1,1,1.0
2017-4,E01004482,B13,1,1,1.0
2017-4,E01004482,B19,1,1,1.0
2017-4,E01004500,B13,2,1,2.0
2017-4,E01004500,B24,2,1,2.0
2017-4,E01004501,B13,1,1,1.0
2017-4,E01004501,B19,1,1,1.0
2017-4,E01004501,B26,4,1,4.0
2017-4,E01004501,B27,1,1,1.0
2017-4,E01004506,B13,1,1,1.0
2017-4,E01004506,B26,1,1,1.0
2017-4,E01004509,B19,1,1,1.0
2017-4,E01004511,B19,1,1,1.0
2017-4,E01004513,B16,1,1,1.0
2017-4,E01004517,B1,1,1,1.0
2017-4,E01004521,B16,1,1,1.0
2017-4,E01004521,B19,1,1,1.0
2017-4,E01004521,B26,2,2,1.0
2017-4,E01004522,B26,1,1,1.0
2017-4,E01004548,B25,1,1,1.0
2017-4,E01004568,B24,1,1,1.0
2017-4,E01004574,B16,1,1,1.0
2017-4,E01004576,B25,1,1,1.0
2017-4,E01004582,B19,1,1,1.0
2017-4,E01004588,B13,1,1,1.0
2017-4,E01004593,B13,1,1,1.0
2017-4,E01004597,B19,1,1,1.0
2017-4,E01004601,B15,1,1,1.0
2017-4,E01004604,B19,1,1,1.0
2017-4,E01004607,B19,1,1,1.0
2017-4,E01004609,B4,1,1,1.0
2017-4,E01004611,B26,1,1,1.0
2017-4,E01004617,B27,1,1,1.0
2017-4,E01004622,B25,1,1,1.0
2017-4,E01004631,B16,1,1,1.0
2017-4,E01004645,B26,1,1,1.0
2017-4,E01004661,B19,1,1,1.0
2017-4,E01004681,B13,1,1,1.0
2017-4,E01004714,B19,1,1,1.0
2017-4,E01004721,B1,1,1,1.0
2017-4,E01004721,B13,1,1,1.0
2017-4,E01004733,B14,1,1,1.0
2017-4,E01004734,B16,2,1,2.0
2017-4,E01004734,B26,1,1,1.0
2017-4,E01004735,B1,1,1,1.0
2017-4,E01004735,B25,1,1,1.0
2017-4,E01004736,B25,1,1,1.0
2017-4,E01004765,B28,1,1,1.0
2017-4,E01004780,B13,1,1,1.0
2017-4,E01004780,B18,1,1,1.0
2017-4,E01004781,B18,1,1,1.0
2017-4,E01004782,B15,1,1,1.0
2017-4,E01004782,B26,1,1,1.0
2017-4,E01004783,B18,1,1,1.0
2017-4,E01004784,B24,1,1,1.0
2017-4,E01004786,B15,1,1,1.0
2017-4,E01004788,B25,1,1,1.0
2017-4,E01004789,B26,1,1,1.0
2017-4,E01004790,B13,1,1,1.0
2017-4,E01004790,B25,1,1,1.0
2017-4,E01004791,B28,1,1,1.0
2017-4,E01004810,B16,1,1,1.0
2017-4,E01004820,B24,1,1,1.0
2017-4,E01004820,B25,1,1,1.0
2017-4,E01004820,B27,1,1,1.0
2017-4,E01004820,B28,1,1,1.0
2017-4,E01004820,B6,1,1,1.0
2017-4,E01004822,B28,1,1,1.0
2017-4,E01004823,B15,1,1,1.0
2017-4,E01004823,B28,1,1,1.0
2017-4,E01004833,B13,1,1,1.0
2017-4,E01004834,B26,1,1,1.0
2017-4,E01004839,B28,1,1,1.0
2017-4,E01004840,B25,1,1,1.0
2017-4,E01004847,B26,1,1,1.0
2017-4,E01004863,B26,1,1,1.0
2017-4,E01004865,B26,1,1,1.0
2017-4,E01004872,B26,1,1,1.0
2017-4,E01004875,B25,1,1,1.0
2017-4,E01004875,B26,1,1,1.0
2017-4,E01004879,B26,1,1,1.0
2017-4,E01004881,B16,1,1,1.0
2017-4,E01004886,B25,1,1,1.0
2017-4,E01004887,B18,1,1,1.0
2017-4,E01004904,B25,1,1,1.0
2017-4,E01004908,B25,1,1,1.0
2017-4,E01004920,B13,1,1,1.0
2017-4,E01004926,B25,2,2,1.0
2017-4,E01004929,B13,1,1,1.0
2017-4,E01004941,B16,1,1,1.0
2017-4,E01004947,B18,1,1,1.0
2017-4,E01004950,B24,1,1,1.0
2017-4,E01004950,B26,1,1,1.0
2017-4,E01004953,B25,1,1,1.0
2017-4,E01004958,B26,1,1,1.0
2017-4,E01004961,B25,1,1,1.0
2017-4,E01004967,B25,2,1,2.0
2017-4,E01004985,B16,1,1,1.0
2017-4,E01004995,B26,1,1,1.0
2017-4,E01005002,B6,1,1,1.0
2017-4,E01005008,B26,1,1,1.0
2017-4,E01005012,B25,1,1,1.0
2017-4,E01005013,B26,1,1,1.0
2017-4,E01005026,B1,1,1,1.0
2017-4,E01005026,B26,1,1,1.0
2017-4,E01005032,B26,1,1,1.0
2017-4,E01005032,B6,1,1,1.0
2017-4,E01005033,B26,1,1,1.0
2017-4,E01005034,B25,1,1,1.0
2017-4,E01005035,B26,1,1,1.0
2017-4,E01005036,B13,1,1,1.0
2017-4,E01005036,B15,1,1,1.0
2017-4,E01005037,B4,1,1,1.0
2017-4,E01005041,B26,1,1,1.0
2017-4,E01005042,B26,1,1,1.0
2017-4,E01005042,B6,1,1,1.0
2017-4,E01005043,B18,1,1,1.0
2017-4,E01005044,B1,1,1,1.0
2017-4,E01005044,B26,2,1,2.0
2017-4,E01005045,B15,1,1,1.0
2017-4,E01005049,B25,1,1,1.0
2017-4,E01005050,B25,1,1,1.0
2017-4,E01005061,B25,2,1,2.0
2017-4,E01005062,B25,1,1,1.0
2017-4,E01005063,B25,1,1,1.0
2017-4,E01005067,B26,1,1,1.0
2017-4,E01005069,B25,1,1,1.0
2017-4,E01005075,B18,1,1,1.0
2017-4,E01005075,B25,3,2,1.5
2017-4,E01005079,B13,1,1,1.0
2017-4,E01005079,B25,3,1,3.0
2017-4,E01005079,B26,1,1,1.0
2017-4,E01005081,B25,1,1,1.0
2017-4,E01005090,B25,2,1,2.0
2017-4,E01005098,B19,1,1,1.0
2017-4,E01005098,B25,1,1,1.0
2017-4,E01005105,B17,1,1,1.0
2017-4,E01005107,B28,1,1,1.0
2017-4,E01005108,B26,1,1,1.0
2017-4,E01005118,B1,1,1,1.0
2017-4,E01005120,B28,1,1,1.0
2017-4,E01005121,B16,1,1,1.0
2017-4,E01005121,B6,2,2,1.0
2017-4,E01005122,B13,1,1,1.0
2017-4,E01005122,B16,1,1,1.0
2017-4,E01005122,B25,1,1,1.0
2017-4,E01005129,B25,1,1,1.0
2017-4,E01005133,B16,1,1,1.0
2017-4,E01005133,B18,1,1,1.0
2017-4,E01005133,B26,1,1,1.0
2017-4,E01005140,B25,1,1,1.0
2017-4,E01005140,B26,1,1,1.0
2017-4,E01005142,B25,1,1,1.0
2017-4,E01005146,B25,1,1,1.0
2017-4,E01005153,B15,1,1,1.0
2017-4,E01005159,B14,2,1,2.0
2017-4,E01005161,B26,1,1,1.0
2017-4,E01005164,B25,1,1,1.0
2017-4,E01005171,B25,2,2,1.0
2017-4,E01005172,B19,1,1,1.0
2017-4,E01005172,B25,2,1,2.0
2017-4,E01005175,B1,1,1,1.0
2017-4,E01005178,B26,4,1,4.0
2017-4,E01005186,B26,2,1,2.0
2017-4,E01005192,B26,2,1,2.0
2017-4,E01005194,B26,1,1,1.0
2017-4,E01005198,B26,1,1,1.0
2017-4,E01005199,B26,1,1,1.0
2017-4,E01005200,B25,1,1,1.0
2017-4,E01005203,B25,2,2,1.0
2017-4,E01005209,B24,1,1,1.0
2017-4,E01005212,B25,1,1,1.0
2017-4,E01005216,B15,1,1,1.0
2017-4,E01005218,B26,1,1,1.0
2017-4,E01005219,B17,1,1,1.0
2017-4,E01005219,B19,1,1,1.0
2017-4,E01005219,B26,12,5,2.4
2017-4,E01005220,B26,2,2,1.0
2017-4,E01005221,B16,1,1,1.0
2017-4,E01005221,B26,10,7,1.4285714285714286
2017-4,E01005221,B6,2,1,2.0
2017-4,E01005222,B26,4,3,1.3333333333333333
2017-4,E01005222,B6,1,1,1.0
2017-4,E01005225,B13,1,1,1.0
2017-4,E01005226,B26,1,1,1.0
2017-4,E01005229,B25,4,2,2.0
2017-4,E01005232,B25,1,1,1.0
2017-4,E01005232,B26,1,1,1.0
2017-4,E01005236,B19,1,1,1.0
2017-4,E01005236,B26,1,1,1.0
2017-4,E01005239,B13,1,1,1.0
2017-4,E01005241,B16,1,1,1.0
2017-4,E01005243,B19,1,1,1.0
2017-4,E01005243,B25,1,1,1.0
2017-4,E01005248,B25,2,1,2.0
2017-4,E01005249,B16,1,1,1.0
2017-4,E01005249,B25,1,1,1.0
2017-4,E01005250,B25,1,1,1.0
2017-4,E01005251,B26,1,1,1.0
2017-4,E01005256,B25,1,1,1.0
2017-4,E01005257,B25,1,1,1.0
2017-4,E01005260,B25,2,1,2.0
2017-4,E01005263,B18,1,1,1.0
2017-4,E01005264,B25,1,1,1.0
2017-4,E01005264,B26,1,1,1.0
2017-4,E01005265,B25,1,1,1.0
2017-4,E01005268,B25,2,2,1.0
2017-4,E01005271,B13,1,1,1.0
2017-4,E01005271,B25,1,1,1.0
2017-4,E01005271,B26,2,1,2.0
2017-4,E01005276,B25,3,3,1.0
2017-4,E01005277,B25,2,2,1.0
2017-4,E01005279,B16,1,1,1.0
2017-4,E01005279,B25,1,1,1.0
2017-4,E01005280,B25,1,1,1.0
2017-4,E01005281,B25,2,2,1.0
2017-4,E01005281,B26,1,1,1.0
2017-4,E01005282,B19,1,1,1.0
2017-4,E01005286,B26,1,1,1.0
2017-4,E01005290,B13,1,1,1.0
2017-4,E01005290,B28,1,1,1.0
2017-4,E01005291,B26,1,1,1.0
2017-4,E01005297,B16,1,1,1.0
2017-4,E01005297,B26,6,3,2.0
2017-4,E01005298,B26,7,5,1.4
2017-4,E01005304,B25,3,2,1.5
2017-4,E01005316,B13,1,1,1.0
2017-4,E01005316,B19,1,1,1.0
2017-4,E01005317,B16,1,1,1.0
2017-4,E01005317,B25,1,1,1.0
2017-4,E01005319,B16,1,1,1.0
2017-4,E01005320,B1,1,1,1.0
2017-4,E01005320,B26,3,1,3.0
2017-4,E01005322,B26,1,1,1.0
2017-4,E01005338,B28,1,1,1.0
2017-4,E01005343,B26,1,1,1.0
2017-4,E01005345,B25,1,1,1.0
2017-4,E01005350,B19,2,1,2.0
2017-4,E01005350,B26,1,1,1.0
2017-4,E01005353,B26,1,1,1.0
2017-4,E01005373,B13,6,1,6.0
2017-4,E01005376,B25,1,1,1.0
2017-4,E01005386,B25,1,1,1.0
2017-4,E01005398,B13,1,1,1.0
2017-4,E01005410,B25,1,1,1.0
2017-4,E01005416,B17,1,1,1.0
2017-4,E01005427,B18,1,1,1.0
2017-4,E01005439,B26,1,1,1.0
2017-4,E01005450,B26,1,1,1.0
2017-4,E01005478,B18,2,2,1.0
2017-4,E01005489,B26,1,1,1.0
2017-4,E01005494,B14,1,1,1.0
2017-4,E01005496,B16,1,1,1.0
2017-4,E01005498,B24,1,1,1.0
2017-4,E01005498,B26,1,1,1.0
2017-4,E01005499,B26,1,1,1.0
2017-4,E01005499,B28,2,1,2.0
2017-4,E01005501,B26,2,2,1.0
2017-4,E01005518,B26,2,1,2.0
2017-4,E01005526,B25,1,1,1.0
2017-4,E01005536,B25,1,1,1.0
2017-4,E01005542,B16,1,1,1.0
2017-4,E01005554,B25,1,1,1.0
2017-4,E01005555,B25,1,1,1.0
2017-4,E01005561,B26,1,1,1.0
2017-4,E01005566,B16,1,1,1.0
2017-4,E01005574,B28,1,1,1.0
2017-4,E01005595,B26,1,1,1.0
2017-4,E01005601,B16,1,1,1.0
2017-4,E01005622,B16,1,1,1.0
2017-4,E01005623,B16,1,1,1.0
2017-4,E01005639,B16,1,1,1.0
2017-4,E01005702,B16,1,1,1.0
2017-4,E01005708,B16,1,1,1.0
2017-4,E01005744,B16,2,2,1.0
2017-4,E01005748,B25,1,1,1.0
2017-4,E01005769,B25,1,1,1.0
2017-4,E01005773,B25,1,1,1.0
2017-4,E01005773,B26,1,1,1.0
2017-4,E01005774,B26,2,1,2.0
2017-4,E01005776,B28,1,1,1.0
2017-4,E01005789,B25,1,1,1.0
2017-4,E01005823,B1,1,1,1.0
2017-4,E01005830,B28,1,1,1.0
2017-4,E01005837,B1,1,1,1.0
2017-4,E01005838,B26,1,1,1.0
2017-4,E01005844,B13,1,1,1.0
2017-4,E01005858,B18,1,1,1.0
2017-4,E01005861,B18,1,1,1.0
2017-4,E01005867,B25,2,2,1.0
2017-4,E01005869,B16,1,1,1.0
2017-4,E01005872,B1,2,2,1.0
2017-4,E01005877,B13,1,1,1.0
2017-4,E01005882,B26,1,1,1.0
2017-4,E01005885,B18,1,1,1.0
2017-4,E01005908,B25,1,1,1.0
2017-4,E01005917,B19,1,1,1.0
2017-4,E01005917,B6,1,1,1.0
2017-4,E01005924,B13,1,1,1.0
2017-4,E01005943,B1,1,1,1.0
2017-4,E01005946,B1,1,1,1.0
2017-4,E01005947,B26,1,1,1.0
2017-4,E01005947,B6,1,1,1.0
2017-4,E01005948,B26,1,1,1.0
2017-4,E01005951,B26,1,1,1.0
2017-4,E01005961,B15,1,1,1.0
2017-4,E01005961,B26,1,1,1.0
2017-4,E01005972,B1,1,1,1.0
2017-4,E01005979,B28,1,1,1.0
2017-4,E01005985,B27,2,1,2.0
2017-4,E01006020,B28,1,1,1.0
2017-4,E01006022,B19,1,1,1.0
2017-4,E01006028,B25,1,1,1.0
2017-4,E01006034,B16,1,1,1.0
2017-4,E01006035,B25,2,2,1.0
2017-4,E01006044,B28,1,1,1.0
2017-4,E01006045,B25,1,1,1.0
2017-4,E01006045,B26,4,1,4.0
2017-4,E01006051,B16,1,1,1.0
2017-4,E01006052,B25,1,1,1.0
2017-4,E01006078,B18,1,1,1.0
2017-4,E01006087,B13,1,1,1.0
2017-4,E01006087,B24,1,1,1.0
2017-4,E01006087,B28,2,1,2.0
2017-4,E01006095,B25,1,1,1.0
2017-4,E01006103,B25,1,1,1.0
2017-4,E01006107,B24,1,1,1.0
2017-4,E01006107,B25,1,1,1.0
2017-4,E01006109,B26,1,1,1.0
2017-4,E01006110,B26,10,2,5.0
2017-4,E01006115,B25,1,1,1.0
2017-4,E01006116,B25,1,1,1.0
2017-4,E01006118,B25,2,2,1.0
2017-4,E01006119,B25,2,1,2.0
2017-4,E01006120,B18,1,1,1.0
2017-4,E01006120,B25,4,4,1.0
2017-4,E01006121,B25,4,4,1.0
2017-4,E01006121,B6,1,1,1.0
2017-4,E01006123,B25,1,1,1.0
2017-4,E01006124,B18,1,1,1.0
2017-4,E01006124,B25,1,1,1.0
2017-4,E01006125,B25,2,2,1.0
2017-4,E01006126,B25,1,1,1.0
2017-4,E01006126,B26,1,1,1.0
2017-4,E01006127,B16,1,1,1.0
2017-4,E01006127,B26,1,1,1.0
2017-4,E01006128,B26,1,1,1.0
2017-4,E01006129,B18,1,1,1.0
2017-4,E01006129,B19,1,1,1.0
2017-4,E01006129,B26,1,1,1.0
2017-4,E01006130,B25,1,1,1.0
2017-4,E01006131,B26,1,1,1.0
2017-4,E01006132,B13,1,1,1.0
2017-4,E01006135,B19,1,1,1.0
2017-4,E01006136,B13,1,1,1.0
2017-4,E01006138,B16,1,1,1.0
2017-4,E01006138,B19,1,1,1.0
2017-4,E01006138,B26,2,2,1.0
2017-4,E01006141,B26,1,1,1.0
2017-4,E01006142,B15,1,1,1.0
2017-4,E01006142,B25,2,2,1.0
2017-4,E01006143,B25,3,2,1.5
2017-4,E01006144,B26,3,2,1.5
2017-4,E01006145,B26,1,1,1.0
2017-4,E01006146,B14,1,1,1.0
2017-4,E01006149,B19,1,1,1.0
2017-4,E01006153,B25,1,1,1.0
2017-4,E01006158,B17,1,1,1.0
2017-4,E01006159,B15,1,1,1.0
2017-4,E01006162,B25,1,1,1.0
2017-4,E01006164,B25,3,2,1.5
2017-4,E01006170,B19,1,1,1.0
2017-4,E01006175,B26,1,1,1.0
2017-4,E01006179,B1,1,1,1.0
2017-4,E01006179,B25,3,2,1.5
2017-4,E01006180,B14,1,1,1.0
2017-4,E01006180,B25,1,1,1.0
2017-4,E01006181,B26,1,1,1.0
2017-4,E01006182,B15,1,1,1.0
2017-4,E01006182,B26,3,3,1.0
2017-4,E01006183,B17,1,1,1.0
2017-4,E01006183,B19,1,1,1.0
2017-4,E01006186,B21,1,1,1.0
2017-4,E01006186,B26,1,1,1.0
2017-4,E01006187,B14,1,1,1.0
2017-4,E01006187,B15,1,1,1.0
2017-4,E01006187,B26,5,3,1.6666666666666667
2017-4,E01006187,B6,1,1,1.0
2017-4,E01006188,B14,1,1,1.0
2017-4,E01006188,B26,1,1,1.0
2017-4,E01006189,B26,5,1,5.0
2017-4,E01006190,B25,1,1,1.0
2017-4,E01006193,B14,1,1,1.0
2017-4,E01006197,B14,1,1,1.0
2017-4,E01006197,B19,2,1,2.0
2017-4,E01006197,B25,2,2,1.0
2017-4,E01006197,B26,1,1,1.0
2017-4,E01006198,B26,1,1,1.0
2017-4,E01006200,B15,1,1,1.0
2017-4,E01006200,B26,1,1,1.0
2017-4,E01006201,B26,1,1,1.0
2017-4,E01006202,B26,1,1,1.0
2017-4,E01006204,B13,1,1,1.0
2017-4,E01006206,B26,1,1,1.0
2017-4,E01006206,B28,1,1,1.0
2017-4,E01006208,B25,1,1,1.0
2017-4,E01006209,B13,1,1,1.0
2017-4,E01006228,B13,1,1,1.0
2017-4,E01006231,B13,1,1,1.0
2017-4,E01006245,B19,1,1,1.0
2017-4,E01006245,B28,1,1,1.0
2017-4,E01006252,B1,1,1,1.0
2017-4,E01006252,B16,5,1,5.0
2017-4,E01006256,B26,1,1,1.0
2017-4,E01006264,B25,1,1,1.0
2017-4,E01006268,B26,1,1,1.0
2017-4,E01006304,B19,1,1,1.0
2017-4,E01006316,B13,1,1,1.0
2017-4,E01006337,B15,1,1,1.0
2017-4,E01006337,B19,1,1,1.0
2017-4,E01006349,B16,1,1,1.0
2017-4,E01006370,B25,1,1,1.0
2017-4,E01006372,B13,1,1,1.0
2017-4,E01006376,B25,1,1,1.0
2017-4,E01006395,B28,1,1,1.0
2017-4,E01006403,B13,1,1,1.0
2017-4,E01006404,B15,1,1,1.0
2017-4,E01006433,B25,1,1,1.0
2017-4,E01006438,B26,1,1,1.0
2017-4,E01006459,B17,1,1,1.0
2017-4,E01006460,B26,2,1,2.0
2017-4,E01006464,B25,1,1,1.0
2017-4,E01006464,B27,1,1,1.0
2017-4,E01006503,B13,1,1,1.0
2017-4,E01006503,B25,1,1,1.0
2017-4,E01006510,B16,1,1,1.0
2017-4,E01006513,B26,1,1,1.0
2017-4,E01006514,B26,2,1,2.0
2017-4,E01006525,B25,1,1,1.0
2017-4,E01006537,B26,1,1,1.0
2017-4,E01006541,B16,1,1,1.0
2017-4,E01006542,B1,1,1,1.0
2017-4,E01006556,B26,1,1,1.0
2017-4,E01006571,B16,1,1,1.0
2017-4,E01006571,B24,1,1,1.0
2017-4,E01006571,B25,1,1,1.0
2017-4,E01006574,B18,1,1,1.0
2017-4,E01006592,B18,1,1,1.0
2017-4,E01006606,B1,1,1,1.0
2017-4,E01006663,B25,1,1,1.0
2017-4,E01006672,B26,1,1,1.0
2017-4,E01006674,B14,1,1,1.0
2017-4,E01006674,B26,3,1,3.0
2017-4,E01006676,B18,1,1,1.0
2017-4,E01006676,B26,1,1,1.0
2017-4,E01006679,B26,4,1,4.0
2017-4,E01006691,B25,1,1,1.0
2017-4,E01006697,B26,1,1,1.0
2017-4,E01006698,B26,1,1,1.0
2017-4,E01006706,B26,1,1,1.0
2017-4,E01006716,B25,1,1,1.0
2017-4,E01006719,B25,1,1,1.0
2017-4,E01006725,B28,1,1,1.0
2017-4,E01006738,B26,4,1,4.0
2017-4,E01006740,B1,1,1,1.0
2017-4,E01006745,B25,1,1,1.0
2017-4,E01006756,B26,2,1,2.0
2017-4,E01006760,B25,1,1,1.0
2017-4,E01006761,B16,1,1,1.0
2017-4,E01006776,B25,1,1,1.0
2017-4,E01006799,B26,1,1,1.0
2017-4,E01006804,B25,1,1,1.0
2017-4,E01006827,B26,1,1,1.0
2017-4,E01006848,B25,1,1,1.0
2017-4,E01006869,B25,1,1,1.0
2017-4,E01006873,B26,1,1,1.0
2017-4,E01006877,B26,1,1,1.0
2017-4,E01006888,B13,1,1,1.0
2017-4,E01006893,B13,3,1,3.0
2017-4,E01006895,B25,1,1,1.0
2017-4,E01006900,B1,1,1,1.0
2017-4,E01006905,B24,1,1,1.0
2017-4,E01006910,B25,2,1,2.0
2017-4,E01006974,B18,1,1,1.0
2017-4,E01006985,B26,1,1,1.0
2017-4,E01007025,B26,1,1,1.0
2017-4,E01007054,B1,1,1,1.0
2017-4,E01007060,B19,1,1,1.0
2017-4,E01007085,B18,1,1,1.0
2017-4,E01007095,B15,1,1,1.0
2017-4,E01007118,B1,1,1,1.0
2017-4,E01007122,B26,1,1,1.0
2017-4,E01007126,B25,1,1,1.0
2017-4,E01007140,B16,1,1,1.0
2017-4,E01007144,B16,1,1,1.0
2017-4,E01007156,B19,1,1,1.0
2017-4,E01007161,B28,1,1,1.0
2017-4,E01007176,B26,1,1,1.0
2017-4,E01007187,B25,2,1,2.0
2017-4,E01007193,B16,1,1,1.0
2017-4,E01007193,B6,1,1,1.0
2017-4,E01007194,B26,1,1,1.0
2017-4,E01007217,B13,1,1,1.0
2017-4,E01007229,B26,1,1,1.0
2017-4,E01007238,B28,1,1,1.0
2017-4,E01007242,B1,1,1,1.0
2017-4,E01007253,B16,1,1,1.0
2017-4,E01007274,B16,1,1,1.0
2017-4,E01007274,B28,1,1,1.0
2017-4,E01007276,B19,1,1,1.0
2017-4,E01007281,B26,1,1,1.0
2017-4,E01007292,B28,1,1,1.0
2017-4,E01007296,B26,1,1,1.0
2017-4,E01007297,B28,1,1,1.0
2017-4,E01007308,B25,1,1,1.0
2017-4,E01007327,B13,1,1,1.0
2017-4,E01007327,B26,3,1,3.0
2017-4,E01007327,B28,2,1,2.0
2017-4,E01007329,B26,1,1,1.0
2017-4,E01007369,B13,1,1,1.0
2017-4,E01007369,B16,1,1,1.0
2017-4,E01007369,B18,1,1,1.0
2017-4,E01007370,B16,2,2,1.0
2017-4,E01007370,B26,2,2,1.0
2017-4,E01007388,B26,1,1,1.0
2017-4,E01007388,B28,1,1,1.0
2017-4,E01007390,B19,1,1,1.0
2017-4,E01007395,B25,1,1,1.0
2017-4,E01007406,B26,2,2,1.0
2017-4,E01007408,B28,1,1,1.0
2017-4,E01007418,B25,1,1,1.0
2017-4,E01007422,B25,1,1,1.0
2017-4,E01007423,B25,1,1,1.0
2017-4,E01007424,B26,3,3,1.0
2017-4,E01007425,B25,1,1,1.0
2017-4,E01007426,B25,2,2,1.0
2017-4,E01007426,B26,1,1,1.0
2017-4,E01007428,B28,1,1,1.0
2017-4,E01007430,B13,1,1,1.0
2017-4,E01007430,B28,1,1,1.0
2017-4,E01007452,B26,1,1,1.0
2017-4,E01007457,B16,1,1,1.0
2017-4,E01007473,B24,1,1,1.0
2017-4,E01007488,B26,1,1,1.0
2017-4,E01007502,B28,1,1,1.0
2017-4,E01007510,B28,1,1,1.0
2017-4,E01007521,B28,1,1,1.0
2017-4,E01007556,B25,1,1,1.0
2017-4,E01007583,B13,1,1,1.0
2017-4,E01007583,B26,1,1,1.0
2017-4,E01007587,B26,1,1,1.0
2017-4,E01007590,B28,1,1,1.0
2017-4,E01007596,B24,1,1,1.0
2017-4,E01007611,B26,2,1,2.0
2017-4,E01007612,B26,2,1,2.0
2017-4,E01007613,B25,2,1,2.0
2017-4,E01007624,B25,1,1,1.0
2017-4,E01007632,B26,1,1,1.0
2017-4,E01007640,B16,1,1,1.0
2017-4,E01007641,B16,1,1,1.0
2017-4,E01007645,B26,1,1,1.0
2017-4,E01007646,B26,1,1,1.0
2017-4,E01007655,B26,1,1,1.0
2017-4,E01007661,B25,1,1,1.0
2017-4,E01007661,B26,1,1,1.0
2017-4,E01007664,B26,2,1,2.0
2017-4,E01007665,B19,1,1,1.0
2017-4,E01007665,B26,1,1,1.0
2017-4,E01007666,B25,1,1,1.0
2017-4,E01007673,B24,2,1,2.0
2017-4,E01007683,B25,1,1,1.0
2017-4,E01007692,B13,1,1,1.0
2017-4,E01007696,B16,3,1,3.0
2017-4,E01007696,B26,1,1,1.0
2017-4,E01007699,B26,1,1,1.0
2017-4,E01007708,B26,1,1,1.0
2017-4,E01007718,B16,1,1,1.0
2017-4,E01007743,B19,1,1,1.0
2017-4,E01007744,B26,1,1,1.0
2017-4,E01007750,B25,1,1,1.0
2017-4,E01007750,B26,1,1,1.0
2017-4,E01007753,B26,1,1,1.0
2017-4,E01007754,B16,1,1,1.0
2017-4,E01007760,B6,1,1,1.0
2017-4,E01007764,B25,1,1,1.0
2017-4,E01007771,B26,1,1,1.0
2017-4,E01007779,B26,1,1,1.0
2017-4,E01007801,B25,2,1,2.0
2017-4,E01007802,B18,1,1,1.0
2017-4,E01007810,B26,1,1,1.0
2017-4,E01007827,B19,1,1,1.0
2017-4,E01007832,B13,1,1,1.0
2017-4,E01007833,B26,1,1,1.0
2017-4,E01007842,B18,1,1,1.0
2017-4,E01007842,B25,1,1,1.0
2017-4,E01007848,B26,1,1,1.0
2017-4,E01007851,B16,1,1,1.0
2017-4,E01007854,B25,1,1,1.0
2017-4,E01007855,B19,1,1,1.0
2017-4,E01007857,B26,1,1,1.0
2017-4,E01007860,B14,1,1,1.0
2017-4,E01007863,B14,1,1,1.0
2017-4,E01007866,B14,2,1,2.0
2017-4,E01007866,B16,1,1,1.0
2017-4,E01007869,B17,1,1,1.0
2017-4,E01007869,B26,1,1,1.0
2017-4,E01007877,B16,1,1,1.0
2017-4,E01007885,B26,1,1,1.0
2017-4,E01007886,B26,1,1,1.0
2017-4,E01007889,B13,1,1,1.0
2017-4,E01007897,B28,1,1,1.0
2017-4,E01007906,B19,1,1,1.0
2017-4,E01007915,B26,1,1,1.0
2017-4,E01007921,B13,1,1,1.0
2017-4,E01007922,B19,1,1,1.0
2017-4,E01007924,B26,1,1,1.0
2017-4,E01007932,B1,1,1,1.0
2017-4,E01007935,B14,3,1,3.0
2017-4,E01007935,B16,1,1,1.0
2017-4,E01007935,B6,1,1,1.0
2017-4,E01007936,B16,1,1,1.0
2017-4,E01007936,B26,1,1,1.0
2017-4,E01007939,B18,1,1,1.0
2017-4,E01007940,B13,1,1,1.0
2017-4,E01007942,B19,1,1,1.0
2017-4,E01007942,B26,5,1,5.0
2017-4,E01007944,B26,1,1,1.0
2017-4,E01007949,B19,1,1,1.0
2017-4,E01007949,B26,6,2,3.0
2017-4,E01007953,B1,1,1,1.0
2017-4,E01007961,B26,2,2,1.0
2017-4,E01007974,B26,1,1,1.0
2017-4,E01007976,B16,2,2,1.0
2017-4,E01007976,B26,2,2,1.0
2017-4,E01007978,B26,1,1,1.0
2017-4,E01007982,B13,1,1,1.0
2017-4,E01007983,B14,1,1,1.0
2017-4,E01007987,B18,1,1,1.0
2017-4,E01007991,B16,1,1,1.0
2017-4,E01007991,B19,1,1,1.0
2017-4,E01007991,B25,1,1,1.0
2017-4,E01007992,B25,1,1,1.0
2017-4,E01007994,B25,1,1,1.0
2017-4,E01007996,B14,1,1,1.0
2017-4,E01007996,B25,1,1,1.0
2017-4,E01008002,B4,1,1,1.0
2017-4,E01008002,B6,1,1,1.0
2017-4,E01008005,B26,1,1,1.0
2017-4,E01008012,B26,3,1,3.0
2017-4,E01008013,B26,1,1,1.0
2017-4,E01008018,B15,1,1,1.0
2017-4,E01008018,B16,1,1,1.0
2017-4,E01008018,B26,4,2,2.0
2017-4,E01008019,B16,1,1,1.0
2017-4,E01008030,B26,1,1,1.0
2017-4,E01008032,B19,1,1,1.0
2017-4,E01008033,B13,1,1,1.0
2017-4,E01008036,B24,1,1,1.0
2017-4,E01008037,B15,1,1,1.0
2017-4,E01008039,B25,1,1,1.0
2017-4,E01008042,B4,1,1,1.0
2017-4,E01008046,B14,1,1,1.0
2017-4,E01008052,B13,1,1,1.0
2017-4,E01008055,B26,1,1,1.0
2017-4,E01008060,B28,1,1,1.0
2017-4,E01008065,B14,1,1,1.0
2017-4,E01008066,B26,1,1,1.0
2017-4,E01008073,B1,1,1,1.0
2017-4,E01008074,B19,1,1,1.0
2017-4,E01008085,B16,1,1,1.0
2017-4,E01008087,B26,1,1,1.0
2017-4,E01008091,B25,1,1,1.0
2017-4,E01008091,B26,1,1,1.0
2017-4,E01008093,B25,1,1,1.0
2017-4,E01008105,B17,1,1,1.0
2017-4,E01008111,B13,1,1,1.0
2017-4,E01008112,B26,3,2,1.5
2017-4,E01008117,B26,1,1,1.0
2017-4,E01008123,B26,1,1,1.0
2017-4,E01008124,B25,1,1,1.0
2017-4,E01008131,B19,1,1,1.0
2017-4,E01008135,B13,1,1,1.0
2017-4,E01008135,B26,3,2,1.5
2017-4,E01008141,B26,1,1,1.0
2017-4,E01008152,B26,1,1,1.0
2017-4,E01008159,B13,1,1,1.0
2017-4,E01008163,B16,1,1,1.0
2017-4,E01008163,B26,1,1,1.0
2017-4,E01008168,B24,1,1,1.0
2017-4,E01008170,B14,1,1,1.0
2017-4,E01008174,B13,1,1,1.0
2017-4,E01008193,B24,1,1,1.0
2017-4,E01008208,B24,1,1,1.0
2017-4,E01008220,B13,1,1,1.0
2017-4,E01008220,B14,1,1,1.0
2017-4,E01008221,B13,1,1,1.0
2017-4,E01008221,B6,1,1,1.0
2017-4,E01008236,B26,1,1,1.0
2017-4,E01008241,B13,2,1,2.0
2017-4,E01008252,B26,1,1,1.0
2017-4,E01008293,B27,1,1,1.0
2017-4,E01008321,B25,1,1,1.0
2017-4,E01008331,B28,1,1,1.0
2017-4,E01008349,B1,1,1,1.0
2017-4,E01008349,B16,1,1,1.0
2017-4,E01008382,B26,1,1,1.0
2017-4,E01008387,B16,1,1,1.0
2017-4,E01008406,B26,1,1,1.0
2017-4,E01008436,B26,1,1,1.0
2017-4,E01008453,B25,1,1,1.0
2017-4,E01008478,B25,1,1,1.0
2017-4,E01008479,B24,1,1,1.0
2017-4,E01008490,B18,1,1,1.0
2017-4,E01008490,B26,1,1,1.0
2017-4,E01008491,B26,1,1,1.0
2017-4,E01008519,B24,1,1,1.0
2017-4,E01008527,B6,1,1,1.0
2017-4,E01008540,B26,1,1,1.0
2017-4,E01008552,B26,1,1,1.0
2017-4,E01008553,B26,1,1,1.0
2017-4,E01008560,B16,1,1,1.0
2017-4,E01008608,B19,1,1,1.0
2017-4,E01008613,B13,2,1,2.0
2017-4,E01008618,B25,1,1,1.0
2017-4,E01008665,B13,1,1,1.0
2017-4,E01008672,B26,1,1,1.0
2017-4,E01008693,B26,1,1,1.0
2017-4,E01008709,B25,1,1,1.0
2017-4,E01008712,B26,1,1,1.0
2017-4,E01008717,B13,1,1,1.0
2017-4,E01008727,B16,1,1,1.0
2017-4,E01008742,B15,1,1,1.0
2017-4,E01008747,B13,1,1,1.0
2017-4,E01008747,B26,1,1,1.0
2017-4,E01008755,B13,1,1,1.0
2017-4,E01008763,B25,1,1,1.0
2017-4,E01008768,B17,1,1,1.0
2017-4,E01008791,B26,1,1,1.0
2017-4,E01008825,B16,1,1,1.0
2017-4,E01008848,B26,2,2,1.0
2017-4,E01008849,B26,1,1,1.0
2017-4,E01008850,B25,1,1,1.0
2017-4,E01008850,B26,1,1,1.0
2017-4,E01008853,B25,1,1,1.0
2017-4,E01008863,B28,1,1,1.0
2017-4,E01008867,B19,1,1,1.0
2017-4,E01008869,B13,1,1,1.0
2017-4,E01008874,B26,1,1,1.0
2017-4,E01008883,B16,1,1,1.0
2017-4,E01008883,B18,1,1,1.0
2017-4,E01008884,B19,1,1,1.0
2017-4,E01008884,B24,1,1,1.0
2017-4,E01008884,B26,1,1,1.0
2017-4,E01008889,B25,1,1,1.0
2017-4,E01008890,B15,1,1,1.0
2017-4,E01008899,B1,1,1,1.0
2017-4,E01008899,B26,1,1,1.0
2017-4,E01008907,B26,6,3,2.0
2017-4,E01008910,B13,1,1,1.0
2017-4,E01008914,B16,1,1,1.0
2017-4,E01008914,B24,1,1,1.0
2017-4,E01008915,B18,1,1,1.0
2017-4,E01008921,B25,1,1,1.0
2017-4,E01008923,B26,1,1,1.0
2017-4,E01008930,B18,2,2,1.0
2017-4,E01008930,B26,3,1,3.0
2017-4,E01008933,B26,3,2,1.5
2017-4,E01008939,B13,2,1,2.0
2017-4,E01008939,B26,1,1,1.0
2017-4,E01008940,B24,1,1,1.0
2017-4,E01008943,B1,1,1,1.0
2017-4,E01008943,B26,1,1,1.0
2017-4,E01008947,B13,1,1,1.0
2017-4,E01008948,B13,1,1,1.0
2017-4,E01008950,B16,1,1,1.0
2017-4,E01008950,B25,1,1,1.0
2017-4,E01008953,B18,1,1,1.0
2017-4,E01008956,B25,1,1,1.0
2017-4,E01008959,B19,1,1,1.0
2017-4,E01008962,B25,2,2,1.0
2017-4,E01008965,B1,1,1,1.0
2017-4,E01008967,B26,1,1,1.0
2017-4,E01008969,B26,1,1,1.0
2017-4,E01008973,B26,1,1,1.0
2017-4,E01008975,B18,1,1,1.0
2017-4,E01008977,B26,1,1,1.0
2017-4,E01008980,B16,2,2,1.0
2017-4,E01008984,B28,1,1,1.0
2017-4,E01008988,B26,1,1,1.0
2017-4,E01008989,B25,1,1,1.0
2017-4,E01008994,B26,1,1,1.0
2017-4,E01009001,B16,1,1,1.0
2017-4,E01009018,B24,1,1,1.0
2017-4,E01009019,B26,1,1,1.0
2017-4,E01009024,B26,1,1,1.0
2017-4,E01009036,B24,1,1,1.0
2017-4,E01009042,B16,1,1,1.0
2017-4,E01009056,B1,1,1,1.0
2017-4,E01009056,B26,2,2,1.0
2017-4,E01009059,B26,1,1,1.0
2017-4,E01009062,B26,2,1,2.0
2017-4,E01009066,B17,1,1,1.0
2017-4,E01009071,B27,1,1,1.0
2017-4,E01009075,B15,1,1,1.0
2017-4,E01009075,B19,1,1,1.0
2017-4,E01009077,B13,1,1,1.0
2017-4,E01009082,B25,1,1,1.0
2017-4,E01009091,B13,1,1,1.0
2017-4,E01009100,B26,3,1,3.0
2017-4,E01009102,B16,1,1,1.0
2017-4,E01009102,B25,1,1,1.0
2017-4,E01009107,B15,1,1,1.0
2017-4,E01009107,B18,1,1,1.0
2017-4,E01009107,B19,1,1,1.0
2017-4,E01009107,B25,1,1,1.0
2017-4,E01009107,B26,1,1,1.0
2017-4,E01009113,B25,1,1,1.0
2017-4,E01009116,B1,2,1,2.0
2017-4,E01009116,B25,1,1,1.0
2017-4,E01009118,B19,1,1,1.0
2017-4,E01009119,B13,1,1,1.0
2017-4,E01009119,B25,1,1,1.0
2017-4,E01009120,B19,1,1,1.0
2017-4,E01009120,B26,1,1,1.0
2017-4,E01009121,B18,1,1,1.0
2017-4,E01009126,B18,1,1,1.0
2017-4,E01009131,B25,1,1,1.0
2017-4,E01009132,B26,1,1,1.0
2017-4,E01009134,B25,1,1,1.0
2017-4,E01009136,B16,1,1,1.0
2017-4,E01009139,B26,1,1,1.0
2017-4,E01009141,B25,1,1,1.0
2017-4,E01009143,B18,1,1,1.0
2017-4,E01009146,B13,1,1,1.0
2017-4,E01009146,B14,2,1,2.0
2017-4,E01009146,B19,6,2,3.0
2017-4,E01009146,B24,1,1,1.0
2017-4,E01009146,B26,1,1,1.0
2017-4,E01009153,B26,1,1,1.0
2017-4,E01009157,B26,2,1,2.0
2017-4,E01009159,B26,1,1,1.0
2017-4,E01009163,B25,1,1,1.0
2017-4,E01009168,B13,1,1,1.0
2017-4,E01009175,B16,1,1,1.0
2017-4,E01009176,B25,1,1,1.0
2017-4,E01009184,B13,1,1,1.0
2017-4,E01009202,B25,2,1,2.0
2017-4,E01009207,B26,1,1,1.0
2017-4,E01009208,B25,1,1,1.0
2017-4,E01009209,B1,1,1,1.0
2017-4,E01009212,B13,1,1,1.0
2017-4,E01009215,B13,2,1,2.0
2017-4,E01009215,B26,1,1,1.0
2017-4,E01009216,B13,1,1,1.0
2017-4,E01009216,B18,2,1,2.0
2017-4,E01009219,B13,1,1,1.0
2017-4,E01009219,B25,1,1,1.0
2017-4,E01009228,B25,1,1,1.0
2017-4,E01009245,B19,1,1,1.0
2017-4,E01009245,B24,2,1,2.0
2017-4,E01009256,B25,1,1,1.0
2017-4,E01009261,B26,1,1,1.0
2017-4,E01009263,B26,4,1,4.0
2017-4,E01009264,B26,1,1,1.0
2017-4,E01009265,B26,1,1,1.0
2017-4,E01009266,B26,3,1,3.0
2017-4,E01009269,B26,7,1,7.0
2017-4,E01009270,B26,3,1,3.0
2017-4,E01009273,B16,1,1,1.0
2017-4,E01009273,B26,1,1,1.0
2017-4,E01009274,B26,2,2,1.0
2017-4,E01009275,B18,1,1,1.0
2017-4,E01009275,B19,1,1,1.0
2017-4,E01009276,B26,1,1,1.0
2017-4,E01009280,B24,1,1,1.0
2017-4,E01009284,B14,3,1,3.0
2017-4,E01009284,B25,1,1,1.0
2017-4,E01009291,B1,1,1,1.0
2017-4,E01009291,B28,1,1,1.0
2017-4,E01009294,B25,2,2,1.0
2017-4,E01009294,B26,1,1,1.0
2017-4,E01009320,B24,1,1,1.0
2017-4,E01009335,B26,1,1,1.0
2017-4,E01009340,B24,1,1,1.0
2017-4,E01009342,B19,1,1,1.0
2017-4,E01009350,B26,3,3,1.0
2017-4,E01009353,B25,1,1,1.0
2017-4,E01009353,B26,1,1,1.0
2017-4,E01009354,B19,2,2,1.0
2017-4,E01009354,B26,1,1,1.0
2017-4,E01009354,B27,1,1,1.0
2017-4,E01009355,B26,1,1,1.0
2017-4,E01009359,B14,1,1,1.0
2017-4,E01009359,B19,1,1,1.0
2017-4,E01009359,B25,1,1,1.0
2017-4,E01009359,B26,4,2,2.0
2017-4,E01009360,B26,1,1,1.0
2017-4,E01009363,B24,1,1,1.0
2017-4,E01009364,B16,1,1,1.0
2017-4,E01009364,B26,1,1,1.0
2017-4,E01009365,B25,1,1,1.0
2017-4,E01009366,B14,1,1,1.0
2017-4,E01009367,B13,1,1,1.0
2017-4,E01009367,B17,1,1,1.0
2017-4,E01009367,B19,1,1,1.0
2017-4,E01009367,B26,1,1,1.0
2017-4,E01009368,B26,2,1,2.0
2017-4,E01009375,B13,1,1,1.0
2017-4,E01009376,B1,1,1,1.0
2017-4,E01009376,B26,1,1,1.0
2017-4,E01009378,B18,2,2,1.0
2017-4,E01009378,B26,1,1,1.0
2017-4,E01009378,B4,1,1,1.0
2017-4,E01009382,B1,1,1,1.0
2017-4,E01009382,B15,1,1,1.0
2017-4,E01009382,B26,7,3,2.3333333333333335
2017-4,E01009385,B13,1,1,1.0
2017-4,E01009391,B16,1,1,1.0
2017-4,E01009391,B19,2,1,2.0
2017-4,E01009391,B26,6,5,1.2
2017-4,E01009392,B19,1,1,1.0
2017-4,E01009392,B25,1,1,1.0
2017-4,E01009392,B26,4,3,1.3333333333333333
2017-4,E01009393,B18,1,1,1.0
2017-4,E01009393,B26,1,1,1.0
2017-4,E01009400,B13,1,1,1.0
2017-4,E01009401,B17,1,1,1.0
2017-4,E01009401,B25,1,1,1.0
2017-4,E01009407,B1,1,1,1.0
2017-4,E01009423,B25,1,1,1.0
2017-4,E01009424,B15,1,1,1.0
2017-4,E01009427,B18,1,1,1.0
2017-4,E01009427,B19,1,1,1.0
2017-4,E01009427,B26,1,1,1.0
2017-4,E01009428,B25,1,1,1.0
2017-4,E01009438,B25,1,1,1.0
2017-4,E01009440,B25,1,1,1.0
2017-4,E01009441,B25,2,2,1.0
2017-4,E01009441,B26,2,2,1.0
2017-4,E01009443,B26,1,1,1.0
2017-4,E01009447,B24,1,1,1.0
2017-4,E01009449,B13,2,2,1.0
2017-4,E01009449,B25,1,1,1.0
2017-4,E01009449,B26,1,1,1.0
2017-4,E01009450,B25,2,1,2.0
2017-4,E01009450,B26,1,1,1.0
2017-4,E01009451,B18,1,1,1.0
2017-4,E01009454,B25,1,1,1.0
2017-4,E01009456,B26,1,1,1.0
2017-4,E01009467,B16,1,1,1.0
2017-4,E01009467,B24,1,1,1.0
2017-4,E01009485,B1,2,1,2.0
2017-4,E01009485,B18,1,1,1.0
2017-4,E01009485,B26,3,2,1.5
2017-4,E01009489,B1,1,1,1.0
2017-4,E01009489,B16,1,1,1.0
2017-4,E01009489,B26,1,1,1.0
2017-4,E01009496,B1,1,1,1.0
2017-4,E01009501,B15,1,1,1.0
2017-4,E01009501,B16,1,1,1.0
2017-4,E01009501,B26,6,2,3.0
2017-4,E01009502,B26,1,1,1.0
2017-4,E01009515,B19,1,1,1.0
2017-4,E01009516,B1,1,1,1.0
2017-4,E01009520,B16,1,1,1.0
2017-4,E01009521,B16,1,1,1.0
2017-4,E01009529,B26,1,1,1.0
2017-4,E01009531,B25,1,1,1.0
2017-4,E01009559,B15,1,1,1.0
2017-4,E01009559,B16,1,1,1.0
2017-4,E01009571,B1,1,1,1.0
2017-4,E01009571,B26,1,1,1.0
2017-4,E01009572,B26,2,1,2.0
2017-4,E01009580,B16,1,1,1.0
2017-4,E01009580,B18,1,1,1.0
2017-4,E01009585,B19,1,1,1.0
2017-4,E01009592,B26,1,1,1.0
2017-4,E01009607,B28,1,1,1.0
2017-4,E01009611,B26,1,1,1.0
2017-4,E01009619,B13,1,1,1.0
2017-4,E01009630,B26,1,1,1.0
2017-4,E01009641,B25,1,1,1.0
2017-4,E01009642,B18,1,1,1.0
2017-4,E01009644,B27,1,1,1.0
2017-4,E01009662,B19,1,1,1.0
2017-4,E01009662,B26,1,1,1.0
2017-4,E01009670,B16,1,1,1.0
2017-4,E01009672,B26,1,1,1.0
2017-4,E01009686,B26,1,1,1.0
2017-4,E01009691,B16,1,1,1.0
2017-4,E01009697,B6,1,1,1.0
2017-4,E01009701,B25,1,1,1.0
2017-4,E01009707,B13,1,1,1.0
2017-4,E01009721,B14,1,1,1.0
2017-4,E01009731,B24,1,1,1.0
2017-4,E01009732,B16,1,1,1.0
2017-4,E01009734,B13,1,1,1.0
2017-4,E01009746,B26,1,1,1.0
2017-4,E01009758,B1,1,1,1.0
2017-4,E01009765,B26,1,1,1.0
2017-4,E01009773,B13,1,1,1.0
2017-4,E01009776,B24,1,1,1.0
2017-4,E01009802,B13,1,1,1.0
2017-4,E01009804,B25,1,1,1.0
2017-4,E01009809,B26,1,1,1.0
2017-4,E01009816,B25,1,1,1.0
2017-4,E01009817,B25,2,1,2.0
2017-4,E01009818,B13,1,1,1.0
2017-4,E01009820,B15,1,1,1.0
2017-4,E01009838,B25,1,1,1.0
2017-4,E01009840,B18,1,1,1.0
2017-4,E01009852,B25,1,1,1.0
2017-4,E01009856,B13,1,1,1.0
2017-4,E01009867,B13,1,1,1.0
2017-4,E01009881,B26,6,3,2.0
2017-4,E01009884,B25,1,1,1.0
2017-4,E01009886,B16,1,1,1.0
2017-4,E01009898,B26,1,1,1.0
2017-4,E01009906,B14,1,1,1.0
2017-4,E01009933,B1,1,1,1.0
2017-4,E01009991,B18,1,1,1.0
2017-4,E01009991,B26,1,1,1.0
2017-4,E01010021,B16,1,1,1.0
2017-4,E01010114,B26,1,1,1.0
2017-4,E01010117,B14,1,1,1.0
2017-4,E01010125,B17,1,1,1.0
2017-4,E01010127,B26,1,1,1.0
2017-4,E01010129,B26,1,1,1.0
2017-4,E01010156,B26,1,1,1.0
2017-4,E01010164,B25,1,1,1.0
2017-4,E01010164,B26,1,1,1.0
2017-4,E01010165,B25,1,1,1.0
2017-4,E01010166,B25,1,1,1.0
2017-4,E01010168,B19,1,1,1.0
2017-4,E01010168,B25,1,1,1.0
2017-4,E01010174,B26,1,1,1.0
2017-4,E01010180,B18,1,1,1.0
2017-4,E01010189,B19,1,1,1.0
2017-4,E01010192,B1,1,1,1.0
2017-4,E01010200,B13,2,1,2.0
2017-4,E01010211,B19,1,1,1.0
2017-4,E01010213,B13,1,1,1.0
2017-4,E01010214,B25,1,1,1.0
2017-4,E01010217,B25,1,1,1.0
2017-4,E01010219,B13,1,1,1.0
2017-4,E01010221,B26,1,1,1.0
2017-4,E01010227,B14,1,1,1.0
2017-4,E01010227,B26,1,1,1.0
2017-4,E01010241,B25,1,1,1.0
2017-4,E01010242,B25,1,1,1.0
2017-4,E01010244,B4,1,1,1.0
2017-4,E01010246,B1,1,1,1.0
2017-4,E01010246,B26,1,1,1.0
2017-4,E01010249,B13,1,1,1.0
2017-4,E01010249,B25,2,1,2.0
2017-4,E01010251,B25,1,1,1.0
2017-4,E01010251,B7,1,1,1.0
2017-4,E01010256,B25,1,1,1.0
2017-4,E01010266,B16,1,1,1.0
2017-4,E01010271,B13,1,1,1.0
2017-4,E01010283,B18,1,1,1.0
2017-4,E01010288,B28,1,1,1.0
2017-4,E01010291,B26,1,1,1.0
2017-4,E01010302,B25,1,1,1.0
2017-4,E01010308,B25,1,1,1.0
2017-4,E01010335,B26,1,1,1.0
2017-4,E01010337,B16,1,1,1.0
2017-4,E01010342,B1,1,1,1.0
2017-4,E01010342,B26,1,1,1.0
2017-4,E01010361,B16,1,1,1.0
2017-4,E01010363,B13,1,1,1.0
2017-4,E01010369,B26,1,1,1.0
2017-4,E01010371,B26,1,1,1.0
2017-4,E01010372,B26,3,1,3.0
2017-4,E01010375,B25,1,1,1.0
2017-4,E01010389,B13,1,1,1.0
2017-4,E01010397,B25,1,1,1.0
2017-4,E01010405,B16,1,1,1.0
2017-4,E01010405,B18,1,1,1.0
2017-4,E01010406,B24,1,1,1.0
2017-4,E01010423,B25,1,1,1.0
2017-4,E01010433,B26,1,1,1.0
2017-4,E01010461,B19,1,1,1.0
2017-4,E01010475,B25,1,1,1.0
2017-4,E01010477,B28,1,1,1.0
2017-4,E01010506,B19,1,1,1.0
2017-4,E01010508,B25,1,1,1.0
2017-4,E01010510,B1,1,1,1.0
2017-4,E01010523,B26,1,1,1.0
2017-4,E01010535,B16,1,1,1.0
2017-4,E01010542,B18,1,1,1.0
2017-4,E01010544,B19,1,1,1.0
2017-4,E01010547,B25,2,1,2.0
2017-4,E01010550,B25,2,1,2.0
2017-4,E01010553,B25,2,2,1.0
2017-4,E01010566,B19,1,1,1.0
2017-4,E01010569,B28,1,1,1.0
2017-4,E01010575,B25,1,1,1.0
2017-4,E01010604,B16,3,1,3.0
2017-4,E01010605,B26,1,1,1.0
2017-4,E01010614,B16,1,1,1.0
2017-4,E01010635,B28,1,1,1.0
2017-4,E01010639,B13,1,1,1.0
2017-4,E01010643,B16,1,1,1.0
2017-4,E01010651,B18,1,1,1.0
2017-4,E01010651,B26,1,1,1.0
2017-4,E01010688,B16,2,1,2.0
2017-4,E01010691,B19,1,1,1.0
2017-4,E01010705,B28,1,1,1.0
2017-4,E01010720,B13,1,1,1.0
2017-4,E01010722,B26,1,1,1.0
2017-4,E01010729,B26,1,1,1.0
2017-4,E01010730,B19,1,1,1.0
2017-4,E01010733,B18,1,1,1.0
2017-4,E01010747,B18,1,1,1.0
2017-4,E01010754,B13,1,1,1.0
2017-4,E01010784,B28,1,1,1.0
2017-4,E01010798,B27,1,1,1.0
2017-4,E01010810,B25,1,1,1.0
2017-4,E01010817,B18,2,2,1.0
2017-4,E01010819,B26,1,1,1.0
2017-4,E01010820,B26,1,1,1.0
2017-4,E01010825,B19,1,1,1.0
2017-4,E01010834,B16,1,1,1.0
2017-4,E01010848,B26,1,1,1.0
2017-4,E01010850,B16,1,1,1.0
2017-4,E01010861,B18,1,1,1.0
2017-4,E01010863,B16,1,1,1.0
2017-4,E01010879,B6,1,1,1.0
2017-4,E01010883,B26,1,1,1.0
2017-4,E01010890,B16,1,1,1.0
2017-4,E01010892,B26,1,1,1.0
2017-4,E01010894,B26,1,1,1.0
2017-4,E01010903,B16,1,1,1.0
2017-4,E01010903,B25,1,1,1.0
2017-4,E01010907,B18,2,1,2.0
2017-4,E01010908,B1,1,1,1.0
2017-4,E01010910,B13,1,1,1.0
2017-4,E01010912,B26,1,1,1.0
2017-4,E01010912,B28,1,1,1.0
2017-4,E01010929,B13,1,1,1.0
2017-4,E01010938,B26,1,1,1.0
2017-4,E01010943,B18,1,1,1.0
2017-4,E01010951,B26,1,1,1.0
2017-4,E01010976,B26,1,1,1.0
2017-4,E01010983,B26,1,1,1.0
2017-4,E01011004,B26,1,1,1.0
2017-4,E01011011,B25,1,1,1.0
2017-4,E01011014,B18,1,1,1.0
2017-4,E01011014,B26,1,1,1.0
2017-4,E01011019,B19,1,1,1.0
2017-4,E01011028,B1,1,1,1.0
2017-4,E01011028,B19,1,1,1.0
2017-4,E01011028,B24,1,1,1.0
2017-4,E01011031,B16,1,1,1.0
2017-4,E01011032,B13,1,1,1.0
2017-4,E01011040,B1,1,1,1.0
2017-4,E01011040,B26,1,1,1.0
2017-4,E01011043,B26,1,1,1.0
2017-4,E01011046,B28,1,1,1.0
2017-4,E01011054,B26,1,1,1.0
2017-4,E01011068,B16,1,1,1.0
2017-4,E01011077,B1,1,1,1.0
2017-4,E01011078,B28,1,1,1.0
2017-4,E01011079,B25,1,1,1.0
2017-4,E01011083,B19,1,1,1.0
2017-4,E01011085,B24,1,1,1.0
2017-4,E01011087,B25,1,1,1.0
2017-4,E01011091,B26,1,1,1.0
2017-4,E01011103,B16,1,1,1.0
2017-4,E01011103,B26,2,1,2.0
2017-4,E01011107,B14,1,1,1.0
2017-4,E01011107,B26,3,2,1.5
2017-4,E01011113,B25,1,1,1.0
2017-4,E01011128,B25,1,1,1.0
2017-4,E01011134,B26,1,1,1.0
2017-4,E01011140,B26,1,1,1.0
2017-4,E01011144,B26,2,1,2.0
2017-4,E01011152,B25,1,1,1.0
2017-4,E01011159,B26,1,1,1.0
2017-4,E01011167,B18,1,1,1.0
2017-4,E01011170,B26,1,1,1.0
2017-4,E01011173,B25,1,1,1.0
2017-4,E01011177,B25,1,1,1.0
2017-4,E01011180,B26,1,1,1.0
2017-4,E01011182,B25,2,1,2.0
2017-4,E01011190,B18,1,1,1.0
2017-4,E01011198,B19,1,1,1.0
2017-4,E01011201,B26,1,1,1.0
2017-4,E01011209,B13,1,1,1.0
2017-4,E01011209,B24,1,1,1.0
2017-4,E01011210,B26,1,1,1.0
2017-4,E01011223,B25,1,1,1.0
2017-4,E01011223,B26,2,1,2.0
2017-4,E01011229,B27,1,1,1.0
2017-4,E01011234,B26,1,1,1.0
2017-4,E01011236,B19,1,1,1.0
2017-4,E01011236,B26,1,1,1.0
2017-4,E01011238,B26,1,1,1.0
2017-4,E01011251,B26,1,1,1.0
2017-4,E01011252,B26,1,1,1.0
2017-4,E01011263,B26,1,1,1.0
2017-4,E01011275,B16,1,1,1.0
2017-4,E01011279,B18,1,1,1.0
2017-4,E01011292,B26,1,1,1.0
2017-4,E01011296,B1,1,1,1.0
2017-4,E01011328,B15,1,1,1.0
2017-4,E01011352,B16,1,1,1.0
2017-4,E01011358,B26,1,1,1.0
2017-4,E01011370,B16,1,1,1.0
2017-4,E01011370,B18,1,1,1.0
2017-4,E01011373,B14,1,1,1.0
2017-4,E01011373,B26,1,1,1.0
2017-4,E01011378,B26,1,1,1.0
2017-4,E01011392,B18,1,1,1.0
2017-4,E01011393,B26,1,1,1.0
2017-4,E01011402,B16,1,1,1.0
2017-4,E01011405,B28,1,1,1.0
2017-4,E01011426,B26,1,1,1.0
2017-4,E01011428,B1,1,1,1.0
2017-4,E01011430,B18,2,2,1.0
2017-4,E01011440,B16,1,1,1.0
2017-4,E01011467,B18,1,1,1.0
2017-4,E01011492,B25,1,1,1.0
2017-4,E01011494,B25,1,1,1.0
2017-4,E01011536,B18,1,1,1.0
2017-4,E01011592,B16,1,1,1.0
2017-4,E01011592,B18,1,1,1.0
2017-4,E01011599,B26,1,1,1.0
2017-4,E01011602,B18,1,1,1.0
2017-4,E01011612,B26,2,1,2.0
2017-4,E01011622,B16,1,1,1.0
2017-4,E01011622,B26,2,1,2.0
2017-4,E01011626,B26,1,1,1.0
2017-4,E01011642,B18,1,1,1.0
2017-4,E01011671,B1,1,1,1.0
2017-4,E01011691,B26,1,1,1.0
2017-4,E01011693,B26,1,1,1.0
2017-4,E01011696,B26,2,1,2.0
2017-4,E01011718,B1,1,1,1.0
2017-4,E01011730,B13,1,1,1.0
2017-4,E01011737,B26,1,1,1.0
2017-4,E01011758,B25,3,1,3.0
2017-4,E01011760,B13,1,1,1.0
2017-4,E01011760,B18,1,1,1.0
2017-4,E01011805,B16,1,1,1.0
2017-4,E01011814,B26,1,1,1.0
2017-4,E01011822,B26,1,1,1.0
2017-4,E01011826,B26,1,1,1.0
2017-4,E01011849,B28,1,1,1.0
2017-4,E01011865,B26,1,1,1.0
2017-4,E01011866,B17,1,1,1.0
2017-4,E01011875,B26,1,1,1.0
2017-4,E01011894,B16,2,1,2.0
2017-4,E01011916,B25,1,1,1.0
2017-4,E01011929,B25,1,1,1.0
2017-4,E01011935,B26,1,1,1.0
2017-4,E01011942,B26,1,1,1.0
2017-4,E01011944,B26,1,1,1.0
2017-4,E01011945,B24,1,1,1.0
2017-4,E01011946,B16,1,1,1.0
2017-4,E01011955,B19,2,1,2.0
2017-4,E01011974,B15,1,1,1.0
2017-4,E01011975,B26,1,1,1.0
2017-4,E01011996,B24,1,1,1.0
2017-4,E01011997,B16,1,1,1.0
2017-4,E01011998,B19,1,1,1.0
2017-4,E01011998,B25,1,1,1.0
2017-4,E01011998,B26,3,1,3.0
2017-4,E01012001,B13,1,1,1.0
2017-4,E01012002,B26,1,1,1.0
2017-4,E01012007,B26,1,1,1.0
2017-4,E01012011,B18,1,1,1.0
2017-4,E01012038,B26,1,1,1.0
2017-4,E01012041,B16,1,1,1.0
2017-4,E01012057,B28,1,1,1.0
2017-4,E01012088,B28,1,1,1.0
2017-4,E01012094,B26,1,1,1.0
2017-4,E01012102,B26,1,1,1.0
2017-4,E01012110,B15,1,1,1.0
2017-4,E01012139,B16,1,1,1.0
2017-4,E01012139,B28,1,1,1.0
2017-4,E01012143,B18,1,1,1.0
2017-4,E01012145,B19,1,1,1.0
2017-4,E01012147,B25,1,1,1.0
2017-4,E01012155,B13,1,1,1.0
2017-4,E01012163,B1,1,1,1.0
2017-4,E01012202,B26,1,1,1.0
2017-4,E01012203,B6,1,1,1.0
2017-4,E01012204,B6,1,1,1.0
2017-4,E01012231,B18,1,1,1.0
2017-4,E01012237,B28,1,1,1.0
2017-4,E01012239,B16,1,1,1.0
2017-4,E01012239,B25,1,1,1.0
2017-4,E01012240,B19,1,1,1.0
2017-4,E01012262,B14,1,1,1.0
2017-4,E01012262,B18,1,1,1.0
2017-4,E01012262,B26,1,1,1.0
2017-4,E01012264,B14,2,1,2.0
2017-4,E01012264,B4,1,1,1.0
2017-4,E01012266,B26,1,1,1.0
2017-4,E01012269,B26,1,1,1.0
2017-4,E01012287,B19,1,1,1.0
2017-4,E01012289,B25,1,1,1.0
2017-4,E01012292,B16,1,1,1.0
2017-4,E01012292,B19,1,1,1.0
2017-4,E01012292,B26,1,1,1.0
2017-4,E01012297,B16,1,1,1.0
2017-4,E01012299,B13,1,1,1.0
2017-4,E01012300,B18,1,1,1.0
2017-4,E01012300,B27,1,1,1.0
2017-4,E01012300,B6,2,1,2.0
2017-4,E01012303,B27,1,1,1.0
2017-4,E01012309,B25,2,1,2.0
2017-4,E01012315,B16,1,1,1.0
2017-4,E01012316,B13,1,1,1.0
2017-4,E01012316,B16,1,1,1.0
2017-4,E01012338,B17,1,1,1.0
2017-4,E01012338,B26,2,1,2.0
2017-4,E01012344,B25,2,1,2.0
2017-4,E01012358,B25,1,1,1.0
2017-4,E01012366,B26,3,2,1.5
2017-4,E01012367,B26,1,1,1.0
2017-4,E01012368,B13,1,1,1.0
2017-4,E01012385,B25,1,1,1.0
2017-4,E01012394,B25,1,1,1.0
2017-4,E01012400,B13,1,1,1.0
2017-4,E01012401,B25,1,1,1.0
2017-4,E01012420,B1,1,1,1.0
2017-4,E01012428,B19,1,1,1.0
2017-4,E01012430,B26,1,1,1.0
2017-4,E01012436,B1,1,1,1.0
2017-4,E01012438,B26,2,1,2.0
2017-4,E01012439,B16,1,1,1.0
2017-4,E01012455,B18,1,1,1.0
2017-4,E01012459,B26,1,1,1.0
2017-4,E01012478,B18,1,1,1.0
2017-4,E01012479,B1,2,1,2.0
2017-4,E01012480,B26,1,1,1.0
2017-4,E01012495,B16,1,1,1.0
2017-4,E01012495,B26,1,1,1.0
2017-4,E01012502,B18,1,1,1.0
2017-4,E01012514,B1,1,1,1.0
2017-4,E01012515,B26,1,1,1.0
2017-4,E01012520,B1,1,1,1.0
2017-4,E01012520,B25,1,1,1.0
2017-4,E01012554,B25,1,1,1.0
2017-4,E01012559,B16,1,1,1.0
2017-4,E01012568,B18,1,1,1.0
2017-4,E01012578,B17,1,1,1.0
2017-4,E01012586,B26,1,1,1.0
2017-4,E01012589,B16,2,1,2.0
2017-4,E01012589,B26,1,1,1.0
2017-4,E01012589,B6,1,1,1.0
2017-4,E01012595,B26,1,1,1.0
2017-4,E01012596,B16,2,1,2.0
2017-4,E01012596,B26,1,1,1.0
2017-4,E01012597,B28,1,1,1.0
2017-4,E01012603,B28,1,1,1.0
2017-4,E01012607,B25,1,1,1.0
2017-4,E01012611,B26,1,1,1.0
2017-4,E01012622,B14,1,1,1.0
2017-4,E01012622,B16,2,1,2.0
2017-4,E01012622,B24,1,1,1.0
2017-4,E01012622,B26,1,1,1.0
2017-4,E01012628,B25,3,1,3.0
2017-4,E01012628,B26,1,1,1.0
2017-4,E01012629,B1,1,1,1.0
2017-4,E01012636,B16,1,1,1.0
2017-4,E01012640,B19,1,1,1.0
2017-4,E01012648,B26,1,1,1.0
2017-4,E01012679,B26,1,1,1.0
2017-4,E01012681,B26,1,1,1.0
2017-4,E01012682,B16,1,1,1.0
2017-4,E01012685,B1,1,1,1.0
2017-4,E01012685,B16,1,1,1.0
2017-4,E01012688,B24,1,1,1.0
2017-4,E01012692,B28,1,1,1.0
2017-4,E01012702,B24,1,1,1.0
2017-4,E01012704,B26,1,1,1.0
2017-4,E01012722,B13,1,1,1.0
2017-4,E01012723,B24,1,1,1.0
2017-4,E01012728,B19,1,1,1.0
2017-4,E01012745,B24,1,1,1.0
2017-4,E01012752,B28,1,1,1.0
2017-4,E01012756,B26,1,1,1.0
2017-4,E01012757,B16,1,1,1.0
2017-4,E01012759,B14,2,1,2.0
2017-4,E01012759,B28,1,1,1.0
2017-4,E01012763,B26,1,1,1.0
2017-4,E01012766,B15,1,1,1.0
2017-4,E01012766,B26,1,1,1.0
2017-4,E01012768,B14,1,1,1.0
2017-4,E01012768,B15,1,1,1.0
2017-4,E01012768,B28,6,1,6.0
2017-4,E01012772,B13,1,1,1.0
2017-4,E01012772,B14,1,1,1.0
2017-4,E01012772,B28,1,1,1.0
2017-4,E01012774,B13,1,1,1.0
2017-4,E01012774,B27,1,1,1.0
2017-4,E01012775,B28,1,1,1.0
2017-4,E01012776,B14,1,1,1.0
2017-4,E01012779,B18,1,1,1.0
2017-4,E01012784,B26,1,1,1.0
2017-4,E01012785,B4,1,1,1.0
2017-4,E01012790,B26,1,1,1.0
2017-4,E01012791,B28,1,1,1.0
2017-4,E01012793,B28,2,1,2.0
2017-4,E01012794,B24,1,1,1.0
2017-4,E01012794,B28,1,1,1.0
2017-4,E01012795,B13,1,1,1.0
2017-4,E01012796,B16,1,1,1.0
2017-4,E01012797,B24,1,1,1.0
2017-4,E01012801,B28,1,1,1.0
2017-4,E01012803,B19,1,1,1.0
2017-4,E01012805,B26,2,2,1.0
2017-4,E01012811,B28,4,1,4.0
2017-4,E01012817,B26,2,1,2.0
2017-4,E01012817,B28,4,2,2.0
2017-4,E01012832,B4,1,1,1.0
2017-4,E01012841,B16,1,1,1.0
2017-4,E01012848,B24,1,1,1.0
2017-4,E01012850,B26,1,1,1.0
2017-4,E01012851,B26,1,1,1.0
2017-4,E01012851,B28,2,1,2.0
2017-4,E01012852,B14,1,1,1.0
2017-4,E01012854,B28,5,1,5.0
2017-4,E01012855,B14,1,1,1.0
2017-4,E01012855,B28,1,1,1.0
2017-4,E01012857,B26,1,1,1.0
2017-4,E01012858,B24,1,1,1.0
2017-4,E01012860,B28,1,1,1.0
2017-4,E01012864,B14,2,1,2.0
2017-4,E01012864,B28,1,1,1.0
2017-4,E01012867,B26,1,1,1.0
2017-4,E01012869,B26,1,1,1.0
2017-4,E01012869,B28,1,1,1.0
2017-4,E01012870,B26,1,1,1.0
2017-4,E01012872,B4,1,1,1.0
2017-4,E01012873,B26,1,1,1.0
2017-4,E01012874,B26,2,1,2.0
2017-4,E01012874,B28,3,1,3.0
2017-4,E01012875,B14,4,1,4.0
2017-4,E01012875,B28,5,1,5.0
2017-4,E01012876,B26,2,1,2.0
2017-4,E01012876,B28,5,1,5.0
2017-4,E01012877,B14,1,1,1.0
2017-4,E01012877,B16,1,1,1.0
2017-4,E01012877,B26,15,1,15.0
2017-4,E01012877,B28,8,1,8.0
2017-4,E01012878,B14,1,1,1.0
2017-4,E01012878,B28,3,1,3.0
2017-4,E01012879,B24,1,1,1.0
2017-4,E01012879,B28,2,1,2.0
2017-4,E01012880,B16,1,1,1.0
2017-4,E01012880,B28,1,1,1.0
2017-4,E01012881,B16,1,1,1.0
2017-4,E01012881,B28,2,1,2.0
2017-4,E01012882,B24,1,1,1.0
2017-4,E01012882,B28,1,1,1.0
2017-4,E01012889,B14,1,1,1.0
2017-4,E01012889,B28,2,1,2.0
2017-4,E01012891,B14,1,1,1.0
2017-4,E01012896,B25,1,1,1.0
2017-4,E01012899,B6,1,1,1.0
2017-4,E01012905,B24,1,1,1.0
2017-4,E01012908,B17,1,1,1.0
2017-4,E01012911,B1,2,1,2.0
2017-4,E01012911,B18,1,1,1.0
2017-4,E01012914,B26,1,1,1.0
2017-4,E01012915,B14,1,1,1.0
2017-4,E01012915,B24,1,1,1.0
2017-4,E01012915,B26,1,1,1.0
2017-4,E01012916,B25,1,1,1.0
2017-4,E01012919,B24,1,1,1.0
2017-4,E01012919,B7,1,1,1.0
2017-4,E01012922,B26,1,1,1.0
2017-4,E01012924,B24,1,1,1.0
2017-4,E01012924,B26,1,1,1.0
2017-4,E01012925,B24,1,1,1.0
2017-4,E01012934,B28,1,1,1.0
2017-4,E01012937,B23,1,1,1.0
2017-4,E01012937,B28,1,1,1.0
2017-4,E01012939,B7,1,1,1.0
2017-4,E01012940,B28,1,1,1.0
2017-4,E01012942,B28,1,1,1.0
2017-4,E01012942,B7,2,1,2.0
2017-4,E01012946,B16,1,1,1.0
2017-4,E01012947,B28,1,1,1.0
2017-4,E01012948,B28,1,1,1.0
2017-4,E01012949,B24,1,1,1.0
2017-4,E01012949,B28,1,1,1.0
2017-4,E01012950,B24,1,1,1.0
2017-4,E01012950,B28,1,1,1.0
2017-4,E01012953,B14,1,1,1.0
2017-4,E01012953,B26,1,1,1.0
2017-4,E01012954,B26,1,1,1.0
2017-4,E01012954,B28,3,1,3.0
2017-4,E01012954,B7,2,1,2.0
2017-4,E01012957,B1,1,1,1.0
2017-4,E01012957,B24,4,1,4.0
2017-4,E01012957,B28,4,1,4.0
2017-4,E01012958,B13,1,1,1.0
2017-4,E01012958,B28,1,1,1.0
2017-4,E01012959,B14,2,1,2.0
2017-4,E01012960,B14,1,1,1.0
2017-4,E01012960,B24,2,1,2.0
2017-4,E01012960,B27,2,1,2.0
2017-4,E01012960,B28,2,1,2.0
2017-4,E01012960,B7,1,1,1.0
2017-4,E01012961,B28,5,1,5.0
2017-4,E01012962,B14,2,1,2.0
2017-4,E01012962,B28,4,1,4.0
2017-4,E01012963,B17,2,1,2.0
2017-4,E01012963,B28,1,1,1.0
2017-4,E01012965,B24,1,1,1.0
2017-4,E01012965,B26,1,1,1.0
2017-4,E01012965,B28,1,1,1.0
2017-4,E01012966,B28,1,1,1.0
2017-4,E01012981,B13,1,1,1.0
2017-4,E01012981,B25,1,1,1.0
2017-4,E01012982,B19,2,1,2.0
2017-4,E01012986,B14,1,1,1.0
2017-4,E01012986,B16,1,1,1.0
2017-4,E01012986,B24,3,1,3.0
2017-4,E01012986,B26,2,1,2.0
2017-4,E01012986,B28,1,1,1.0
2017-4,E01012989,B25,1,1,1.0
2017-4,E01012990,B25,2,1,2.0
2017-4,E01012992,B24,2,1,2.0
2017-4,E01012992,B28,5,1,5.0
2017-4,E01012994,B25,2,1,2.0
2017-4,E01013005,B24,1,1,1.0
2017-4,E01013005,B26,1,1,1.0
2017-4,E01013005,B28,3,1,3.0
2017-4,E01013007,B28,1,1,1.0
2017-4,E01013008,B28,1,1,1.0
2017-4,E01013009,B16,1,1,1.0
2017-4,E01013009,B21,1,1,1.0
2017-4,E01013009,B28,2,1,2.0
2017-4,E01013011,B24,1,1,1.0
2017-4,E01013011,B26,1,1,1.0
2017-4,E01013012,B4,1,1,1.0
2017-4,E01013013,B17,1,1,1.0
2017-4,E01013013,B28,1,1,1.0
2017-4,E01013016,B25,1,1,1.0
2017-4,E01013017,B25,1,1,1.0
2017-4,E01013018,B25,1,1,1.0
2017-4,E01013019,B26,1,1,1.0
2017-4,E01013022,B25,1,1,1.0
2017-4,E01013023,B26,1,1,1.0
2017-4,E01013024,B28,1,1,1.0
2017-4,E01013036,B27,1,1,1.0
2017-4,E01013037,B28,2,1,2.0
2017-4,E01013039,B14,1,1,1.0
2017-4,E01013039,B17,1,1,1.0
2017-4,E01013039,B24,3,1,3.0
2017-4,E01013041,B28,3,1,3.0
2017-4,E01013044,B24,1,1,1.0
2017-4,E01013044,B28,1,1,1.0
2017-4,E01013046,B28,1,1,1.0
2017-4,E01013047,B24,1,1,1.0
2017-4,E01013048,B24,2,1,2.0
2017-4,E01013048,B4,1,1,1.0
2017-4,E01013049,B28,3,1,3.0
2017-4,E01013051,B24,1,1,1.0
2017-4,E01013056,B28,1,1,1.0
2017-4,E01013063,B28,2,1,2.0
2017-4,E01013073,B26,1,1,1.0
2017-4,E01013075,B24,1,1,1.0
2017-4,E01013076,B28,1,1,1.0
2017-4,E01013083,B19,1,1,1.0
2017-4,E01013086,B18,1,1,1.0
2017-4,E01013088,B28,1,1,1.0
2017-4,E01013091,B26,1,1,1.0
2017-4,E01013092,B26,3,1,3.0
2017-4,E01013092,B28,4,1,4.0
2017-4,E01013105,B24,1,1,1.0
2017-4,E01013113,B16,1,1,1.0
2017-4,E01013113,B24,1,1,1.0
2017-4,E01013114,B28,2,1,2.0
2017-4,E01013115,B7,1,1,1.0
2017-4,E01013117,B24,2,1,2.0
2017-4,E01013117,B26,2,1,2.0
2017-4,E01013121,B7,1,1,1.0
2017-4,E01013123,B7,1,1,1.0
2017-4,E01013134,B1,1,1,1.0
2017-4,E01013146,B4,1,1,1.0
2017-4,E01013162,B16,1,1,1.0
2017-4,E01013186,B13,1,1,1.0
2017-4,E01013200,B19,1,1,1.0
2017-4,E01013215,B19,1,1,1.0
2017-4,E01013215,B25,2,1,2.0
2017-4,E01013221,B18,1,1,1.0
2017-4,E01013221,B26,1,1,1.0
2017-4,E01013226,B26,1,1,1.0
2017-4,E01013240,B13,1,1,1.0
2017-4,E01013254,B28,1,1,1.0
2017-4,E01013256,B28,3,1,3.0
2017-4,E01013257,B16,1,1,1.0
2017-4,E01013257,B26,1,1,1.0
2017-4,E01013267,B24,1,1,1.0
2017-4,E01013267,B25,1,1,1.0
2017-4,E01013267,B26,2,1,2.0
2017-4,E01013269,B24,1,1,1.0
2017-4,E01013272,B26,2,1,2.0
2017-4,E01013279,B19,1,1,1.0
2017-4,E01013306,B26,1,1,1.0
2017-4,E01013318,B16,1,1,1.0
2017-4,E01013324,B1,1,1,1.0
2017-4,E01013330,B26,2,2,1.0
2017-4,E01013339,B19,1,1,1.0
2017-4,E01013342,B25,1,1,1.0
2017-4,E01013343,B19,1,1,1.0
2017-4,E01013361,B26,1,1,1.0
2017-4,E01013366,B25,1,1,1.0
2017-4,E01013366,B26,1,1,1.0
2017-4,E01013380,B16,1,1,1.0
2017-4,E01013410,B25,1,1,1.0
2017-4,E01013412,B25,1,1,1.0
2017-4,E01013419,B1,1,1,1.0
2017-4,E01013420,B19,1,1,1.0
2017-4,E01013431,B25,1,1,1.0
2017-4,E01013432,B13,1,1,1.0
2017-4,E01013457,B26,1,1,1.0
2017-4,E01013475,B18,1,1,1.0
2017-4,E01013479,B26,1,1,1.0
2017-4,E01013480,B26,1,1,1.0
2017-4,E01013481,B26,1,1,1.0
2017-4,E01013483,B25,1,1,1.0
2017-4,E01013483,B26,1,1,1.0
2017-4,E01013484,B26,2,1,2.0
2017-4,E01013486,B26,1,1,1.0
2017-4,E01013491,B24,1,1,1.0
2017-4,E01013504,B6,1,1,1.0
2017-4,E01013512,B26,1,1,1.0
2017-4,E01013515,B24,2,1,2.0
2017-4,E01013518,B26,2,1,2.0
2017-4,E01013535,B26,1,1,1.0
2017-4,E01013539,B25,1,1,1.0
2017-4,E01013540,B26,1,1,1.0
2017-4,E01013543,B25,1,1,1.0
2017-4,E01013544,B13,1,1,1.0
2017-4,E01013548,B28,1,1,1.0
2017-4,E01013563,B16,11,2,5.5
2017-4,E01013566,B26,3,2,1.5
2017-4,E01013568,B26,4,1,4.0
2017-4,E01013569,B26,1,1,1.0
2017-4,E01013571,B26,5,2,2.5
2017-4,E01013583,B26,1,1,1.0
2017-4,E01013591,B26,1,1,1.0
2017-4,E01013594,B6,1,1,1.0
2017-4,E01013595,B26,3,2,1.5
2017-4,E01013596,B6,2,1,2.0
2017-4,E01013601,B18,1,1,1.0
2017-4,E01013602,B26,1,1,1.0
2017-4,E01013612,B14,1,1,1.0
2017-4,E01013616,B17,1,1,1.0
2017-4,E01013620,B28,1,1,1.0
2017-4,E01013624,B16,1,1,1.0
2017-4,E01013649,B28,1,1,1.0
2017-4,E01013650,B24,1,1,1.0
2017-4,E01013659,B16,1,1,1.0
2017-4,E01013684,B26,1,1,1.0
2017-4,E01013705,B19,1,1,1.0
2017-4,E01013705,B25,1,1,1.0
2017-4,E01013705,B28,2,1,2.0
2017-4,E01013705,B6,1,1,1.0
2017-4,E01013710,B25,1,1,1.0
2017-4,E01013718,B18,1,1,1.0
2017-4,E01013725,B26,1,1,1.0
2017-4,E01013731,B26,1,1,1.0
2017-4,E01013733,B25,1,1,1.0
2017-4,E01013766,B27,1,1,1.0
2017-4,E01013774,B25,1,1,1.0
2017-4,E01013777,B26,1,1,1.0
2017-4,E01013788,B25,1,1,1.0
2017-4,E01013789,B6,1,1,1.0
2017-4,E01013792,B1,1,1,1.0
2017-4,E01013794,B19,1,1,1.0
2017-4,E01013798,B25,1,1,1.0
2017-4,E01013803,B15,1,1,1.0
2017-4,E01013804,B16,1,1,1.0
2017-4,E01013812,B26,1,1,1.0
2017-4,E01013816,B19,1,1,1.0
2017-4,E01013836,B18,1,1,1.0
2017-4,E01013836,B26,1,1,1.0
2017-4,E01013859,B26,1,1,1.0
2017-4,E01013868,B19,1,1,1.0
2017-4,E01013874,B13,1,1,1.0
2017-4,E01013874,B15,1,1,1.0
2017-4,E01013920,B24,1,1,1.0
2017-4,E01013930,B25,1,1,1.0
2017-4,E01013943,B14,1,1,1.0
2017-4,E01013943,B28,1,1,1.0
2017-4,E01013944,B26,1,1,1.0
2017-4,E01013945,B26,1,1,1.0
2017-4,E01013965,B26,1,1,1.0
2017-4,E01013967,B25,1,1,1.0
2017-4,E01013968,B26,1,1,1.0
2017-4,E01013978,B26,4,1,4.0
2017-4,E01013987,B13,2,1,2.0
2017-4,E01013990,B25,1,1,1.0
2017-4,E01013995,B25,1,1,1.0
2017-4,E01014000,B25,2,2,1.0
2017-4,E01014001,B25,1,1,1.0
2017-4,E01014004,B14,1,1,1.0
2017-4,E01014004,B25,3,2,1.5
2017-4,E01014006,B25,2,2,1.0
2017-4,E01014007,B25,1,1,1.0
2017-4,E01014010,B25,1,1,1.0
2017-4,E01014014,B25,5,1,5.0
2017-4,E01014015,B25,1,1,1.0
2017-4,E01014020,B25,2,1,2.0
2017-4,E01014021,B25,1,1,1.0
2017-4,E01014025,B25,1,1,1.0
2017-4,E01014028,B25,1,1,1.0
2017-4,E01014032,B17,1,1,1.0
2017-4,E01014032,B25,2,1,2.0
2017-4,E01014033,B26,1,1,1.0
2017-4,E01014041,B25,1,1,1.0
2017-4,E01014044,B17,1,1,1.0
2017-4,E01014044,B25,1,1,1.0
2017-4,E01014053,B25,1,1,1.0
2017-4,E01014055,B25,2,1,2.0
2017-4,E01014055,B26,1,1,1.0
2017-4,E01014056,B13,1,1,1.0
2017-4,E01014060,B25,1,1,1.0
2017-4,E01014062,B25,2,1,2.0
2017-4,E01014064,B26,1,1,1.0
2017-4,E01014067,B25,1,1,1.0
2017-4,E01014081,B25,1,1,1.0
2017-4,E01014084,B13,1,1,1.0
2017-4,E01014089,B15,1,1,1.0
2017-4,E01014089,B28,1,1,1.0
2017-4,E01014090,B25,1,1,1.0
2017-4,E01014094,B25,1,1,1.0
2017-4,E01014095,B18,2,1,2.0
2017-4,E01014095,B25,1,1,1.0
2017-4,E01014096,B24,1,1,1.0
2017-4,E01014096,B25,4,2,2.0
2017-4,E01014098,B25,2,1,2.0
2017-4,E01014100,B25,1,1,1.0
2017-4,E01014101,B25,1,1,1.0
2017-4,E01014120,B15,1,1,1.0
2017-4,E01014127,B19,1,1,1.0
2017-4,E01014148,B25,2,1,2.0
2017-4,E01014209,B28,1,1,1.0
2017-4,E01014214,B25,1,1,1.0
2017-4,E01014239,B12,1,1,1.0
2017-4,E01014243,B25,1,1,1.0
2017-4,E01014249,B16,1,1,1.0
2017-4,E01014271,B12,1,1,1.0
2017-4,E01014277,B4,1,1,1.0
2017-4,E01014280,B18,1,1,1.0
2017-4,E01014287,B16,1,1,1.0
2017-4,E01014291,B12,1,1,1.0
2017-4,E01014293,B26,1,1,1.0
2017-4,E01014302,B25,1,1,1.0
2017-4,E01014306,B25,1,1,1.0
2017-4,E01014306,B26,1,1,1.0
2017-4,E01014343,B25,1,1,1.0
2017-4,E01014355,B16,1,1,1.0
2017-4,E01014364,B25,1,1,1.0
2017-4,E01014364,B26,1,1,1.0
2017-4,E01014379,B24,1,1,1.0
2017-4,E01014379,B25,2,2,1.0
2017-4,E01014382,B13,1,1,1.0
2017-4,E01014382,B16,1,1,1.0
2017-4,E01014389,B19,1,1,1.0
2017-4,E01014391,B13,1,1,1.0
2017-4,E01014391,B24,1,1,1.0
2017-4,E01014391,B25,1,1,1.0
2017-4,E01014391,B26,4,4,1.0
2017-4,E01014392,B26,3,1,3.0
2017-4,E01014394,B25,2,2,1.0
2017-4,E01014395,B24,1,1,1.0
2017-4,E01014396,B25,1,1,1.0
2017-4,E01014398,B25,1,1,1.0
2017-4,E01014414,B16,1,1,1.0
2017-4,E01014418,B25,1,1,1.0
2017-4,E01014425,B13,1,1,1.0
2017-4,E01014425,B28,1,1,1.0
2017-4,E01014426,B25,1,1,1.0
2017-4,E01014435,B13,3,1,3.0
2017-4,E01014435,B14,2,1,2.0
2017-4,E01014435,B19,1,1,1.0
2017-4,E01014435,B24,1,1,1.0
2017-4,E01014436,B13,2,1,2.0
2017-4,E01014436,B26,2,1,2.0
2017-4,E01014437,B13,1,1,1.0
2017-4,E01014437,B14,1,1,1.0
2017-4,E01014437,B16,1,1,1.0
2017-4,E01014437,B24,1,1,1.0
2017-4,E01014437,B28,2,1,2.0
2017-4,E01014438,B13,3,1,3.0
2017-4,E01014438,B15,1,1,1.0
2017-4,E01014438,B18,1,1,1.0
2017-4,E01014438,B19,3,1,3.0
2017-4,E01014447,B26,1,1,1.0
2017-4,E01014451,B13,1,1,1.0
2017-4,E01014452,B13,1,1,1.0
2017-4,E01014453,B25,2,1,2.0
2017-4,E01014454,B25,1,1,1.0
2017-4,E01014456,B28,1,1,1.0
2017-4,E01014459,B19,4,1,4.0
2017-4,E01014459,B25,3,2,1.5
2017-4,E01014460,B25,1,1,1.0
2017-4,E01014463,B15,1,1,1.0
2017-4,E01014463,B19,2,1,2.0
2017-4,E01014463,B25,2,1,2.0
2017-4,E01014463,B26,4,1,4.0
2017-4,E01014464,B26,1,1,1.0
2017-4,E01014469,B28,2,1,2.0
2017-4,E01014471,B13,1,1,1.0
2017-4,E01014471,B4,1,1,1.0
2017-4,E01014472,B28,1,1,1.0
2017-4,E01014473,B14,1,1,1.0
2017-4,E01014484,B16,1,1,1.0
2017-4,E01014485,B25,2,1,2.0
2017-4,E01014486,B16,1,1,1.0
2017-4,E01014486,B22,1,1,1.0
2017-4,E01014486,B23,1,1,1.0
2017-4,E01014486,B25,2,2,1.0
2017-4,E01014486,B26,1,1,1.0
2017-4,E01014487,B25,2,2,1.0
2017-4,E01014488,B23,1,1,1.0
2017-4,E01014488,B26,3,3,1.0
2017-4,E01014488,B28,2,1,2.0
2017-4,E01014489,B14,1,1,1.0
2017-4,E01014489,B16,1,1,1.0
2017-4,E01014489,B25,2,1,2.0
2017-4,E01014489,B26,2,2,1.0
2017-4,E01014491,B16,1,1,1.0
2017-4,E01014492,B22,1,1,1.0
2017-4,E01014492,B29,1,1,1.0
2017-4,E01014493,B25,1,1,1.0
2017-4,E01014494,B17,1,1,1.0
2017-4,E01014495,B17,1,1,1.0
2017-4,E01014495,B25,1,1,1.0
2017-4,E01014496,B16,2,2,1.0
2017-4,E01014496,B18,1,1,1.0
2017-4,E01014496,B23,1,1,1.0
2017-4,E01014497,B23,1,1,1.0
2017-4,E01014498,B13,1,1,1.0
2017-4,E01014498,B16,1,1,1.0
2017-4,E01014499,B23,1,1,1.0
2017-4,E01014499,B24,1,1,1.0
2017-4,E01014500,B24,1,1,1.0
2017-4,E01014500,B25,4,4,1.0
2017-4,E01014500,B7,1,1,1.0
2017-4,E01014501,B13,1,1,1.0
2017-4,E01014501,B19,1,1,1.0
2017-4,E01014501,B25,3,2,1.5
2017-4,E01014501,B26,1,1,1.0
2017-4,E01014501,B6,4,2,2.0
2017-4,E01014502,B13,1,1,1.0
2017-4,E01014502,B19,1,1,1.0
2017-4,E01014504,B6,2,1,2.0
2017-4,E01014505,B23,2,2,1.0
2017-4,E01014506,B19,2,1,2.0
2017-4,E01014506,B24,1,1,1.0
2017-4,E01014507,B26,2,1,2.0
2017-4,E01014509,B13,1,1,1.0
2017-4,E01014509,B19,1,1,1.0
2017-4,E01014509,B27,1,1,1.0
2017-4,E01014509,B29,1,1,1.0
2017-4,E01014510,B25,2,2,1.0
2017-4,E01014511,B7,1,1,1.0
2017-4,E01014513,B23,1,1,1.0
2017-4,E01014513,B25,1,1,1.0
2017-4,E01014513,B6,1,1,1.0
2017-4,E01014514,B25,1,1,1.0
2017-4,E01014514,B26,2,2,1.0
2017-4,E01014514,B7,1,1,1.0
2017-4,E01014515,B19,1,1,1.0
2017-4,E01014517,B13,1,1,1.0
2017-4,E01014519,B24,1,1,1.0
2017-4,E01014520,B23,1,1,1.0
2017-4,E01014522,B13,1,1,1.0
2017-4,E01014523,B23,1,1,1.0
2017-4,E01014525,B16,1,1,1.0
2017-4,E01014525,B19,1,1,1.0
2017-4,E01014525,B26,1,1,1.0
2017-4,E01014526,B26,1,1,1.0
2017-4,E01014528,B19,1,1,1.0
2017-4,E01014528,B29,1,1,1.0
2017-4,E01014530,B26,1,1,1.0
2017-4,E01014531,B23,1,1,1.0
2017-4,E01014531,B24,1,1,1.0
2017-4,E01014531,B26,4,3,1.3333333333333333
2017-4,E01014533,B27,1,1,1.0
2017-4,E01014535,B26,2,1,2.0
2017-4,E01014536,B19,1,1,1.0
2017-4,E01014540,B18,2,2,1.0
2017-4,E01014540,B19,2,1,2.0
2017-4,E01014540,B25,1,1,1.0
2017-4,E01014540,B26,1,1,1.0
2017-4,E01014540,B3,2,2,1.0
2017-4,E01014542,B13,1,1,1.0
2017-4,E01014542,B19,1,1,1.0
2017-4,E01014542,B23,1,1,1.0
2017-4,E01014542,B24,1,1,1.0
2017-4,E01014542,B25,1,1,1.0
2017-4,E01014542,B26,2,2,1.0
2017-4,E01014544,B15,1,1,1.0
2017-4,E01014544,B28,1,1,1.0
2017-4,E01014546,B23,2,1,2.0
2017-4,E01014546,B25,1,1,1.0
2017-4,E01014547,B19,2,2,1.0
2017-4,E01014547,B24,1,1,1.0
2017-4,E01014547,B26,2,2,1.0
2017-4,E01014547,B28,1,1,1.0
2017-4,E01014548,B13,1,1,1.0
2017-4,E01014549,B7,1,1,1.0
2017-4,E01014550,B6,2,1,2.0
2017-4,E01014550,B7,1,1,1.0
2017-4,E01014551,B26,2,1,2.0
2017-4,E01014552,B14,2,1,2.0
2017-4,E01014552,B23,1,1,1.0
2017-4,E01014552,B25,1,1,1.0
2017-4,E01014554,B13,1,1,1.0
2017-4,E01014554,B24,2,2,1.0
2017-4,E01014555,B19,1,1,1.0
2017-4,E01014555,B25,1,1,1.0
2017-4,E01014555,B26,1,1,1.0
2017-4,E01014557,B19,1,1,1.0
2017-4,E01014558,B24,1,1,1.0
2017-4,E01014560,B23,1,1,1.0
2017-4,E01014561,B23,1,1,1.0
2017-4,E01014562,B23,1,1,1.0
2017-4,E01014563,B25,1,1,1.0
2017-4,E01014563,B26,1,1,1.0
2017-4,E01014563,B29,1,1,1.0
2017-4,E01014564,B25,1,1,1.0
2017-4,E01014564,B26,1,1,1.0
2017-4,E01014565,B18,1,1,1.0
2017-4,E01014565,B23,1,1,1.0
2017-4,E01014566,B18,4,1,4.0
2017-4,E01014567,B27,2,2,1.0
2017-4,E01014568,B16,1,1,1.0
2017-4,E01014568,B19,1,1,1.0
2017-4,E01014568,B23,2,2,1.0
2017-4,E01014568,B24,1,1,1.0
2017-4,E01014568,B26,3,3,1.0
2017-4,E01014568,B7,1,1,1.0
2017-4,E01014571,B25,1,1,1.0
2017-4,E01014572,B23,1,1,1.0
2017-4,E01014574,B22,1,1,1.0
2017-4,E01014574,B26,3,1,3.0
2017-4,E01014575,B13,1,1,1.0
2017-4,E01014575,B23,1,1,1.0
2017-4,E01014575,B29,1,1,1.0
2017-4,E01014577,B13,1,1,1.0
2017-4,E01014578,B18,1,1,1.0
2017-4,E01014578,B19,1,1,1.0
2017-4,E01014578,B25,2,2,1.0
2017-4,E01014579,B23,1,1,1.0
2017-4,E01014581,B23,1,1,1.0
2017-4,E01014582,B13,1,1,1.0
2017-4,E01014583,B25,2,2,1.0
2017-4,E01014587,B19,1,1,1.0
2017-4,E01014588,B13,2,2,1.0
2017-4,E01014590,B25,1,1,1.0
2017-4,E01014591,B27,1,1,1.0
2017-4,E01014593,B23,1,1,1.0
2017-4,E01014597,B25,1,1,1.0
2017-4,E01014597,B7,1,1,1.0
2017-4,E01014598,B16,1,1,1.0
2017-4,E01014598,B19,1,1,1.0
2017-4,E01014599,B19,1,1,1.0
2017-4,E01014599,B25,4,2,2.0
2017-4,E01014600,B19,1,1,1.0
2017-4,E01014600,B26,1,1,1.0
2017-4,E01014601,B25,2,1,2.0
2017-4,E01014602,B19,1,1,1.0
2017-4,E01014603,B19,1,1,1.0
2017-4,E01014605,B25,1,1,1.0
2017-4,E01014605,B27,1,1,1.0
2017-4,E01014608,B19,1,1,1.0
2017-4,E01014608,B23,1,1,1.0
2017-4,E01014608,B7,1,1,1.0
2017-4,E01014609,B16,2,2,1.0
2017-4,E01014609,B26,1,1,1.0
2017-4,E01014610,B19,1,1,1.0
2017-4,E01014611,B19,1,1,1.0
2017-4,E01014614,B7,1,1,1.0
2017-4,E01014615,B23,1,1,1.0
2017-4,E01014616,B19,3,3,1.0
2017-4,E01014617,B29,1,1,1.0
2017-4,E01014618,B19,3,2,1.5
2017-4,E01014619,B19,1,1,1.0
2017-4,E01014619,B25,4,1,4.0
2017-4,E01014623,B1,1,1,1.0
2017-4,E01014623,B25,1,1,1.0
2017-4,E01014623,B7,1,1,1.0
2017-4,E01014624,B17,1,1,1.0
2017-4,E01014624,B19,1,1,1.0
2017-4,E01014624,B7,1,1,1.0
2017-4,E01014626,B1,1,1,1.0
2017-4,E01014626,B24,1,1,1.0
2017-4,E01014626,B25,1,1,1.0
2017-4,E01014626,B26,1,1,1.0
2017-4,E01014630,B29,1,1,1.0
2017-4,E01014632,B23,1,1,1.0
2017-4,E01014632,B25,4,3,1.3333333333333333
2017-4,E01014632,B29,1,1,1.0
2017-4,E01014633,B25,2,1,2.0
2017-4,E01014634,B13,1,1,1.0
2017-4,E01014634,B29,1,1,1.0
2017-4,E01014635,B15,2,2,1.0
2017-4,E01014636,B13,2,1,2.0
2017-4,E01014637,B13,1,1,1.0
2017-4,E01014638,B25,1,1,1.0
2017-4,E01014638,B26,1,1,1.0
2017-4,E01014639,B19,1,1,1.0
2017-4,E01014639,B28,1,1,1.0
2017-4,E01014642,B13,1,1,1.0
2017-4,E01014642,B7,1,1,1.0
2017-4,E01014643,B7,2,1,2.0
2017-4,E01014645,B13,1,1,1.0
2017-4,E01014647,B13,1,1,1.0
2017-4,E01014648,B18,2,1,2.0
2017-4,E01014648,B25,1,1,1.0
2017-4,E01014649,B19,1,1,1.0
2017-4,E01014650,B25,1,1,1.0
2017-4,E01014651,B19,1,1,1.0
2017-4,E01014651,B23,1,1,1.0
2017-4,E01014653,B26,5,3,1.6666666666666667
2017-4,E01014653,B6,1,1,1.0
2017-4,E01014654,B28,1,1,1.0
2017-4,E01014655,B18,1,1,1.0
2017-4,E01014655,B23,1,1,1.0
2017-4,E01014655,B26,1,1,1.0
2017-4,E01014655,B28,1,1,1.0
2017-4,E01014658,B16,1,1,1.0
2017-4,E01014658,B25,1,1,1.0
2017-4,E01014658,B27,1,1,1.0
2017-4,E01014658,B7,1,1,1.0
2017-4,E01014659,B13,1,1,1.0
2017-4,E01014659,B26,1,1,1.0
2017-4,E01014659,B7,1,1,1.0
2017-4,E01014660,B15,1,1,1.0
2017-4,E01014660,B16,2,1,2.0
2017-4,E01014660,B17,1,1,1.0
2017-4,E01014660,B23,1,1,1.0
2017-4,E01014660,B26,1,1,1.0
2017-4,E01014660,B6,1,1,1.0
2017-4,E01014661,B19,1,1,1.0
2017-4,E01014661,B26,2,2,1.0
2017-4,E01014662,B25,1,1,1.0
2017-4,E01014663,B13,1,1,1.0
2017-4,E01014663,B23,1,1,1.0
2017-4,E01014663,B6,2,1,2.0
2017-4,E01014664,B16,1,1,1.0
2017-4,E01014664,B7,1,1,1.0
2017-4,E01014665,B13,1,1,1.0
2017-4,E01014665,B18,1,1,1.0
2017-4,E01014665,B19,1,1,1.0
2017-4,E01014665,B23,1,1,1.0
2017-4,E01014665,B26,1,1,1.0
2017-4,E01014666,B13,1,1,1.0
2017-4,E01014669,B16,1,1,1.0
2017-4,E01014671,B25,2,2,1.0
2017-4,E01014673,B1,1,1,1.0
2017-4,E01014673,B13,1,1,1.0
2017-4,E01014673,B23,1,1,1.0
2017-4,E01014673,B25,1,1,1.0
2017-4,E01014673,B26,1,1,1.0
2017-4,E01014675,B19,1,1,1.0
2017-4,E01014675,B7,1,1,1.0
2017-4,E01014677,B15,1,1,1.0
2017-4,E01014677,B23,1,1,1.0
2017-4,E01014677,B26,1,1,1.0
2017-4,E01014679,B19,1,1,1.0
2017-4,E01014680,B25,2,1,2.0
2017-4,E01014681,B13,1,1,1.0
2017-4,E01014681,B26,1,1,1.0
2017-4,E01014682,B1,1,1,1.0
2017-4,E01014682,B11,1,1,1.0
2017-4,E01014682,B13,1,1,1.0
2017-4,E01014682,B18,1,1,1.0
2017-4,E01014682,B25,1,1,1.0
2017-4,E01014683,B19,1,1,1.0
2017-4,E01014683,B23,1,1,1.0
2017-4,E01014684,B15,1,1,1.0
2017-4,E01014684,B25,2,2,1.0
2017-4,E01014685,B19,1,1,1.0
2017-4,E01014686,B22,1,1,1.0
2017-4,E01014686,B26,1,1,1.0
2017-4,E01014687,B29,1,1,1.0
2017-4,E01014691,B19,4,3,1.3333333333333333
2017-4,E01014692,B19,1,1,1.0
2017-4,E01014694,B13,2,1,2.0
2017-4,E01014694,B23,1,1,1.0
2017-4,E01014695,B13,1,1,1.0
2017-4,E01014696,B23,1,1,1.0
2017-4,E01014698,B24,1,1,1.0
2017-4,E01014698,B25,1,1,1.0
2017-4,E01014698,B7,1,1,1.0
2017-4,E01014699,B16,1,1,1.0
2017-4,E01014700,B7,1,1,1.0
2017-4,E01014701,B3,1,1,1.0
2017-4,E01014703,B23,1,1,1.0
2017-4,E01014705,B19,1,1,1.0
2017-4,E01014708,B16,1,1,1.0
2017-4,E01014708,B23,1,1,1.0
2017-4,E01014708,B25,2,2,1.0
2017-4,E01014709,B13,1,1,1.0
2017-4,E01014709,B15,1,1,1.0
2017-4,E01014709,B24,1,1,1.0
2017-4,E01014709,B25,3,3,1.0
2017-4,E01014710,B19,1,1,1.0
2017-4,E01014713,B29,1,1,1.0
2017-4,E01014714,B23,1,1,1.0
2017-4,E01014714,B25,2,1,2.0
2017-4,E01014715,B13,1,1,1.0
2017-4,E01014715,B19,1,1,1.0
2017-4,E01014717,B18,1,1,1.0
2017-4,E01014717,B25,1,1,1.0
2017-4,E01014719,B19,1,1,1.0
2017-4,E01014719,B24,1,1,1.0
2017-4,E01014719,B25,1,1,1.0
2017-4,E01014720,B13,1,1,1.0
2017-4,E01014720,B14,1,1,1.0
2017-4,E01014720,B16,1,1,1.0
2017-4,E01014720,B7,1,1,1.0
2017-4,E01014721,B23,1,1,1.0
2017-4,E01014721,B7,1,1,1.0
2017-4,E01014723,B16,1,1,1.0
2017-4,E01014723,B18,1,1,1.0
2017-4,E01014723,B19,2,2,1.0
2017-4,E01014727,B13,1,1,1.0
2017-4,E01014729,B15,1,1,1.0
2017-4,E01014729,B16,1,1,1.0
2017-4,E01014729,B23,2,2,1.0
2017-4,E01014729,B25,1,1,1.0
2017-4,E01014729,B26,3,2,1.5
2017-4,E01014729,B7,1,1,1.0
2017-4,E01014730,B13,1,1,1.0
2017-4,E01014730,B26,4,3,1.3333333333333333
2017-4,E01014731,B19,1,1,1.0
2017-4,E01014731,B25,1,1,1.0
2017-4,E01014731,B26,1,1,1.0
2017-4,E01014734,B23,1,1,1.0
2017-4,E01014735,B29,1,1,1.0
2017-4,E01014736,B25,1,1,1.0
2017-4,E01014739,B25,1,1,1.0
2017-4,E01014744,B24,1,1,1.0
2017-4,E01014744,B25,3,1,3.0
2017-4,E01014744,B26,1,1,1.0
2017-4,E01014746,B28,1,1,1.0
2017-4,E01014751,B24,1,1,1.0
2017-4,E01014753,B25,1,1,1.0
2017-4,E01014762,B16,1,1,1.0
2017-4,E01014772,B26,1,1,1.0
2017-4,E01014775,B28,1,1,1.0
2017-4,E01014793,B28,1,1,1.0
2017-4,E01014795,B26,1,1,1.0
2017-4,E01014796,B25,1,1,1.0
2017-4,E01014796,B26,1,1,1.0
2017-4,E01014803,B25,1,1,1.0
2017-4,E01014810,B18,1,1,1.0
2017-4,E01014816,B18,1,1,1.0
2017-4,E01014818,B26,1,1,1.0
2017-4,E01014829,B26,1,1,1.0
2017-4,E01014836,B25,1,1,1.0
2017-4,E01014841,B18,1,1,1.0
2017-4,E01014844,B13,1,1,1.0
2017-4,E01014845,B25,1,1,1.0
2017-4,E01014846,B18,1,1,1.0
2017-4,E01014847,B13,1,1,1.0
2017-4,E01014847,B25,2,1,2.0
2017-4,E01014848,B25,1,1,1.0
2017-4,E01014848,B26,1,1,1.0
2017-4,E01014850,B25,1,1,1.0
2017-4,E01014852,B25,1,1,1.0
2017-4,E01014864,B13,5,2,2.5
2017-4,E01014865,B25,1,1,1.0
2017-4,E01014869,B25,1,1,1.0
2017-4,E01014870,B25,1,1,1.0
2017-4,E01014873,B19,1,1,1.0
2017-4,E01014873,B26,2,2,1.0
2017-4,E01014879,B25,1,1,1.0
2017-4,E01014883,B26,3,1,3.0
2017-4,E01014888,B13,1,1,1.0
2017-4,E01014891,B25,1,1,1.0
2017-4,E01014898,B1,1,1,1.0
2017-4,E01014903,B1,1,1,1.0
2017-4,E01014911,B25,2,2,1.0
2017-4,E01014918,B13,1,1,1.0
2017-4,E01014922,B16,1,1,1.0
2017-4,E01014922,B19,1,1,1.0
2017-4,E01014923,B26,1,1,1.0
2017-4,E01014928,B26,1,1,1.0
2017-4,E01014929,B17,1,1,1.0
2017-4,E01014929,B19,1,1,1.0
2017-4,E01014929,B26,1,1,1.0
2017-4,E01014942,B15,1,1,1.0
2017-4,E01014948,B13,2,2,1.0
2017-4,E01014949,B24,1,1,1.0
2017-4,E01014952,B1,1,1,1.0
2017-4,E01014952,B16,1,1,1.0
2017-4,E01014952,B18,1,1,1.0
2017-4,E01014953,B19,1,1,1.0
2017-4,E01014955,B26,1,1,1.0
2017-4,E01014957,B26,1,1,1.0
2017-4,E01014958,B26,2,1,2.0
2017-4,E01014960,B25,1,1,1.0
2017-4,E01014963,B25,1,1,1.0
2017-4,E01014964,B19,1,1,1.0
2017-4,E01014964,B28,1,1,1.0
2017-4,E01014972,B16,1,1,1.0
2017-4,E01014974,B25,1,1,1.0
2017-4,E01014980,B25,1,1,1.0
2017-4,E01014986,B18,1,1,1.0
2017-4,E01014989,B28,1,1,1.0
2017-4,E01014994,B15,1,1,1.0
2017-4,E01015000,B26,2,2,1.0
2017-4,E01015008,B16,1,1,1.0
2017-4,E01015008,B25,1,1,1.0
2017-4,E01015019,B16,1,1,1.0
2017-4,E01015019,B26,1,1,1.0
2017-4,E01015027,B1,1,1,1.0
2017-4,E01015045,B26,1,1,1.0
2017-4,E01015051,B17,1,1,1.0
2017-4,E01015082,B26,1,1,1.0
2017-4,E01015088,B25,1,1,1.0
2017-4,E01015089,B16,1,1,1.0
2017-4,E01015091,B25,1,1,1.0
2017-4,E01015093,B25,1,1,1.0
2017-4,E01015107,B13,1,1,1.0
2017-4,E01015126,B28,1,1,1.0
2017-4,E01015138,B6,1,1,1.0
2017-4,E01015139,B16,1,1,1.0
2017-4,E01015157,B1,1,1,1.0
2017-4,E01015157,B26,1,1,1.0
2017-4,E01015171,B25,1,1,1.0
2017-4,E01015183,B26,1,1,1.0
2017-4,E01015186,B26,1,1,1.0
2017-4,E01015195,B1,1,1,1.0
2017-4,E01015195,B25,1,1,1.0
2017-4,E01015197,B28,1,1,1.0
2017-4,E01015199,B13,1,1,1.0
2017-4,E01015202,B28,1,1,1.0
2017-4,E01015222,B18,1,1,1.0
2017-4,E01015228,B28,1,1,1.0
2017-4,E01015230,B6,1,1,1.0
2017-4,E01015247,B13,1,1,1.0
2017-4,E01015251,B26,1,1,1.0
2017-4,E01015272,B17,1,1,1.0
2017-4,E01015272,B18,1,1,1.0
2017-4,E01015283,B1,1,1,1.0
2017-4,E01015283,B18,1,1,1.0
2017-4,E01015285,B26,1,1,1.0
2017-4,E01015296,B25,1,1,1.0
2017-4,E01015297,B16,1,1,1.0
2017-4,E01015298,B18,1,1,1.0
2017-4,E01015299,B28,1,1,1.0
2017-4,E01015302,B13,1,1,1.0
2017-4,E01015303,B18,1,1,1.0
2017-4,E01015303,B25,1,1,1.0
2017-4,E01015307,B16,1,1,1.0
2017-4,E01015308,B13,1,1,1.0
2017-4,E01015310,B6,1,1,1.0
2017-4,E01015312,B18,2,2,1.0
2017-4,E01015312,B24,1,1,1.0
2017-4,E01015314,B18,1,1,1.0
2017-4,E01015318,B18,1,1,1.0
2017-4,E01015328,B18,1,1,1.0
2017-4,E01015329,B18,1,1,1.0
2017-4,E01015330,B13,1,1,1.0
2017-4,E01015330,B26,1,1,1.0
2017-4,E01015331,B19,1,1,1.0
2017-4,E01015332,B25,1,1,1.0
2017-4,E01015333,B25,1,1,1.0
2017-4,E01015339,B19,1,1,1.0
2017-4,E01015350,B18,1,1,1.0
2017-4,E01015355,B16,1,1,1.0
2017-4,E01015355,B18,1,1,1.0
2017-4,E01015374,B16,1,1,1.0
2017-4,E01015377,B16,1,1,1.0
2017-4,E01015377,B25,1,1,1.0
2017-4,E01015381,B18,1,1,1.0
2017-4,E01015383,B25,1,1,1.0
2017-4,E01015396,B25,1,1,1.0
2017-4,E01015397,B13,1,1,1.0
2017-4,E01015418,B18,1,1,1.0
2017-4,E01015420,B16,1,1,1.0
2017-4,E01015431,B26,1,1,1.0
2017-4,E01015433,B25,1,1,1.0
2017-4,E01015444,B18,1,1,1.0
2017-4,E01015452,B6,1,1,1.0
2017-4,E01015453,B16,1,1,1.0
2017-4,E01015465,B16,1,1,1.0
2017-4,E01015494,B26,1,1,1.0
2017-4,E01015494,B28,1,1,1.0
2017-4,E01015511,B18,1,1,1.0
2017-4,E01015523,B16,1,1,1.0
2017-4,E01015542,B18,1,1,1.0
2017-4,E01015547,B26,2,2,1.0
2017-4,E01015548,B25,2,2,1.0
2017-4,E01015551,B13,1,1,1.0
2017-4,E01015563,B15,1,1,1.0
2017-4,E01015570,B26,1,1,1.0
2017-4,E01015580,B13,1,1,1.0
2017-4,E01015582,B26,1,1,1.0
2017-4,E01015585,B25,1,1,1.0
2017-4,E01015585,B26,1,1,1.0
2017-4,E01015589,B25,1,1,1.0
2017-4,E01015593,B28,1,1,1.0
2017-4,E01015594,B13,1,1,1.0
2017-4,E01015595,B1,1,1,1.0
2017-4,E01015595,B19,1,1,1.0
2017-4,E01015602,B13,1,1,1.0
2017-4,E01015603,B26,1,1,1.0
2017-4,E01015614,B26,1,1,1.0
2017-4,E01015615,B17,1,1,1.0
2017-4,E01015615,B26,3,1,3.0
2017-4,E01015616,B16,1,1,1.0
2017-4,E01015616,B19,1,1,1.0
2017-4,E01015617,B26,1,1,1.0
2017-4,E01015618,B25,1,1,1.0
2017-4,E01015620,B25,1,1,1.0
2017-4,E01015621,B13,1,1,1.0
2017-4,E01015621,B16,1,1,1.0
2017-4,E01015621,B26,2,1,2.0
2017-4,E01015621,B28,1,1,1.0
2017-4,E01015621,B6,2,1,2.0
2017-4,E01015622,B1,5,1,5.0
2017-4,E01015626,B13,1,1,1.0
2017-4,E01015629,B25,2,1,2.0
2017-4,E01015629,B26,1,1,1.0
2017-4,E01015631,B19,1,1,1.0
2017-4,E01015636,B25,1,1,1.0
2017-4,E01015636,B26,1,1,1.0
2017-4,E01015637,B1,1,1,1.0
2017-4,E01015637,B26,4,3,1.3333333333333333
2017-4,E01015638,B13,1,1,1.0
2017-4,E01015638,B28,1,1,1.0
2017-4,E01015641,B18,1,1,1.0
2017-4,E01015641,B26,3,3,1.0
2017-4,E01015641,B28,1,1,1.0
2017-4,E01015642,B26,3,1,3.0
2017-4,E01015644,B25,1,1,1.0
2017-4,E01015644,B28,2,1,2.0
2017-4,E01015645,B28,3,1,3.0
2017-4,E01015647,B25,1,1,1.0
2017-4,E01015647,B26,1,1,1.0
2017-4,E01015647,B28,2,1,2.0
2017-4,E01015651,B26,1,1,1.0
2017-4,E01015655,B26,1,1,1.0
2017-4,E01015666,B1,2,2,1.0
2017-4,E01015667,B16,1,1,1.0
2017-4,E01015667,B26,1,1,1.0
2017-4,E01015669,B1,1,1,1.0
2017-4,E01015671,B16,1,1,1.0
2017-4,E01015671,B26,1,1,1.0
2017-4,E01015691,B18,2,1,2.0
2017-4,E01015697,B4,1,1,1.0
2017-4,E01015698,B26,1,1,1.0
2017-4,E01015700,B26,2,1,2.0
2017-4,E01015706,B15,1,1,1.0
2017-4,E01015708,B26,1,1,1.0
2017-4,E01015710,B16,2,1,2.0
2017-4,E01015710,B19,1,1,1.0
2017-4,E01015711,B1,1,1,1.0
2017-4,E01015712,B28,1,1,1.0
2017-4,E01015715,B18,1,1,1.0
2017-4,E01015716,B26,1,1,1.0
2017-4,E01015717,B1,2,1,2.0
2017-4,E01015717,B26,3,1,3.0
2017-4,E01015720,B18,1,1,1.0
2017-4,E01015720,B26,1,1,1.0
2017-4,E01015721,B18,1,1,1.0
2017-4,E01015724,B13,1,1,1.0
2017-4,E01015728,B26,1,1,1.0
2017-4,E01015734,B26,1,1,1.0
2017-4,E01015738,B16,1,1,1.0
2017-4,E01015738,B26,1,1,1.0
2017-4,E01015739,B19,2,1,2.0
2017-4,E01015739,B26,1,1,1.0
2017-4,E01015740,B15,2,1,2.0
2017-4,E01015740,B26,2,1,2.0
2017-4,E01015741,B26,7,3,2.3333333333333335
2017-4,E01015742,B19,1,1,1.0
2017-4,E01015743,B17,2,2,1.0
2017-4,E01015746,B1,2,2,1.0
2017-4,E01015747,B26,1,1,1.0
2017-4,E01015751,B18,1,1,1.0
2017-4,E01015752,B18,1,1,1.0
2017-4,E01015753,B28,1,1,1.0
2017-4,E01015755,B13,1,1,1.0
2017-4,E01015755,B26,2,1,2.0
2017-4,E01015760,B25,1,1,1.0
2017-4,E01015762,B19,1,1,1.0
2017-4,E01015762,B26,1,1,1.0
2017-4,E01015763,B25,1,1,1.0
2017-4,E01015772,B26,3,1,3.0
2017-4,E01015785,B26,2,2,1.0
2017-4,E01015789,B26,1,1,1.0
2017-4,E01015790,B15,1,1,1.0
2017-4,E01015790,B19,1,1,1.0
2017-4,E01015792,B28,1,1,1.0
2017-4,E01015793,B17,1,1,1.0
2017-4,E01015794,B14,1,1,1.0
2017-4,E01015798,B19,1,1,1.0
2017-4,E01015805,B13,1,1,1.0
2017-4,E01015808,B26,1,1,1.0
2017-4,E01015811,B15,1,1,1.0
2017-4,E01015811,B25,1,1,1.0
2017-4,E01015819,B16,1,1,1.0
2017-4,E01015822,B26,1,1,1.0
2017-4,E01015827,B16,1,1,1.0
2017-4,E01015835,B16,1,1,1.0
2017-4,E01015849,B1,1,1,1.0
2017-4,E01015857,B26,1,1,1.0
2017-4,E01015859,B1,1,1,1.0
2017-4,E01015859,B26,3,1,3.0
2017-4,E01015860,B16,1,1,1.0
2017-4,E01015861,B1,1,1,1.0
2017-4,E01015861,B15,1,1,1.0
2017-4,E01015876,B26,1,1,1.0
2017-4,E01015879,B1,1,1,1.0
2017-4,E01015880,B16,1,1,1.0
2017-4,E01015881,B26,1,1,1.0
2017-4,E01015882,B18,1,1,1.0
2017-4,E01015898,B16,1,1,1.0
2017-4,E01015901,B1,1,1,1.0
2017-4,E01015910,B16,3,2,1.5
2017-4,E01015910,B26,1,1,1.0
2017-4,E01015924,B18,1,1,1.0
2017-4,E01015928,B24,1,1,1.0
2017-4,E01015932,B28,1,1,1.0
2017-4,E01015939,B18,1,1,1.0
2017-4,E01015942,B25,1,1,1.0
2017-4,E01015955,B1,1,1,1.0
2017-4,E01015960,B13,1,1,1.0
2017-4,E01015963,B16,1,1,1.0
2017-4,E01015965,B16,1,1,1.0
2017-4,E01015967,B26,1,1,1.0
2017-4,E01015988,B1,1,1,1.0
2017-4,E01016012,B24,1,1,1.0
2017-4,E01016018,B19,1,1,1.0
2017-4,E01016018,B26,1,1,1.0
2017-4,E01016019,B25,1,1,1.0
2017-4,E01016019,B26,1,1,1.0
2017-4,E01016024,B1,1,1,1.0
2017-4,E01016030,B1,1,1,1.0
2017-4,E01016034,B16,1,1,1.0
2017-4,E01016035,B26,1,1,1.0
2017-4,E01016036,B26,1,1,1.0
2017-4,E01016042,B26,3,1,3.0
2017-4,E01016047,B16,1,1,1.0
2017-4,E01016055,B6,1,1,1.0
2017-4,E01016057,B25,1,1,1.0
2017-4,E01016060,B6,2,1,2.0
2017-4,E01016063,B28,1,1,1.0
2017-4,E01016077,B24,1,1,1.0
2017-4,E01016089,B26,2,1,2.0
2017-4,E01016094,B26,1,1,1.0
2017-4,E01016118,B26,1,1,1.0
2017-4,E01016122,B28,1,1,1.0
2017-4,E01016136,B13,1,1,1.0
2017-4,E01016143,B18,1,1,1.0
2017-4,E01016143,B28,1,1,1.0
2017-4,E01016147,B16,1,1,1.0
2017-4,E01016157,B18,1,1,1.0
2017-4,E01016161,B26,1,1,1.0
2017-4,E01016165,B24,1,1,1.0
2017-4,E01016167,B1,1,1,1.0
2017-4,E01016185,B26,1,1,1.0
2017-4,E01016187,B26,1,1,1.0
2017-4,E01016191,B16,1,1,1.0
2017-4,E01016192,B1,1,1,1.0
2017-4,E01016194,B13,1,1,1.0
2017-4,E01016197,B16,1,1,1.0
2017-4,E01016207,B16,1,1,1.0
2017-4,E01016207,B26,1,1,1.0
2017-4,E01016212,B26,1,1,1.0
2017-4,E01016214,B16,1,1,1.0
2017-4,E01016227,B19,1,1,1.0
2017-4,E01016236,B16,2,2,1.0
2017-4,E01016248,B26,1,1,1.0
2017-4,E01016250,B28,1,1,1.0
2017-4,E01016270,B25,1,1,1.0
2017-4,E01016274,B25,1,1,1.0
2017-4,E01016277,B25,3,2,1.5
2017-4,E01016279,B23,1,1,1.0
2017-4,E01016281,B23,1,1,1.0
2017-4,E01016282,B23,1,1,1.0
2017-4,E01016285,B25,1,1,1.0
2017-4,E01016286,B17,1,1,1.0
2017-4,E01016308,B25,1,1,1.0
2017-4,E01016309,B7,2,1,2.0
2017-4,E01016316,B25,1,1,1.0
2017-4,E01016324,B25,1,1,1.0
2017-4,E01016334,B25,1,1,1.0
2017-4,E01016337,B23,1,1,1.0
2017-4,E01016345,B25,1,1,1.0
2017-4,E01016346,B23,1,1,1.0
2017-4,E01016347,B23,1,1,1.0
2017-4,E01016357,B18,1,1,1.0
2017-4,E01016359,B25,2,2,1.0
2017-4,E01016362,B16,1,1,1.0
2017-4,E01016362,B25,2,2,1.0
2017-4,E01016362,B28,2,1,2.0
2017-4,E01016364,B25,1,1,1.0
2017-4,E01016365,B1,1,1,1.0
2017-4,E01016365,B14,1,1,1.0
2017-4,E01016365,B16,1,1,1.0
2017-4,E01016365,B19,2,1,2.0
2017-4,E01016365,B26,1,1,1.0
2017-4,E01016365,B28,1,1,1.0
2017-4,E01016366,B6,1,1,1.0
2017-4,E01016369,B14,1,1,1.0
2017-4,E01016375,B15,1,1,1.0
2017-4,E01016375,B26,2,2,1.0
2017-4,E01016376,B16,1,1,1.0
2017-4,E01016376,B26,1,1,1.0
2017-4,E01016377,B16,1,1,1.0
2017-4,E01016377,B26,1,1,1.0
2017-4,E01016378,B14,2,1,2.0
2017-4,E01016378,B25,1,1,1.0
2017-4,E01016379,B26,1,1,1.0
2017-4,E01016382,B25,1,1,1.0
2017-4,E01016383,B15,1,1,1.0
2017-4,E01016384,B25,1,1,1.0
2017-4,E01016388,B26,1,1,1.0
2017-4,E01016391,B28,1,1,1.0
2017-4,E01016392,B16,1,1,1.0
2017-4,E01016394,B18,1,1,1.0
2017-4,E01016395,B15,1,1,1.0
2017-4,E01016403,B28,1,1,1.0
2017-4,E01016406,B13,1,1,1.0
2017-4,E01016409,B13,1,1,1.0
2017-4,E01016410,B24,1,1,1.0
2017-4,E01016411,B15,1,1,1.0
2017-4,E01016412,B19,1,1,1.0
2017-4,E01016413,B19,1,1,1.0
2017-4,E01016413,B26,1,1,1.0
2017-4,E01016414,B14,4,1,4.0
2017-4,E01016414,B17,1,1,1.0
2017-4,E01016415,B28,1,1,1.0
2017-4,E01016418,B14,1,1,1.0
2017-4,E01016419,B13,1,1,1.0
2017-4,E01016421,B13,1,1,1.0
2017-4,E01016421,B15,2,2,1.0
2017-4,E01016423,B26,1,1,1.0
2017-4,E01016427,B25,1,1,1.0
2017-4,E01016428,B28,1,1,1.0
2017-4,E01016434,B15,1,1,1.0
2017-4,E01016434,B26,1,1,1.0
2017-4,E01016435,B19,1,1,1.0
2017-4,E01016436,B28,1,1,1.0
2017-4,E01016437,B26,1,1,1.0
2017-4,E01016439,B24,2,1,2.0
2017-4,E01016442,B13,1,1,1.0
2017-4,E01016442,B18,1,1,1.0
2017-4,E01016442,B28,1,1,1.0
2017-4,E01016453,B26,1,1,1.0
2017-4,E01016475,B18,1,1,1.0
2017-4,E01016481,B13,1,1,1.0
2017-4,E01016482,B16,1,1,1.0
2017-4,E01016486,B18,1,1,1.0
2017-4,E01016491,B25,1,1,1.0
2017-4,E01016492,B19,1,1,1.0
2017-4,E01016498,B16,1,1,1.0
2017-4,E01016498,B26,1,1,1.0
2017-4,E01016499,B16,3,1,3.0
2017-4,E01016499,B25,1,1,1.0
2017-4,E01016503,B24,1,1,1.0
2017-4,E01016505,B26,2,1,2.0
2017-4,E01016507,B19,1,1,1.0
2017-4,E01016511,B26,1,1,1.0
2017-4,E01016512,B16,1,1,1.0
2017-4,E01016518,B26,1,1,1.0
2017-4,E01016519,B17,1,1,1.0
2017-4,E01016524,B28,2,2,1.0
2017-4,E01016531,B16,1,1,1.0
2017-4,E01016531,B26,1,1,1.0
2017-4,E01016536,B13,1,1,1.0
2017-4,E01016536,B24,1,1,1.0
2017-4,E01016537,B26,1,1,1.0
2017-4,E01016539,B28,1,1,1.0
2017-4,E01016540,B28,1,1,1.0
2017-4,E01016541,B19,2,1,2.0
2017-4,E01016543,B13,1,1,1.0
2017-4,E01016543,B26,1,1,1.0
2017-4,E01016543,B28,1,1,1.0
2017-4,E01016544,B13,1,1,1.0
2017-4,E01016544,B19,1,1,1.0
2017-4,E01016544,B28,1,1,1.0
2017-4,E01016552,B18,1,1,1.0
2017-4,E01016555,B13,1,1,1.0
2017-4,E01016555,B28,1,1,1.0
2017-4,E01016557,B26,1,1,1.0
2017-4,E01016564,B1,1,1,1.0
2017-4,E01016564,B13,1,1,1.0
2017-4,E01016566,B1,2,1,2.0
2017-4,E01016566,B25,1,1,1.0
2017-4,E01016566,B28,1,1,1.0
2017-4,E01016567,B18,1,1,1.0
2017-4,E01016567,B24,1,1,1.0
2017-4,E01016568,B28,1,1,1.0
2017-4,E01016570,B24,1,1,1.0
2017-4,E01016570,B28,1,1,1.0
2017-4,E01016577,B1,1,1,1.0
2017-4,E01016577,B25,1,1,1.0
2017-4,E01016579,B13,1,1,1.0
2017-4,E01016584,B28,1,1,1.0
2017-4,E01016585,B16,1,1,1.0
2017-4,E01016587,B19,1,1,1.0
2017-4,E01016589,B1,1,1,1.0
2017-4,E01016593,B16,1,1,1.0
2017-4,E01016600,B24,1,1,1.0
2017-4,E01016609,B19,1,1,1.0
2017-4,E01016610,B26,1,1,1.0
2017-4,E01016611,B26,2,2,1.0
2017-4,E01016613,B26,2,1,2.0
2017-4,E01016619,B26,1,1,1.0
2017-4,E01016627,B1,1,1,1.0
2017-4,E01016629,B28,1,1,1.0
2017-4,E01016633,B28,1,1,1.0
2017-4,E01016641,B1,1,1,1.0
2017-4,E01016641,B26,2,1,2.0
2017-4,E01016643,B16,1,1,1.0
2017-4,E01016646,B1,1,1,1.0
2017-4,E01016654,B25,1,1,1.0
2017-4,E01016665,B18,1,1,1.0
2017-4,E01016668,B28,1,1,1.0
2017-4,E01016671,B18,2,1,2.0
2017-4,E01016675,B19,1,1,1.0
2017-4,E01016679,B16,1,1,1.0
2017-4,E01016679,B26,2,1,2.0
2017-4,E01016680,B16,1,1,1.0
2017-4,E01016680,B19,1,1,1.0
2017-4,E01016682,B25,1,1,1.0
2017-4,E01016682,B26,3,2,1.5
2017-4,E01016683,B26,4,2,2.0
2017-4,E01016690,B19,2,1,2.0
2017-4,E01016690,B24,1,1,1.0
2017-4,E01016690,B26,1,1,1.0
2017-4,E01016691,B26,2,1,2.0
2017-4,E01016696,B13,1,1,1.0
2017-4,E01016696,B18,1,1,1.0
2017-4,E01016702,B26,1,1,1.0
2017-4,E01016704,B26,2,2,1.0
2017-4,E01016705,B26,2,2,1.0
2017-4,E01016705,B6,1,1,1.0
2017-4,E01016706,B26,1,1,1.0
2017-4,E01016707,B28,1,1,1.0
2017-4,E01016708,B25,1,1,1.0
2017-4,E01016709,B13,1,1,1.0
2017-4,E01016709,B26,1,1,1.0
2017-4,E01016735,B19,1,1,1.0
2017-4,E01016735,B28,1,1,1.0
2017-4,E01016764,B19,1,1,1.0
2017-4,E01016764,B28,1,1,1.0
2017-4,E01016773,B16,1,1,1.0
2017-4,E01016793,B28,1,1,1.0
2017-4,E01016795,B1,1,1,1.0
2017-4,E01016813,B26,1,1,1.0
2017-4,E01016828,B25,1,1,1.0
2017-4,E01016829,B16,1,1,1.0
2017-4,E01016835,B19,1,1,1.0
2017-4,E01016847,B16,1,1,1.0
2017-4,E01016848,B16,1,1,1.0
2017-4,E01016851,B24,1,1,1.0
2017-4,E01016885,B25,1,1,1.0
2017-4,E01016892,B18,1,1,1.0
2017-4,E01016899,B18,1,1,1.0
2017-4,E01016902,B16,1,1,1.0
2017-4,E01016907,B16,1,1,1.0
2017-4,E01016917,B26,1,1,1.0
2017-4,E01016924,B26,1,1,1.0
2017-4,E01016935,B16,1,1,1.0
2017-4,E01016943,B25,1,1,1.0
2017-4,E01016947,B16,1,1,1.0
2017-4,E01016949,B25,1,1,1.0
2017-4,E01016952,B14,1,1,1.0
2017-4,E01016952,B24,2,1,2.0
2017-4,E01016953,B28,1,1,1.0
2017-4,E01016955,B28,1,1,1.0
2017-4,E01016960,B25,1,1,1.0
2017-4,E01016962,B17,1,1,1.0
2017-4,E01016963,B16,1,1,1.0
2017-4,E01016968,B16,1,1,1.0
2017-4,E01016968,B28,1,1,1.0
2017-4,E01016969,B26,1,1,1.0
2017-4,E01016973,B1,1,1,1.0
2017-4,E01016980,B18,1,1,1.0
2017-4,E01016980,B25,1,1,1.0
2017-4,E01016986,B26,1,1,1.0
2017-4,E01016991,B16,1,1,1.0
2017-4,E01017011,B18,1,1,1.0
2017-4,E01017026,B26,1,1,1.0
2017-4,E01017049,B26,1,1,1.0
2017-4,E01017068,B1,1,1,1.0
2017-4,E01017082,B16,1,1,1.0
2017-4,E01017090,B18,1,1,1.0
2017-4,E01017093,B28,1,1,1.0
2017-4,E01017124,B26,1,1,1.0
2017-4,E01017139,B14,1,1,1.0
2017-4,E01017140,B25,2,1,2.0
2017-4,E01017147,B25,2,1,2.0
2017-4,E01017148,B16,1,1,1.0
2017-4,E01017150,B17,1,1,1.0
2017-4,E01017152,B18,1,1,1.0
2017-4,E01017153,B26,2,1,2.0
2017-4,E01017155,B19,1,1,1.0
2017-4,E01017155,B26,2,2,1.0
2017-4,E01017156,B26,2,1,2.0
2017-4,E01017157,B26,1,1,1.0
2017-4,E01017158,B26,1,1,1.0
2017-4,E01017159,B26,1,1,1.0
2017-4,E01017160,B13,1,1,1.0
2017-4,E01017165,B25,1,1,1.0
2017-4,E01017171,B13,1,1,1.0
2017-4,E01017172,B16,1,1,1.0
2017-4,E01017175,B19,1,1,1.0
2017-4,E01017175,B26,1,1,1.0
2017-4,E01017176,B25,1,1,1.0
2017-4,E01017177,B17,1,1,1.0
2017-4,E01017177,B26,2,2,1.0
2017-4,E01017178,B19,2,1,2.0
2017-4,E01017179,B26,1,1,1.0
2017-4,E01017179,B6,1,1,1.0
2017-4,E01017180,B25,1,1,1.0
2017-4,E01017180,B26,1,1,1.0
2017-4,E01017181,B26,1,1,1.0
2017-4,E01017182,B14,1,1,1.0
2017-4,E01017183,B18,2,2,1.0
2017-4,E01017184,B17,1,1,1.0
2017-4,E01017185,B13,1,1,1.0
2017-4,E01017185,B25,2,2,1.0
2017-4,E01017187,B25,1,1,1.0
2017-4,E01017189,B25,1,1,1.0
2017-4,E01017191,B14,1,1,1.0
2017-4,E01017194,B18,1,1,1.0
2017-4,E01017194,B25,1,1,1.0
2017-4,E01017197,B25,6,1,6.0
2017-4,E01017198,B19,1,1,1.0
2017-4,E01017198,B26,1,1,1.0
2017-4,E01017201,B14,1,1,1.0
2017-4,E01017201,B26,1,1,1.0
2017-4,E01017206,B25,1,1,1.0
2017-4,E01017208,B14,1,1,1.0
2017-4,E01017212,B25,1,1,1.0
2017-4,E01017212,B4,1,1,1.0
2017-4,E01017214,B14,1,1,1.0
2017-4,E01017214,B16,4,1,4.0
2017-4,E01017214,B25,2,1,2.0
2017-4,E01017214,B26,2,1,2.0
2017-4,E01017215,B19,1,1,1.0
2017-4,E01017215,B25,1,1,1.0
2017-4,E01017215,B26,1,1,1.0
2017-4,E01017216,B18,1,1,1.0
2017-4,E01017216,B6,1,1,1.0
2017-4,E01017217,B26,1,1,1.0
2017-4,E01017218,B25,1,1,1.0
2017-4,E01017219,B16,1,1,1.0
2017-4,E01017219,B26,1,1,1.0
2017-4,E01017220,B18,1,1,1.0
2017-4,E01017220,B26,1,1,1.0
2017-4,E01017221,B14,1,1,1.0
2017-4,E01017223,B24,1,1,1.0
2017-4,E01017224,B18,1,1,1.0
2017-4,E01017228,B18,1,1,1.0
2017-4,E01017228,B26,3,1,3.0
2017-4,E01017234,B26,1,1,1.0
2017-4,E01017239,B18,1,1,1.0
2017-4,E01017241,B19,2,1,2.0
2017-4,E01017241,B26,6,1,6.0
2017-4,E01017242,B19,1,1,1.0
2017-4,E01017242,B25,3,2,1.5
2017-4,E01017242,B26,3,1,3.0
2017-4,E01017242,B8,1,1,1.0
2017-4,E01017249,B25,1,1,1.0
2017-4,E01017256,B13,1,1,1.0
2017-4,E01017258,B16,1,1,1.0
2017-4,E01017260,B18,1,1,1.0
2017-4,E01017264,B17,1,1,1.0
2017-4,E01017265,B19,1,1,1.0
2017-4,E01017267,B25,1,1,1.0
2017-4,E01017279,B16,1,1,1.0
2017-4,E01017283,B26,2,1,2.0
2017-4,E01017289,B16,1,1,1.0
2017-4,E01017310,B26,1,1,1.0
2017-4,E01017312,B25,1,1,1.0
2017-4,E01017315,B16,1,1,1.0
2017-4,E01017326,B26,1,1,1.0
2017-4,E01017340,B1,1,1,1.0
2017-4,E01017355,B26,1,1,1.0
2017-4,E01017359,B1,1,1,1.0
2017-4,E01017361,B19,1,1,1.0
2017-4,E01017384,B17,1,1,1.0
2017-4,E01017384,B19,1,1,1.0
2017-4,E01017385,B14,1,1,1.0
2017-4,E01017390,B26,1,1,1.0
2017-4,E01017390,B28,1,1,1.0
2017-4,E01017391,B6,1,1,1.0
2017-4,E01017416,B25,1,1,1.0
2017-4,E01017420,B25,1,1,1.0
2017-4,E01017425,B25,1,1,1.0
2017-4,E01017426,B25,1,1,1.0
2017-4,E01017428,B1,1,1,1.0
2017-4,E01017436,B1,1,1,1.0
2017-4,E01017436,B26,1,1,1.0
2017-4,E01017450,B1,1,1,1.0
2017-4,E01017461,B15,1,1,1.0
2017-4,E01017461,B16,2,2,1.0
2017-4,E01017461,B18,1,1,1.0
2017-4,E01017461,B26,1,1,1.0
2017-4,E01017466,B19,1,1,1.0
2017-4,E01017471,B24,1,1,1.0
2017-4,E01017473,B26,1,1,1.0
2017-4,E01017485,B1,1,1,1.0
2017-4,E01017486,B18,1,1,1.0
2017-4,E01017491,B25,1,1,1.0
2017-4,E01017495,B26,3,2,1.5
2017-4,E01017510,B16,1,1,1.0
2017-4,E01017514,B1,1,1,1.0
2017-4,E01017519,B24,1,1,1.0
2017-4,E01017519,B25,2,1,2.0
2017-4,E01017520,B13,1,1,1.0
2017-4,E01017540,B26,1,1,1.0
2017-4,E01017545,B1,2,2,1.0
2017-4,E01017545,B24,1,1,1.0
2017-4,E01017547,B1,1,1,1.0
2017-4,E01017547,B26,1,1,1.0
2017-4,E01017564,B16,1,1,1.0
2017-4,E01017570,B18,1,1,1.0
2017-4,E01017578,B13,1,1,1.0
2017-4,E01017579,B19,1,1,1.0
2017-4,E01017581,B1,1,1,1.0
2017-4,E01017586,B28,1,1,1.0
2017-4,E01017592,B1,1,1,1.0
2017-4,E01017592,B25,1,1,1.0
2017-4,E01017599,B19,1,1,1.0
2017-4,E01017615,B26,1,1,1.0
2017-4,E01017616,B18,1,1,1.0
2017-4,E01017616,B25,3,2,1.5
2017-4,E01017616,B26,4,3,1.3333333333333333
2017-4,E01017618,B26,2,1,2.0
2017-4,E01017629,B19,1,1,1.0
2017-4,E01017629,B25,1,1,1.0
2017-4,E01017632,B13,1,1,1.0
2017-4,E01017632,B18,1,1,1.0
2017-4,E01017632,B19,1,1,1.0
2017-4,E01017632,B28,4,1,4.0
2017-4,E01017638,B14,1,1,1.0
2017-4,E01017638,B25,1,1,1.0
2017-4,E01017641,B26,1,1,1.0
2017-4,E01017642,B25,5,2,2.5
2017-4,E01017643,B13,1,1,1.0
2017-4,E01017649,B28,1,1,1.0
2017-4,E01017650,B25,2,1,2.0
2017-4,E01017650,B28,1,1,1.0
2017-4,E01017651,B1,1,1,1.0
2017-4,E01017655,B19,1,1,1.0
2017-4,E01017664,B28,1,1,1.0
2017-4,E01017666,B18,1,1,1.0
2017-4,E01017670,B25,1,1,1.0
2017-4,E01017671,B25,1,1,1.0
2017-4,E01017671,B27,1,1,1.0
2017-4,E01017672,B25,1,1,1.0
2017-4,E01017675,B25,1,1,1.0
2017-4,E01017678,B16,1,1,1.0
2017-4,E01017678,B19,1,1,1.0
2017-4,E01017678,B25,1,1,1.0
2017-4,E01017693,B13,1,1,1.0
2017-4,E01017693,B25,5,2,2.5
2017-4,E01017693,B27,1,1,1.0
2017-4,E01017693,B28,1,1,1.0
2017-4,E01017694,B25,1,1,1.0
2017-4,E01017695,B19,1,1,1.0
2017-4,E01017696,B25,1,1,1.0
2017-4,E01017699,B18,1,1,1.0
2017-4,E01017704,B24,1,1,1.0
2017-4,E01017705,B19,1,1,1.0
2017-4,E01017711,B15,1,1,1.0
2017-4,E01017713,B28,1,1,1.0
2017-4,E01017715,B25,1,1,1.0
2017-4,E01017718,B25,1,1,1.0
2017-4,E01017729,B28,1,1,1.0
2017-4,E01017731,B25,1,1,1.0
2017-4,E01017732,B25,1,1,1.0
2017-4,E01017733,B25,1,1,1.0
2017-4,E01017736,B6,1,1,1.0
2017-4,E01017738,B1,1,1,1.0
2017-4,E01017744,B25,2,2,1.0
2017-4,E01017745,B25,2,2,1.0
2017-4,E01017750,B25,1,1,1.0
2017-4,E01017751,B28,1,1,1.0
2017-4,E01017754,B16,1,1,1.0
2017-4,E01017755,B28,1,1,1.0
2017-4,E01017757,B1,2,2,1.0
2017-4,E01017757,B26,1,1,1.0
2017-4,E01017759,B6,1,1,1.0
2017-4,E01017763,B25,1,1,1.0
2017-4,E01017765,B25,1,1,1.0
2017-4,E01017768,B25,3,2,1.5
2017-4,E01017778,B17,1,1,1.0
2017-4,E01017782,B26,1,1,1.0
2017-4,E01017787,B25,2,1,2.0
2017-4,E01017788,B25,1,1,1.0
2017-4,E01017792,B18,1,1,1.0
2017-4,E01017792,B25,3,1,3.0
2017-4,E01017793,B17,1,1,1.0
2017-4,E01017796,B25,1,1,1.0
2017-4,E01017796,B26,1,1,1.0
2017-4,E01017798,B13,1,1,1.0
2017-4,E01017798,B17,2,2,1.0
2017-4,E01017798,B19,1,1,1.0
2017-4,E01017798,B25,3,2,1.5
2017-4,E01017798,B26,1,1,1.0
2017-4,E01017799,B13,1,1,1.0
2017-4,E01017801,B28,1,1,1.0
2017-4,E01017803,B13,1,1,1.0
2017-4,E01017803,B24,1,1,1.0
2017-4,E01017803,B25,1,1,1.0
2017-4,E01017803,B27,1,1,1.0
2017-4,E01017804,B18,1,1,1.0
2017-4,E01017804,B25,1,1,1.0
2017-4,E01017806,B17,1,1,1.0
2017-4,E01017806,B25,1,1,1.0
2017-4,E01017812,B24,1,1,1.0
2017-4,E01017814,B16,1,1,1.0
2017-4,E01017818,B24,1,1,1.0
2017-4,E01017819,B25,2,1,2.0
2017-4,E01017823,B25,2,2,1.0
2017-4,E01017825,B13,1,1,1.0
2017-4,E01017826,B13,1,1,1.0
2017-4,E01017827,B16,1,1,1.0
2017-4,E01017827,B28,1,1,1.0
2017-4,E01017828,B13,1,1,1.0
2017-4,E01017828,B25,1,1,1.0
2017-4,E01017828,B26,1,1,1.0
2017-4,E01017829,B19,2,1,2.0
2017-4,E01017829,B26,1,1,1.0
2017-4,E01017830,B25,1,1,1.0
2017-4,E01017832,B25,1,1,1.0
2017-4,E01017833,B25,1,1,1.0
2017-4,E01017833,B26,1,1,1.0
2017-4,E01017834,B26,1,1,1.0
2017-4,E01017837,B13,1,1,1.0
2017-4,E01017837,B25,1,1,1.0
2017-4,E01017839,B18,1,1,1.0
2017-4,E01017839,B19,1,1,1.0
2017-4,E01017840,B25,2,2,1.0
2017-4,E01017842,B24,1,1,1.0
2017-4,E01017845,B1,1,1,1.0
2017-4,E01017846,B24,1,1,1.0
2017-4,E01017851,B18,1,1,1.0
2017-4,E01017854,B13,1,1,1.0
2017-4,E01017854,B25,1,1,1.0
2017-4,E01017854,B26,1,1,1.0
2017-4,E01017856,B15,1,1,1.0
2017-4,E01017866,B24,1,1,1.0
2017-4,E01017866,B26,3,1,3.0
2017-4,E01017868,B25,1,1,1.0
2017-4,E01017870,B25,2,1,2.0
2017-4,E01017875,B13,1,1,1.0
2017-4,E01017875,B25,1,1,1.0
2017-4,E01017878,B13,1,1,1.0
2017-4,E01017878,B17,1,1,1.0
2017-4,E01017878,B25,2,1,2.0
2017-4,E01017885,B13,1,1,1.0
2017-4,E01017885,B16,1,1,1.0
2017-4,E01017885,B25,1,1,1.0
2017-4,E01017891,B24,1,1,1.0
2017-4,E01017894,B24,1,1,1.0
2017-4,E01017895,B13,1,1,1.0
2017-4,E01017895,B17,1,1,1.0
2017-4,E01017895,B24,2,1,2.0
2017-4,E01017896,B13,2,1,2.0
2017-4,E01017896,B19,1,1,1.0
2017-4,E01017896,B24,1,1,1.0
2017-4,E01017896,B25,3,2,1.5
2017-4,E01017897,B24,1,1,1.0
2017-4,E01017897,B26,1,1,1.0
2017-4,E01017898,B25,1,1,1.0
2017-4,E01017903,B26,1,1,1.0
2017-4,E01017906,B13,1,1,1.0
2017-4,E01017907,B19,1,1,1.0
2017-4,E01017907,B25,1,1,1.0
2017-4,E01017907,B26,1,1,1.0
2017-4,E01017907,B28,2,1,2.0
2017-4,E01017910,B19,1,1,1.0
2017-4,E01017911,B13,1,1,1.0
2017-4,E01017912,B26,1,1,1.0
2017-4,E01017916,B16,1,1,1.0
2017-4,E01017916,B25,5,1,5.0
2017-4,E01017917,B25,1,1,1.0
2017-4,E01017918,B28,1,1,1.0
2017-4,E01017919,B25,1,1,1.0
2017-4,E01017920,B25,1,1,1.0
2017-4,E01017921,B25,4,1,4.0
2017-4,E01017922,B25,1,1,1.0
2017-4,E01017927,B28,1,1,1.0
2017-4,E01017930,B28,1,1,1.0
2017-4,E01017931,B28,1,1,1.0
2017-4,E01017934,B17,1,1,1.0
2017-4,E01017935,B25,3,1,3.0
2017-4,E01017936,B24,1,1,1.0
2017-4,E01017939,B19,1,1,1.0
2017-4,E01017947,B28,1,1,1.0
2017-4,E01017958,B26,1,1,1.0
2017-4,E01017959,B1,1,1,1.0
2017-4,E01017973,B13,1,1,1.0
2017-4,E01018023,B25,1,1,1.0
2017-4,E01018026,B16,1,1,1.0
2017-4,E01018033,B13,1,1,1.0
2017-4,E01018035,B25,1,1,1.0
2017-4,E01018100,B16,1,1,1.0
2017-4,E01018127,B26,1,1,1.0
2017-4,E01018148,B26,1,1,1.0
2017-4,E01018177,B13,1,1,1.0
2017-4,E01018236,B16,1,1,1.0
2017-4,E01018243,B13,1,1,1.0
2017-4,E01018268,B28,1,1,1.0
2017-4,E01018271,B16,1,1,1.0
2017-4,E01018277,B26,2,2,1.0
2017-4,E01018284,B26,1,1,1.0
2017-4,E01018288,B25,1,1,1.0
2017-4,E01018307,B18,1,1,1.0
2017-4,E01018313,B1,1,1,1.0
2017-4,E01018335,B13,1,1,1.0
2017-4,E01018335,B26,1,1,1.0
2017-4,E01018337,B25,2,1,2.0
2017-4,E01018342,B15,1,1,1.0
2017-4,E01018342,B27,1,1,1.0
2017-4,E01018346,B19,1,1,1.0
2017-4,E01018389,B25,1,1,1.0
2017-4,E01018390,B16,1,1,1.0
2017-4,E01018394,B25,1,1,1.0
2017-4,E01018395,B25,1,1,1.0
2017-4,E01018406,B25,1,1,1.0
2017-4,E01018411,B25,1,1,1.0
2017-4,E01018422,B1,1,1,1.0
2017-4,E01018442,B16,1,1,1.0
2017-4,E01018442,B24,1,1,1.0
2017-4,E01018447,B26,4,2,2.0
2017-4,E01018449,B25,1,1,1.0
2017-4,E01018450,B16,1,1,1.0
2017-4,E01018450,B25,1,1,1.0
2017-4,E01018460,B16,1,1,1.0
2017-4,E01018460,B26,1,1,1.0
2017-4,E01018461,B26,2,1,2.0
2017-4,E01018462,B24,1,1,1.0
2017-4,E01018462,B26,1,1,1.0
2017-4,E01018465,B25,1,1,1.0
2017-4,E01018466,B25,1,1,1.0
2017-4,E01018479,B25,1,1,1.0
2017-4,E01018479,B26,1,1,1.0
2017-4,E01018493,B13,1,1,1.0
2017-4,E01018502,B24,1,1,1.0
2017-4,E01018515,B16,2,1,2.0
2017-4,E01018521,B25,2,1,2.0
2017-4,E01018552,B25,1,1,1.0
2017-4,E01018567,B24,1,1,1.0
2017-4,E01018572,B25,1,1,1.0
2017-4,E01018576,B25,1,1,1.0
2017-4,E01018578,B25,1,1,1.0
2017-4,E01018582,B1,1,1,1.0
2017-4,E01018582,B25,1,1,1.0
2017-4,E01018591,B1,1,1,1.0
2017-4,E01018591,B26,1,1,1.0
2017-4,E01018593,B17,1,1,1.0
2017-4,E01018595,B24,1,1,1.0
2017-4,E01018595,B26,1,1,1.0
2017-4,E01018597,B19,1,1,1.0
2017-4,E01018600,B28,1,1,1.0
2017-4,E01018602,B25,1,1,1.0
2017-4,E01018602,B26,1,1,1.0
2017-4,E01018606,B25,2,2,1.0
2017-4,E01018609,B25,1,1,1.0
2017-4,E01018611,B25,2,1,2.0
2017-4,E01018614,B28,1,1,1.0
2017-4,E01018615,B24,1,1,1.0
2017-4,E01018621,B25,1,1,1.0
2017-4,E01018622,B26,1,1,1.0
2017-4,E01018623,B13,1,1,1.0
2017-4,E01018624,B16,1,1,1.0
2017-4,E01018624,B25,2,1,2.0
2017-4,E01018624,B28,1,1,1.0
2017-4,E01018625,B28,3,1,3.0
2017-4,E01018634,B13,1,1,1.0
2017-4,E01018634,B28,2,1,2.0
2017-4,E01018635,B25,1,1,1.0
2017-4,E01018636,B13,1,1,1.0
2017-4,E01018645,B25,1,1,1.0
2017-4,E01018646,B25,1,1,1.0
2017-4,E01018646,B28,5,1,5.0
2017-4,E01018647,B25,1,1,1.0
2017-4,E01018648,B24,1,1,1.0
2017-4,E01018648,B25,1,1,1.0
2017-4,E01018649,B25,2,1,2.0
2017-4,E01018651,B25,3,2,1.5
2017-4,E01018653,B25,1,1,1.0
2017-4,E01018666,B13,2,1,2.0
2017-4,E01018666,B25,1,1,1.0
2017-4,E01018667,B16,1,1,1.0
2017-4,E01018667,B25,4,1,4.0
2017-4,E01018667,B27,1,1,1.0
2017-4,E01018669,B25,1,1,1.0
2017-4,E01018670,B24,1,1,1.0
2017-4,E01018677,B26,1,1,1.0
2017-4,E01018684,B25,1,1,1.0
2017-4,E01018692,B25,1,1,1.0
2017-4,E01018714,B25,1,1,1.0
2017-4,E01018715,B16,1,1,1.0
2017-4,E01018715,B26,1,1,1.0
2017-4,E01018721,B25,1,1,1.0
2017-4,E01018722,B13,1,1,1.0
2017-4,E01018722,B17,1,1,1.0
2017-4,E01018734,B19,1,1,1.0
2017-4,E01018735,B18,1,1,1.0
2017-4,E01018737,B25,1,1,1.0
2017-4,E01018737,B26,1,1,1.0
2017-4,E01018739,B25,1,1,1.0
2017-4,E01018746,B25,1,1,1.0
2017-4,E01018748,B25,1,1,1.0
2017-4,E01018755,B16,1,1,1.0
2017-4,E01018774,B25,1,1,1.0
2017-4,E01018775,B18,1,1,1.0
2017-4,E01018776,B18,2,1,2.0
2017-4,E01018783,B25,1,1,1.0
2017-4,E01018786,B1,1,1,1.0
2017-4,E01018798,B28,1,1,1.0
2017-4,E01018804,B17,1,1,1.0
2017-4,E01018804,B19,1,1,1.0
2017-4,E01018804,B24,1,1,1.0
2017-4,E01018804,B6,1,1,1.0
2017-4,E01018806,B13,1,1,1.0
2017-4,E01018806,B18,1,1,1.0
2017-4,E01018806,B26,1,1,1.0
2017-4,E01018820,B25,1,1,1.0
2017-4,E01018824,B26,1,1,1.0
2017-4,E01018826,B26,1,1,1.0
2017-4,E01018829,B24,1,1,1.0
2017-4,E01018833,B25,3,3,1.0
2017-4,E01018840,B14,1,1,1.0
2017-4,E01018845,B25,1,1,1.0
2017-4,E01018846,B28,1,1,1.0
2017-4,E01018847,B24,1,1,1.0
2017-4,E01018900,B24,1,1,1.0
2017-4,E01018912,B13,1,1,1.0
2017-4,E01018914,B26,1,1,1.0
2017-4,E01018915,B25,1,1,1.0
2017-4,E01018916,B26,1,1,1.0
2017-4,E01018920,B16,1,1,1.0
2017-4,E01018927,B25,1,1,1.0
2017-4,E01018934,B28,1,1,1.0
2017-4,E01018935,B25,1,1,1.0
2017-4,E01018940,B13,1,1,1.0
2017-4,E01018940,B25,1,1,1.0
2017-4,E01018941,B13,1,1,1.0
2017-4,E01018944,B1,1,1,1.0
2017-4,E01018945,B26,1,1,1.0
2017-4,E01018948,B25,1,1,1.0
2017-4,E01018949,B16,1,1,1.0
2017-4,E01018958,B21,1,1,1.0
2017-4,E01018962,B15,1,1,1.0
2017-4,E01018966,B19,1,1,1.0
2017-4,E01018983,B16,1,1,1.0
2017-4,E01018985,B25,1,1,1.0
2017-4,E01018987,B13,1,1,1.0
2017-4,E01018987,B17,1,1,1.0
2017-4,E01018998,B26,1,1,1.0
2017-4,E01019004,B17,1,1,1.0
2017-4,E01019005,B19,4,1,4.0
2017-4,E01019007,B26,3,1,3.0
2017-4,E01019016,B16,1,1,1.0
2017-4,E01019017,B25,1,1,1.0
2017-4,E01019053,B25,1,1,1.0
2017-4,E01019060,B13,1,1,1.0
2017-4,E01019060,B25,1,1,1.0
2017-4,E01019075,B13,1,1,1.0
2017-4,E01019075,B26,1,1,1.0
2017-4,E01019092,B26,1,1,1.0
2017-4,E01019122,B26,2,1,2.0
2017-4,E01019128,B19,1,1,1.0
2017-4,E01019128,B28,1,1,1.0
2017-4,E01019138,B18,1,1,1.0
2017-4,E01019158,B25,1,1,1.0
2017-4,E01019165,B18,1,1,1.0
2017-4,E01019176,B13,1,1,1.0
2017-4,E01019191,B25,1,1,1.0
2017-4,E01019203,B13,1,1,1.0
2017-4,E01019225,B25,1,1,1.0
2017-4,E01019235,B26,1,1,1.0
2017-4,E01019247,B16,1,1,1.0
2017-4,E01019250,B25,1,1,1.0
2017-4,E01019264,B26,1,1,1.0
2017-4,E01019266,B13,1,1,1.0
2017-4,E01019279,B25,1,1,1.0
2017-4,E01019280,B19,1,1,1.0
2017-4,E01019281,B26,1,1,1.0
2017-4,E01019286,B1,1,1,1.0
2017-4,E01019291,B1,1,1,1.0
2017-4,E01019291,B18,1,1,1.0
2017-4,E01019291,B26,1,1,1.0
2017-4,E01019292,B28,1,1,1.0
2017-4,E01019295,B25,1,1,1.0
2017-4,E01019296,B25,1,1,1.0
2017-4,E01019297,B28,1,1,1.0
2017-4,E01019312,B26,1,1,1.0
2017-4,E01019345,B13,1,1,1.0
2017-4,E01019345,B18,1,1,1.0
2017-4,E01019348,B24,1,1,1.0
2017-4,E01019362,B19,1,1,1.0
2017-4,E01019378,B6,1,1,1.0
2017-4,E01019379,B25,1,1,1.0
2017-4,E01019382,B16,1,1,1.0
2017-4,E01019388,B13,1,1,1.0
2017-4,E01019392,B25,1,1,1.0
2017-4,E01019393,B1,1,1,1.0
2017-4,E01019401,B28,1,1,1.0
2017-4,E01019419,B28,1,1,1.0
2017-4,E01019420,B18,1,1,1.0
2017-4,E01019424,B26,1,1,1.0
2017-4,E01019433,B13,1,1,1.0
2017-4,E01019435,B15,1,1,1.0
2017-4,E01019436,B25,1,1,1.0
2017-4,E01019437,B25,5,5,1.0
2017-4,E01019440,B13,1,1,1.0
2017-4,E01019441,B25,1,1,1.0
2017-4,E01019442,B25,1,1,1.0
2017-4,E01019451,B26,1,1,1.0
2017-4,E01019451,B28,1,1,1.0
2017-4,E01019452,B25,1,1,1.0
2017-4,E01019453,B25,2,1,2.0
2017-4,E01019453,B26,4,2,2.0
2017-4,E01019456,B25,3,2,1.5
2017-4,E01019464,B24,1,1,1.0
2017-4,E01019464,B25,1,1,1.0
2017-4,E01019472,B25,1,1,1.0
2017-4,E01019473,B25,1,1,1.0
2017-4,E01019477,B25,2,1,2.0
2017-4,E01019478,B26,1,1,1.0
2017-4,E01019480,B16,1,1,1.0
2017-4,E01019487,B25,2,2,1.0
2017-4,E01019491,B16,1,1,1.0
2017-4,E01019491,B24,2,1,2.0
2017-4,E01019491,B26,1,1,1.0
2017-4,E01019493,B26,1,1,1.0
2017-4,E01019494,B13,1,1,1.0
2017-4,E01019494,B25,1,1,1.0
2017-4,E01019500,B13,1,1,1.0
2017-4,E01019505,B26,1,1,1.0
2017-4,E01019507,B19,1,1,1.0
2017-4,E01019507,B25,1,1,1.0
2017-4,E01019524,B25,1,1,1.0
2017-4,E01019524,B28,1,1,1.0
2017-4,E01019527,B24,1,1,1.0
2017-4,E01019528,B25,1,1,1.0
2017-4,E01019533,B19,1,1,1.0
2017-4,E01019537,B25,1,1,1.0
2017-4,E01019542,B13,1,1,1.0
2017-4,E01019542,B25,1,1,1.0
2017-4,E01019552,B26,1,1,1.0
2017-4,E01019554,B25,1,1,1.0
2017-4,E01019556,B18,2,2,1.0
2017-4,E01019558,B25,1,1,1.0
2017-4,E01019562,B25,1,1,1.0
2017-4,E01019563,B28,1,1,1.0
2017-4,E01019565,B28,1,1,1.0
2017-4,E01019566,B26,1,1,1.0
2017-4,E01019567,B14,1,1,1.0
2017-4,E01019567,B25,1,1,1.0
2017-4,E01019567,B6,1,1,1.0
2017-4,E01019568,B19,1,1,1.0
2017-4,E01019568,B25,1,1,1.0
2017-4,E01019568,B26,2,1,2.0
2017-4,E01019568,B6,2,1,2.0
2017-4,E01019570,B14,1,1,1.0
2017-4,E01019570,B25,1,1,1.0
2017-4,E01019571,B25,1,1,1.0
2017-4,E01019573,B13,1,1,1.0
2017-4,E01019573,B16,1,1,1.0
2017-4,E01019573,B25,2,1,2.0
2017-4,E01019575,B25,2,1,2.0
2017-4,E01019577,B25,1,1,1.0
2017-4,E01019578,B13,1,1,1.0
2017-4,E01019578,B25,1,1,1.0
2017-4,E01019579,B24,1,1,1.0
2017-4,E01019581,B19,1,1,1.0
2017-4,E01019581,B4,1,1,1.0
2017-4,E01019582,B15,1,1,1.0
2017-4,E01019582,B25,1,1,1.0
2017-4,E01019587,B25,1,1,1.0
2017-4,E01019589,B25,1,1,1.0
2017-4,E01019591,B13,4,1,4.0
2017-4,E01019591,B25,4,1,4.0
2017-4,E01019592,B25,3,1,3.0
2017-4,E01019595,B24,1,1,1.0
2017-4,E01019599,B26,1,1,1.0
2017-4,E01019603,B25,1,1,1.0
2017-4,E01019604,B26,1,1,1.0
2017-4,E01019606,B28,1,1,1.0
2017-4,E01019613,B25,1,1,1.0
2017-4,E01019616,B25,1,1,1.0
2017-4,E01019629,B16,2,1,2.0
2017-4,E01019629,B25,4,2,2.0
2017-4,E01019656,B26,2,1,2.0
2017-4,E01019660,B28,1,1,1.0
2017-4,E01019661,B19,1,1,1.0
2017-4,E01019662,B26,1,1,1.0
2017-4,E01019664,B26,1,1,1.0
2017-4,E01019670,B16,1,1,1.0
2017-4,E01019670,B25,1,1,1.0
2017-4,E01019670,B26,1,1,1.0
2017-4,E01019671,B28,1,1,1.0
2017-4,E01019676,B13,1,1,1.0
2017-4,E01019681,B1,1,1,1.0
2017-4,E01019688,B15,1,1,1.0
2017-4,E01019691,B13,1,1,1.0
2017-4,E01019691,B26,1,1,1.0
2017-4,E01019692,B18,1,1,1.0
2017-4,E01019699,B28,2,1,2.0
2017-4,E01019700,B28,3,1,3.0
2017-4,E01019704,B19,1,1,1.0
2017-4,E01019705,B13,1,1,1.0
2017-4,E01019705,B17,1,1,1.0
2017-4,E01019707,B13,2,1,2.0
2017-4,E01019707,B14,3,1,3.0
2017-4,E01019707,B15,4,1,4.0
2017-4,E01019707,B19,2,1,2.0
2017-4,E01019707,B25,7,1,7.0
2017-4,E01019707,B26,2,1,2.0
2017-4,E01019711,B13,1,1,1.0
2017-4,E01019727,B13,1,1,1.0
2017-4,E01019744,B25,1,1,1.0
2017-4,E01019751,B28,1,1,1.0
2017-4,E01019754,B25,1,1,1.0
2017-4,E01019757,B26,1,1,1.0
2017-4,E01019761,B25,1,1,1.0
2017-4,E01019771,B13,4,1,4.0
2017-4,E01019771,B25,2,1,2.0
2017-4,E01019771,B26,1,1,1.0
2017-4,E01019772,B25,3,1,3.0
2017-4,E01019773,B13,1,1,1.0
2017-4,E01019773,B25,3,2,1.5
2017-4,E01019774,B25,1,1,1.0
2017-4,E01019775,B28,1,1,1.0
2017-4,E01019782,B25,1,1,1.0
2017-4,E01019798,B16,1,1,1.0
2017-4,E01019798,B25,1,1,1.0
2017-4,E01019815,B26,3,2,1.5
2017-4,E01019816,B13,1,1,1.0
2017-4,E01019816,B25,1,1,1.0
2017-4,E01019824,B25,4,3,1.3333333333333333
2017-4,E01019825,B19,1,1,1.0
2017-4,E01019825,B25,5,2,2.5
2017-4,E01019826,B16,1,1,1.0
2017-4,E01019826,B17,1,1,1.0
2017-4,E01019826,B25,1,1,1.0
2017-4,E01019826,B28,3,1,3.0
2017-4,E01019827,B13,1,1,1.0
2017-4,E01019827,B25,2,1,2.0
2017-4,E01019828,B25,1,1,1.0
2017-4,E01019829,B25,1,1,1.0
2017-4,E01019830,B25,1,1,1.0
2017-4,E01019831,B25,2,2,1.0
2017-4,E01019845,B28,1,1,1.0
2017-4,E01019847,B13,1,1,1.0
2017-4,E01019859,B19,1,1,1.0
2017-4,E01019873,B16,1,1,1.0
2017-4,E01019875,B16,1,1,1.0
2017-4,E01019875,B19,1,1,1.0
2017-4,E01019876,B1,1,1,1.0
2017-4,E01019876,B25,1,1,1.0
2017-4,E01019876,B28,2,1,2.0
2017-4,E01019880,B25,1,1,1.0
2017-4,E01019882,B26,1,1,1.0
2017-4,E01019883,B13,1,1,1.0
2017-4,E01019883,B24,1,1,1.0
2017-4,E01019885,B28,1,1,1.0
2017-4,E01019891,B16,1,1,1.0
2017-4,E01019891,B25,1,1,1.0
2017-4,E01019893,B25,2,2,1.0
2017-4,E01019897,B25,1,1,1.0
2017-4,E01019898,B25,1,1,1.0
2017-4,E01019900,B25,1,1,1.0
2017-4,E01019901,B16,1,1,1.0
2017-4,E01019903,B24,1,1,1.0
2017-4,E01019903,B25,3,1,3.0
2017-4,E01019904,B18,1,1,1.0
2017-4,E01019907,B17,1,1,1.0
2017-4,E01019909,B25,1,1,1.0
2017-4,E01019911,B18,1,1,1.0
2017-4,E01019912,B17,1,1,1.0
2017-4,E01019913,B25,1,1,1.0
2017-4,E01019915,B17,2,2,1.0
2017-4,E01019916,B16,1,1,1.0
2017-4,E01019916,B25,3,2,1.5
2017-4,E01019916,B26,1,1,1.0
2017-4,E01019917,B25,1,1,1.0
2017-4,E01019918,B25,2,2,1.0
2017-4,E01019919,B18,1,1,1.0
2017-4,E01019919,B25,1,1,1.0
2017-4,E01019919,B26,1,1,1.0
2017-4,E01019920,B15,1,1,1.0
2017-4,E01019920,B16,1,1,1.0
2017-4,E01019920,B18,1,1,1.0
2017-4,E01019921,B25,1,1,1.0
2017-4,E01019929,B25,1,1,1.0
2017-4,E01019934,B25,1,1,1.0
2017-4,E01019935,B25,1,1,1.0
2017-4,E01019938,B17,1,1,1.0
2017-4,E01019945,B25,2,2,1.0
2017-4,E01019945,B7,2,1,2.0
2017-4,E01019951,B1,1,1,1.0
2017-4,E01019956,B25,2,1,2.0
2017-4,E01019960,B24,1,1,1.0
2017-4,E01019963,B16,1,1,1.0
2017-4,E01019964,B1,1,1,1.0
2017-4,E01019964,B24,1,1,1.0
2017-4,E01019964,B25,1,1,1.0
2017-4,E01019968,B25,1,1,1.0
2017-4,E01019971,B14,3,1,3.0
2017-4,E01019973,B25,1,1,1.0
2017-4,E01019985,B28,2,1,2.0
2017-4,E01019987,B25,2,1,2.0
2017-4,E01019990,B24,1,1,1.0
2017-4,E01019991,B25,2,1,2.0
2017-4,E01019991,B7,2,1,2.0
2017-4,E01019992,B1,1,1,1.0
2017-4,E01019995,B24,1,1,1.0
2017-4,E01019997,B16,1,1,1.0
2017-4,E01019997,B23,1,1,1.0
2017-4,E01019999,B25,1,1,1.0
2017-4,E01020000,B25,1,1,1.0
2017-4,E01020002,B16,1,1,1.0
2017-4,E01020003,B26,1,1,1.0
2017-4,E01020005,B23,1,1,1.0
2017-4,E01020005,B25,1,1,1.0
2017-4,E01020005,B7,1,1,1.0
2017-4,E01020007,B25,1,1,1.0
2017-4,E01020007,B7,1,1,1.0
2017-4,E01020010,B24,1,1,1.0
2017-4,E01020011,B25,1,1,1.0
2017-4,E01020011,B9,1,1,1.0
2017-4,E01020016,B14,4,2,2.0
2017-4,E01020016,B16,1,1,1.0
2017-4,E01020016,B25,1,1,1.0
2017-4,E01020016,B26,1,1,1.0
2017-4,E01020017,B16,1,1,1.0
2017-4,E01020019,B7,1,1,1.0
2017-4,E01020023,B14,2,1,2.0
2017-4,E01020023,B17,1,1,1.0
2017-4,E01020024,B26,1,1,1.0
2017-4,E01020025,B14,3,1,3.0
2017-4,E01020025,B16,1,1,1.0
2017-4,E01020027,B14,1,1,1.0
2017-4,E01020038,B25,3,2,1.5
2017-4,E01020052,B26,1,1,1.0
2017-4,E01020054,B25,2,1,2.0
2017-4,E01020054,B7,2,1,2.0
2017-4,E01020056,B28,1,1,1.0
2017-4,E01020060,B25,1,1,1.0
2017-4,E01020060,B26,1,1,1.0
2017-4,E01020065,B18,1,1,1.0
2017-4,E01020066,B17,1,1,1.0
2017-4,E01020068,B25,2,2,1.0
2017-4,E01020068,B26,1,1,1.0
2017-4,E01020069,B11,1,1,1.0
2017-4,E01020069,B24,1,1,1.0
2017-4,E01020069,B25,5,3,1.6666666666666667
2017-4,E01020069,B7,1,1,1.0
2017-4,E01020070,B25,1,1,1.0
2017-4,E01020072,B25,2,2,1.0
2017-4,E01020074,B18,1,1,1.0
2017-4,E01020079,B23,1,1,1.0
2017-4,E01020079,B26,1,1,1.0
2017-4,E01020087,B16,1,1,1.0
2017-4,E01020092,B16,1,1,1.0
2017-4,E01020097,B25,1,1,1.0
2017-4,E01020098,B24,1,1,1.0
2017-4,E01020099,B25,1,1,1.0
2017-4,E01020102,B26,1,1,1.0
2017-4,E01020105,B25,1,1,1.0
2017-4,E01020111,B26,1,1,1.0
2017-4,E01020112,B18,2,2,1.0
2017-4,E01020113,B25,1,1,1.0
2017-4,E01020115,B17,1,1,1.0
2017-4,E01020116,B25,1,1,1.0
2017-4,E01020116,B26,1,1,1.0
2017-4,E01020117,B16,1,1,1.0
2017-4,E01020118,B25,1,1,1.0
2017-4,E01020119,B26,2,1,2.0
2017-4,E01020119,B6,1,1,1.0
2017-4,E01020119,B9,1,1,1.0
2017-4,E01020121,B18,1,1,1.0
2017-4,E01020127,B24,1,1,1.0
2017-4,E01020127,B25,1,1,1.0
2017-4,E01020127,B28,1,1,1.0
2017-4,E01020138,B25,1,1,1.0
2017-4,E01020142,B25,4,4,1.0
2017-4,E01020145,B16,1,1,1.0
2017-4,E01020145,B26,1,1,1.0
2017-4,E01020147,B26,1,1,1.0
2017-4,E01020159,B25,1,1,1.0
2017-4,E01020161,B3,1,1,1.0
2017-4,E01020163,B14,1,1,1.0
2017-4,E01020163,B25,1,1,1.0
2017-4,E01020163,B26,1,1,1.0
2017-4,E01020163,B28,1,1,1.0
2017-4,E01020167,B26,1,1,1.0
2017-4,E01020176,B26,1,1,1.0
2017-4,E01020180,B1,1,1,1.0
2017-4,E01020180,B14,3,2,1.5
2017-4,E01020182,B25,1,1,1.0
2017-4,E01020182,B6,1,1,1.0
2017-4,E01020184,B26,1,1,1.0
2017-4,E01020189,B25,1,1,1.0
2017-4,E01020190,B25,1,1,1.0
2017-4,E01020191,B25,1,1,1.0
2017-4,E01020191,B26,1,1,1.0
2017-4,E01020193,B26,1,1,1.0
2017-4,E01020199,B26,1,1,1.0
2017-4,E01020201,B16,1,1,1.0
2017-4,E01020201,B25,1,1,1.0
2017-4,E01020208,B16,1,1,1.0
2017-4,E01020214,B25,1,1,1.0
2017-4,E01020217,B16,1,1,1.0
2017-4,E01020217,B7,1,1,1.0
2017-4,E01020218,B25,1,1,1.0
2017-4,E01020249,B25,1,1,1.0
2017-4,E01020250,B18,1,1,1.0
2017-4,E01020251,B26,1,1,1.0
2017-4,E01020259,B1,1,1,1.0
2017-4,E01020260,B24,1,1,1.0
2017-4,E01020260,B26,1,1,1.0
2017-4,E01020260,B28,1,1,1.0
2017-4,E01020260,B6,1,1,1.0
2017-4,E01020261,B25,1,1,1.0
2017-4,E01020261,B6,1,1,1.0
2017-4,E01020263,B25,1,1,1.0
2017-4,E01020274,B25,1,1,1.0
2017-4,E01020275,B18,1,1,1.0
2017-4,E01020275,B6,1,1,1.0
2017-4,E01020277,B26,5,1,5.0
2017-4,E01020283,B1,1,1,1.0
2017-4,E01020286,B25,2,1,2.0
2017-4,E01020289,B1,1,1,1.0
2017-4,E01020290,B16,1,1,1.0
2017-4,E01020290,B25,5,5,1.0
2017-4,E01020290,B28,1,1,1.0
2017-4,E01020290,B6,1,1,1.0
2017-4,E01020291,B25,2,2,1.0
2017-4,E01020293,B18,1,1,1.0
2017-4,E01020293,B25,15,13,1.1538461538461537
2017-4,E01020294,B25,4,4,1.0
2017-4,E01020295,B24,1,1,1.0
2017-4,E01020296,B25,2,2,1.0
2017-4,E01020302,B25,11,9,1.2222222222222223
2017-4,E01020303,B25,1,1,1.0
2017-4,E01020304,B16,1,1,1.0
2017-4,E01020307,B25,1,1,1.0
2017-4,E01020309,B25,1,1,1.0
2017-4,E01020310,B6,1,1,1.0
2017-4,E01020311,B25,1,1,1.0
2017-4,E01020317,B25,1,1,1.0
2017-4,E01020324,B26,1,1,1.0
2017-4,E01020326,B25,1,1,1.0
2017-4,E01020326,B7,1,1,1.0
2017-4,E01020334,B26,1,1,1.0
2017-4,E01020335,B7,1,1,1.0
2017-4,E01020341,B25,1,1,1.0
2017-4,E01020341,B26,3,1,3.0
2017-4,E01020367,B26,1,1,1.0
2017-4,E01020372,B25,1,1,1.0
2017-4,E01020389,B25,1,1,1.0
2017-4,E01020389,B26,1,1,1.0
2017-4,E01020392,B18,1,1,1.0
2017-4,E01020396,B26,2,1,2.0
2017-4,E01020401,B25,1,1,1.0
2017-4,E01020405,B14,1,1,1.0
2017-4,E01020406,B16,1,1,1.0
2017-4,E01020408,B25,1,1,1.0
2017-4,E01020412,B26,1,1,1.0
2017-4,E01020421,B19,1,1,1.0
2017-4,E01020428,B24,1,1,1.0
2017-4,E01020431,B26,1,1,1.0
2017-4,E01020437,B16,1,1,1.0
2017-4,E01020437,B26,1,1,1.0
2017-4,E01020442,B25,1,1,1.0
2017-4,E01020459,B25,1,1,1.0
2017-4,E01020460,B24,2,1,2.0
2017-4,E01020460,B25,1,1,1.0
2017-4,E01020460,B26,1,1,1.0
2017-4,E01020476,B16,1,1,1.0
2017-4,E01020505,B13,1,1,1.0
2017-4,E01020529,B13,1,1,1.0
2017-4,E01020560,B25,1,1,1.0
2017-4,E01020564,B24,1,1,1.0
2017-4,E01020564,B25,1,1,1.0
2017-4,E01020584,B1,1,1,1.0
2017-4,E01020591,B28,1,1,1.0
2017-4,E01020606,B6,1,1,1.0
2017-4,E01020607,B26,3,2,1.5
2017-4,E01020613,B26,1,1,1.0
2017-4,E01020622,B19,1,1,1.0
2017-4,E01020624,B16,1,1,1.0
2017-4,E01020637,B25,1,1,1.0
2017-4,E01020637,B26,3,2,1.5
2017-4,E01020640,B26,1,1,1.0
2017-4,E01020644,B25,1,1,1.0
2017-4,E01020644,B26,4,1,4.0
2017-4,E01020645,B19,1,1,1.0
2017-4,E01020646,B24,1,1,1.0
2017-4,E01020650,B19,1,1,1.0
2017-4,E01020655,B26,1,1,1.0
2017-4,E01020660,B19,1,1,1.0
2017-4,E01020661,B13,1,1,1.0
2017-4,E01020666,B13,1,1,1.0
2017-4,E01020666,B28,1,1,1.0
2017-4,E01020680,B24,1,1,1.0
2017-4,E01020693,B6,1,1,1.0
2017-4,E01020696,B28,2,1,2.0
2017-4,E01020699,B28,1,1,1.0
2017-4,E01020700,B28,4,1,4.0
2017-4,E01020702,B24,1,1,1.0
2017-4,E01020705,B26,1,1,1.0
2017-4,E01020709,B26,1,1,1.0
2017-4,E01020709,B28,1,1,1.0
2017-4,E01020715,B26,3,1,3.0
2017-4,E01020729,B26,1,1,1.0
2017-4,E01020742,B16,1,1,1.0
2017-4,E01020742,B26,1,1,1.0
2017-4,E01020772,B1,1,1,1.0
2017-4,E01020796,B26,1,1,1.0
2017-4,E01020797,B28,1,1,1.0
2017-4,E01020811,B28,1,1,1.0
2017-4,E01020816,B19,2,1,2.0
2017-4,E01020821,B26,1,1,1.0
2017-4,E01020824,B26,1,1,1.0
2017-4,E01020828,B26,2,2,1.0
2017-4,E01020828,B28,2,1,2.0
2017-4,E01020829,B28,2,1,2.0
2017-4,E01020836,B17,1,1,1.0
2017-4,E01020839,B25,1,1,1.0
2017-4,E01020866,B25,1,1,1.0
2017-4,E01020877,B13,1,1,1.0
2017-4,E01020881,B25,1,1,1.0
2017-4,E01020907,B26,1,1,1.0
2017-4,E01020910,B28,1,1,1.0
2017-4,E01020911,B24,2,1,2.0
2017-4,E01020912,B7,1,1,1.0
2017-4,E01020916,B25,2,1,2.0
2017-4,E01020916,B28,1,1,1.0
2017-4,E01020919,B7,1,1,1.0
2017-4,E01020922,B25,1,1,1.0
2017-4,E01020931,B17,1,1,1.0
2017-4,E01020935,B24,1,1,1.0
2017-4,E01020970,B24,1,1,1.0
2017-4,E01020975,B24,1,1,1.0
2017-4,E01020975,B25,1,1,1.0
2017-4,E01020978,B13,1,1,1.0
2017-4,E01020979,B28,2,1,2.0
2017-4,E01020982,B26,1,1,1.0
2017-4,E01020984,B25,2,2,1.0
2017-4,E01020987,B18,1,1,1.0
2017-4,E01020989,B26,1,1,1.0
2017-4,E01020990,B25,1,1,1.0
2017-4,E01020993,B17,1,1,1.0
2017-4,E01020998,B25,1,1,1.0
2017-4,E01021003,B19,1,1,1.0
2017-4,E01021003,B26,1,1,1.0
2017-4,E01021004,B16,1,1,1.0
2017-4,E01021006,B16,1,1,1.0
2017-4,E01021006,B25,2,2,1.0
2017-4,E01021006,B6,1,1,1.0
2017-4,E01021007,B26,1,1,1.0
2017-4,E01021021,B26,1,1,1.0
2017-4,E01021022,B25,1,1,1.0
2017-4,E01021026,B26,2,1,2.0
2017-4,E01021028,B25,1,1,1.0
2017-4,E01021029,B15,2,2,1.0
2017-4,E01021031,B24,1,1,1.0
2017-4,E01021031,B25,1,1,1.0
2017-4,E01021032,B25,1,1,1.0
2017-4,E01021033,B13,1,1,1.0
2017-4,E01021033,B16,1,1,1.0
2017-4,E01021033,B18,1,1,1.0
2017-4,E01021033,B24,1,1,1.0
2017-4,E01021034,B16,1,1,1.0
2017-4,E01021034,B17,1,1,1.0
2017-4,E01021035,B23,1,1,1.0
2017-4,E01021035,B26,1,1,1.0
2017-4,E01021036,B19,1,1,1.0
2017-4,E01021038,B26,1,1,1.0
2017-4,E01021039,B25,2,2,1.0
2017-4,E01021039,B28,1,1,1.0
2017-4,E01021040,B14,1,1,1.0
2017-4,E01021040,B24,1,1,1.0
2017-4,E01021041,B25,2,2,1.0
2017-4,E01021043,B29,1,1,1.0
2017-4,E01021045,B19,1,1,1.0
2017-4,E01021047,B1,1,1,1.0
2017-4,E01021047,B19,1,1,1.0
2017-4,E01021047,B24,1,1,1.0
2017-4,E01021048,B25,1,1,1.0
2017-4,E01021050,B26,1,1,1.0
2017-4,E01021055,B27,1,1,1.0
2017-4,E01021057,B25,2,2,1.0
2017-4,E01021058,B26,1,1,1.0
2017-4,E01021058,B6,1,1,1.0
2017-4,E01021059,B19,3,1,3.0
2017-4,E01021059,B26,2,2,1.0
2017-4,E01021059,B28,1,1,1.0
2017-4,E01021060,B13,1,1,1.0
2017-4,E01021060,B24,1,1,1.0
2017-4,E01021061,B28,1,1,1.0
2017-4,E01021064,B23,1,1,1.0
2017-4,E01021065,B16,1,1,1.0
2017-4,E01021065,B28,1,1,1.0
2017-4,E01021066,B28,1,1,1.0
2017-4,E01021068,B23,1,1,1.0
2017-4,E01021068,B24,1,1,1.0
2017-4,E01021069,B25,2,2,1.0
2017-4,E01021072,B17,1,1,1.0
2017-4,E01021072,B25,2,2,1.0
2017-4,E01021072,B27,1,1,1.0
2017-4,E01021073,B16,1,1,1.0
2017-4,E01021073,B25,1,1,1.0
2017-4,E01021073,B28,1,1,1.0
2017-4,E01021074,B25,1,1,1.0
2017-4,E01021074,B28,1,1,1.0
2017-4,E01021075,B28,1,1,1.0
2017-4,E01021077,B18,1,1,1.0
2017-4,E01021079,B24,1,1,1.0
2017-4,E01021079,B25,1,1,1.0
2017-4,E01021083,B13,1,1,1.0
2017-4,E01021083,B23,1,1,1.0
2017-4,E01021083,B25,1,1,1.0
2017-4,E01021086,B24,1,1,1.0
2017-4,E01021086,B25,1,1,1.0
2017-4,E01021087,B26,2,2,1.0
2017-4,E01021087,B27,1,1,1.0
2017-4,E01021088,B26,1,1,1.0
2017-4,E01021089,B16,1,1,1.0
2017-4,E01021089,B26,2,2,1.0
2017-4,E01021090,B26,1,1,1.0
2017-4,E01021091,B26,1,1,1.0
2017-4,E01021092,B19,1,1,1.0
2017-4,E01021092,B28,1,1,1.0
2017-4,E01021093,B19,1,1,1.0
2017-4,E01021093,B24,1,1,1.0
2017-4,E01021093,B26,1,1,1.0
2017-4,E01021094,B16,1,1,1.0
2017-4,E01021096,B26,1,1,1.0
2017-4,E01021097,B26,3,3,1.0
2017-4,E01021099,B26,2,2,1.0
2017-4,E01021100,B1,1,1,1.0
2017-4,E01021100,B20,1,1,1.0
2017-4,E01021100,B26,4,3,1.3333333333333333
2017-4,E01021101,B26,1,1,1.0
2017-4,E01021102,B26,1,1,1.0
2017-4,E01021103,B24,1,1,1.0
2017-4,E01021103,B26,2,1,2.0
2017-4,E01021104,B16,1,1,1.0
2017-4,E01021104,B25,6,1,6.0
2017-4,E01021104,B7,3,2,1.5
2017-4,E01021106,B16,2,2,1.0
2017-4,E01021109,B25,2,1,2.0
2017-4,E01021109,B26,5,2,2.5
2017-4,E01021110,B25,1,1,1.0
2017-4,E01021111,B28,1,1,1.0
2017-4,E01021112,B28,1,1,1.0
2017-4,E01021113,B15,1,1,1.0
2017-4,E01021113,B19,1,1,1.0
2017-4,E01021113,B24,1,1,1.0
2017-4,E01021114,B26,1,1,1.0
2017-4,E01021114,B7,1,1,1.0
2017-4,E01021115,B25,1,1,1.0
2017-4,E01021115,B26,2,1,2.0
2017-4,E01021116,B26,1,1,1.0
2017-4,E01021117,B18,1,1,1.0
2017-4,E01021118,B28,1,1,1.0
2017-4,E01021119,B26,2,1,2.0
2017-4,E01021120,B19,1,1,1.0
2017-4,E01021120,B28,1,1,1.0
2017-4,E01021121,B1,1,1,1.0
2017-4,E01021121,B18,1,1,1.0
2017-4,E01021121,B28,1,1,1.0
2017-4,E01021123,B16,1,1,1.0
2017-4,E01021123,B26,1,1,1.0
2017-4,E01021124,B19,1,1,1.0
2017-4,E01021124,B28,2,1,2.0
2017-4,E01021124,B7,1,1,1.0
2017-4,E01021125,B16,2,2,1.0
2017-4,E01021125,B25,1,1,1.0
2017-4,E01021125,B26,2,2,1.0
2017-4,E01021125,B3,1,1,1.0
2017-4,E01021127,B28,1,1,1.0
2017-4,E01021128,B26,1,1,1.0
2017-4,E01021128,B28,1,1,1.0
2017-4,E01021129,B7,2,1,2.0
2017-4,E01021130,B28,2,1,2.0
2017-4,E01021131,B9,1,1,1.0
2017-4,E01021133,B16,1,1,1.0
2017-4,E01021134,B25,1,1,1.0
2017-4,E01021135,B25,1,1,1.0
2017-4,E01021135,B26,1,1,1.0
2017-4,E01021136,B26,1,1,1.0
2017-4,E01021138,B26,2,2,1.0
2017-4,E01021140,B26,1,1,1.0
2017-4,E01021141,B25,1,1,1.0
2017-4,E01021141,B26,2,2,1.0
2017-4,E01021142,B23,1,1,1.0
2017-4,E01021145,B19,1,1,1.0
2017-4,E01021149,B25,2,1,2.0
2017-4,E01021156,B24,1,1,1.0
2017-4,E01021157,B25,1,1,1.0
2017-4,E01021158,B25,1,1,1.0
2017-4,E01021160,B13,1,1,1.0
2017-4,E01021160,B18,1,1,1.0
2017-4,E01021163,B25,1,1,1.0
2017-4,E01021164,B26,5,1,5.0
2017-4,E01021165,B24,2,2,1.0
2017-4,E01021169,B23,8,1,8.0
2017-4,E01021170,B25,7,3,2.3333333333333335
2017-4,E01021171,B25,1,1,1.0
2017-4,E01021172,B23,4,1,4.0
2017-4,E01021173,B19,1,1,1.0
2017-4,E01021175,B27,1,1,1.0
2017-4,E01021176,B24,1,1,1.0
2017-4,E01021182,B23,1,1,1.0
2017-4,E01021186,B23,7,1,7.0
2017-4,E01021186,B25,1,1,1.0
2017-4,E01021186,B26,1,1,1.0
2017-4,E01021193,B26,1,1,1.0
2017-4,E01021195,B26,1,1,1.0
2017-4,E01021196,B16,1,1,1.0
2017-4,E01021197,B25,3,2,1.5
2017-4,E01021197,B26,2,2,1.0
2017-4,E01021203,B25,1,1,1.0
2017-4,E01021206,B16,1,1,1.0
2017-4,E01021208,B16,1,1,1.0
2017-4,E01021208,B19,1,1,1.0
2017-4,E01021213,B19,1,1,1.0
2017-4,E01021213,B25,3,1,3.0
2017-4,E01021216,B25,2,2,1.0
2017-4,E01021221,B23,1,1,1.0
2017-4,E01021247,B13,1,1,1.0
2017-4,E01021260,B25,1,1,1.0
2017-4,E01021270,B4,1,1,1.0
2017-4,E01021273,B25,1,1,1.0
2017-4,E01021274,B25,1,1,1.0
2017-4,E01021275,B19,1,1,1.0
2017-4,E01021279,B25,1,1,1.0
2017-4,E01021293,B1,1,1,1.0
2017-4,E01021299,B13,1,1,1.0
2017-4,E01021301,B26,1,1,1.0
2017-4,E01021304,B4,1,1,1.0
2017-4,E01021305,B16,1,1,1.0
2017-4,E01021314,B18,1,1,1.0
2017-4,E01021323,B28,1,1,1.0
2017-4,E01021338,B25,1,1,1.0
2017-4,E01021361,B25,1,1,1.0
2017-4,E01021365,B18,1,1,1.0
2017-4,E01021366,B18,1,1,1.0
2017-4,E01021370,B18,2,1,2.0
2017-4,E01021376,B28,1,1,1.0
2017-4,E01021389,B25,1,1,1.0
2017-4,E01021392,B13,1,1,1.0
2017-4,E01021396,B24,1,1,1.0
2017-4,E01021403,B25,1,1,1.0
2017-4,E01021410,B1,1,1,1.0
2017-4,E01021415,B19,1,1,1.0
2017-4,E01021416,B25,3,1,3.0
2017-4,E01021438,B1,1,1,1.0
2017-4,E01021439,B1,1,1,1.0
2017-4,E01021449,B28,1,1,1.0
2017-4,E01021453,B25,1,1,1.0
2017-4,E01021463,B1,1,1,1.0
2017-4,E01021472,B18,1,1,1.0
2017-4,E01021473,B25,1,1,1.0
2017-4,E01021480,B26,1,1,1.0
2017-4,E01021481,B13,1,1,1.0
2017-4,E01021481,B26,1,1,1.0
2017-4,E01021483,B25,1,1,1.0
2017-4,E01021489,B13,1,1,1.0
2017-4,E01021501,B16,1,1,1.0
2017-4,E01021505,B16,1,1,1.0
2017-4,E01021512,B13,1,1,1.0
2017-4,E01021512,B15,1,1,1.0
2017-4,E01021512,B19,1,1,1.0
2017-4,E01021512,B26,2,1,2.0
2017-4,E01021525,B18,1,1,1.0
2017-4,E01021526,B26,1,1,1.0
2017-4,E01021528,B28,1,1,1.0
2017-4,E01021533,B1,1,1,1.0
2017-4,E01021533,B18,1,1,1.0
2017-4,E01021537,B24,1,1,1.0
2017-4,E01021555,B1,1,1,1.0
2017-4,E01021556,B24,1,1,1.0
2017-4,E01021569,B24,1,1,1.0
2017-4,E01021577,B25,1,1,1.0
2017-4,E01021579,B16,1,1,1.0
2017-4,E01021586,B19,1,1,1.0
2017-4,E01021589,B27,1,1,1.0
2017-4,E01021598,B18,1,1,1.0
2017-4,E01021617,B16,1,1,1.0
2017-4,E01021627,B16,1,1,1.0
2017-4,E01021638,B26,1,1,1.0
2017-4,E01021646,B28,1,1,1.0
2017-4,E01021650,B13,1,1,1.0
2017-4,E01021659,B26,1,1,1.0
2017-4,E01021660,B26,1,1,1.0
2017-4,E01021665,B13,1,1,1.0
2017-4,E01021676,B25,1,1,1.0
2017-4,E01021680,B24,1,1,1.0
2017-4,E01021680,B25,1,1,1.0
2017-4,E01021683,B26,1,1,1.0
2017-4,E01021685,B25,1,1,1.0
2017-4,E01021687,B19,1,1,1.0
2017-4,E01021699,B1,1,1,1.0
2017-4,E01021709,B16,1,1,1.0
2017-4,E01021718,B25,1,1,1.0
2017-4,E01021718,B28,1,1,1.0
2017-4,E01021721,B19,1,1,1.0
2017-4,E01021735,B18,1,1,1.0
2017-4,E01021741,B13,2,2,1.0
2017-4,E01021747,B19,1,1,1.0
2017-4,E01021750,B1,1,1,1.0
2017-4,E01021768,B25,2,2,1.0
2017-4,E01021769,B25,1,1,1.0
2017-4,E01021778,B19,1,1,1.0
2017-4,E01021783,B19,1,1,1.0
2017-4,E01021785,B1,1,1,1.0
2017-4,E01021790,B16,1,1,1.0
2017-4,E01021791,B24,1,1,1.0
2017-4,E01021796,B13,2,1,2.0
2017-4,E01021801,B13,1,1,1.0
2017-4,E01021801,B18,1,1,1.0
2017-4,E01021812,B16,1,1,1.0
2017-4,E01021819,B16,2,2,1.0
2017-4,E01021819,B23,1,1,1.0
2017-4,E01021820,B16,1,1,1.0
2017-4,E01021823,B16,1,1,1.0
2017-4,E01021827,B25,1,1,1.0
2017-4,E01021828,B4,1,1,1.0
2017-4,E01021829,B16,2,1,2.0
2017-4,E01021829,B28,1,1,1.0
2017-4,E01021835,B28,1,1,1.0
2017-4,E01021839,B19,1,1,1.0
2017-4,E01021840,B24,1,1,1.0
2017-4,E01021842,B18,1,1,1.0
2017-4,E01021842,B26,1,1,1.0
2017-4,E01021846,B16,1,1,1.0
2017-4,E01021847,B13,1,1,1.0
2017-4,E01021848,B19,1,1,1.0
2017-4,E01021849,B15,1,1,1.0
2017-4,E01021851,B18,1,1,1.0
2017-4,E01021851,B25,1,1,1.0
2017-4,E01021856,B28,1,1,1.0
2017-4,E01021858,B28,1,1,1.0
2017-4,E01021859,B16,1,1,1.0
2017-4,E01021859,B26,1,1,1.0
2017-4,E01021860,B26,1,1,1.0
2017-4,E01021862,B1,1,1,1.0
2017-4,E01021863,B1,1,1,1.0
2017-4,E01021864,B1,1,1,1.0
2017-4,E01021867,B6,1,1,1.0
2017-4,E01021872,B19,1,1,1.0
2017-4,E01021920,B16,1,1,1.0
2017-4,E01021921,B16,1,1,1.0
2017-4,E01021941,B24,1,1,1.0
2017-4,E01021948,B28,1,1,1.0
2017-4,E01021970,B13,1,1,1.0
2017-4,E01021991,B16,1,1,1.0
2017-4,E01021993,B16,1,1,1.0
2017-4,E01022044,B24,1,1,1.0
2017-4,E01022047,B16,1,1,1.0
2017-4,E01022060,B25,1,1,1.0
2017-4,E01022068,B18,1,1,1.0
2017-4,E01022074,B25,1,1,1.0
2017-4,E01022084,B1,1,1,1.0
2017-4,E01022090,B25,2,1,2.0
2017-4,E01022091,B1,1,1,1.0
2017-4,E01022102,B13,1,1,1.0
2017-4,E01022102,B6,1,1,1.0
2017-4,E01022105,B26,2,1,2.0
2017-4,E01022111,B13,1,1,1.0
2017-4,E01022113,B25,3,2,1.5
2017-4,E01022115,B13,1,1,1.0
2017-4,E01022115,B25,1,1,1.0
2017-4,E01022117,B14,2,2,1.0
2017-4,E01022121,B13,1,1,1.0
2017-4,E01022124,B19,1,1,1.0
2017-4,E01022125,B25,1,1,1.0
2017-4,E01022125,B26,1,1,1.0
2017-4,E01022126,B14,2,1,2.0
2017-4,E01022126,B19,3,1,3.0
2017-4,E01022126,B24,2,1,2.0
2017-4,E01022126,B25,2,2,1.0
2017-4,E01022127,B13,1,1,1.0
2017-4,E01022127,B19,1,1,1.0
2017-4,E01022128,B26,1,1,1.0
2017-4,E01022129,B24,1,1,1.0
2017-4,E01022134,B1,1,1,1.0
2017-4,E01022139,B25,1,1,1.0
2017-4,E01022145,B13,1,1,1.0
2017-4,E01022151,B26,1,1,1.0
2017-4,E01022153,B16,1,1,1.0
2017-4,E01022153,B25,3,2,1.5
2017-4,E01022154,B19,3,2,1.5
2017-4,E01022154,B26,1,1,1.0
2017-4,E01022155,B25,1,1,1.0
2017-4,E01022157,B26,1,1,1.0
2017-4,E01022158,B24,1,1,1.0
2017-4,E01022160,B13,1,1,1.0
2017-4,E01022160,B26,1,1,1.0
2017-4,E01022164,B25,1,1,1.0
2017-4,E01022165,B19,1,1,1.0
2017-4,E01022166,B16,1,1,1.0
2017-4,E01022169,B24,1,1,1.0
2017-4,E01022186,B24,5,1,5.0
2017-4,E01022186,B25,1,1,1.0
2017-4,E01022187,B25,1,1,1.0
2017-4,E01022195,B19,1,1,1.0
2017-4,E01022201,B25,1,1,1.0
2017-4,E01022207,B25,1,1,1.0
2017-4,E01022208,B26,2,1,2.0
2017-4,E01022209,B25,1,1,1.0
2017-4,E01022215,B13,1,1,1.0
2017-4,E01022215,B24,1,1,1.0
2017-4,E01022216,B13,1,1,1.0
2017-4,E01022216,B17,1,1,1.0
2017-4,E01022216,B24,2,1,2.0
2017-4,E01022216,B26,1,1,1.0
2017-4,E01022221,B25,1,1,1.0
2017-4,E01022223,B23,1,1,1.0
2017-4,E01022230,B26,1,1,1.0
2017-4,E01022233,B25,1,1,1.0
2017-4,E01022235,B23,1,1,1.0
2017-4,E01022246,B19,1,1,1.0
2017-4,E01022246,B26,1,1,1.0
2017-4,E01022248,B13,2,1,2.0
2017-4,E01022255,B25,1,1,1.0
2017-4,E01022260,B13,1,1,1.0
2017-4,E01022271,B26,1,1,1.0
2017-4,E01022274,B13,1,1,1.0
2017-4,E01022280,B13,1,1,1.0
2017-4,E01022281,B25,1,1,1.0
2017-4,E01022291,B19,1,1,1.0
2017-4,E01022299,B25,1,1,1.0
2017-4,E01022313,B25,1,1,1.0
2017-4,E01022315,B13,1,1,1.0
2017-4,E01022320,B13,1,1,1.0
2017-4,E01022320,B19,1,1,1.0
2017-4,E01022320,B24,1,1,1.0
2017-4,E01022323,B24,1,1,1.0
2017-4,E01022324,B26,1,1,1.0
2017-4,E01022340,B1,1,1,1.0
2017-4,E01022352,B25,1,1,1.0
2017-4,E01022352,B26,1,1,1.0
2017-4,E01022353,B21,2,2,1.0
2017-4,E01022353,B25,1,1,1.0
2017-4,E01022366,B24,1,1,1.0
2017-4,E01022372,B25,1,1,1.0
2017-4,E01022374,B25,1,1,1.0
2017-4,E01022376,B25,2,2,1.0
2017-4,E01022390,B25,1,1,1.0
2017-4,E01022394,B25,1,1,1.0
2017-4,E01022398,B13,1,1,1.0
2017-4,E01022404,B25,1,1,1.0
2017-4,E01022413,B13,2,2,1.0
2017-4,E01022417,B28,1,1,1.0
2017-4,E01022420,B25,1,1,1.0
2017-4,E01022432,B19,1,1,1.0
2017-4,E01022434,B26,3,1,3.0
2017-4,E01022436,B25,1,1,1.0
2017-4,E01022439,B1,1,1,1.0
2017-4,E01022441,B25,1,1,1.0
2017-4,E01022441,B26,2,1,2.0
2017-4,E01022449,B26,1,1,1.0
2017-4,E01022449,B28,1,1,1.0
2017-4,E01022450,B4,1,1,1.0
2017-4,E01022451,B25,1,1,1.0
2017-4,E01022452,B15,1,1,1.0
2017-4,E01022453,B25,1,1,1.0
2017-4,E01022455,B23,1,1,1.0
2017-4,E01022455,B24,2,1,2.0
2017-4,E01022455,B25,2,1,2.0
2017-4,E01022455,B28,1,1,1.0
2017-4,E01022458,B19,1,1,1.0
2017-4,E01022458,B25,1,1,1.0
2017-4,E01022459,B14,1,1,1.0
2017-4,E01022460,B1,1,1,1.0
2017-4,E01022460,B15,1,1,1.0
2017-4,E01022463,B24,1,1,1.0
2017-4,E01022463,B26,1,1,1.0
2017-4,E01022464,B18,1,1,1.0
2017-4,E01022464,B25,1,1,1.0
2017-4,E01022467,B13,1,1,1.0
2017-4,E01022467,B16,1,1,1.0
2017-4,E01022470,B28,1,1,1.0
2017-4,E01022472,B26,1,1,1.0
2017-4,E01022476,B14,1,1,1.0
2017-4,E01022481,B24,1,1,1.0
2017-4,E01022486,B26,1,1,1.0
2017-4,E01022487,B18,1,1,1.0
2017-4,E01022489,B26,1,1,1.0
2017-4,E01022491,B13,1,1,1.0
2017-4,E01022491,B14,1,1,1.0
2017-4,E01022491,B17,1,1,1.0
2017-4,E01022491,B26,1,1,1.0
2017-4,E01022493,B26,3,2,1.5
2017-4,E01022494,B19,1,1,1.0
2017-4,E01022498,B24,1,1,1.0
2017-4,E01022502,B19,1,1,1.0
2017-4,E01022503,B14,3,1,3.0
2017-4,E01022503,B26,1,1,1.0
2017-4,E01022504,B18,1,1,1.0
2017-4,E01022505,B14,1,1,1.0
2017-4,E01022507,B26,2,1,2.0
2017-4,E01022510,B19,1,1,1.0
2017-4,E01022515,B14,1,1,1.0
2017-4,E01022515,B25,1,1,1.0
2017-4,E01022523,B14,1,1,1.0
2017-4,E01022523,B24,2,2,1.0
2017-4,E01022523,B28,1,1,1.0
2017-4,E01022529,B26,1,1,1.0
2017-4,E01022534,B19,1,1,1.0
2017-4,E01022540,B26,1,1,1.0
2017-4,E01022547,B1,1,1,1.0
2017-4,E01022551,B6,1,1,1.0
2017-4,E01022552,B24,1,1,1.0
2017-4,E01022552,B25,1,1,1.0
2017-4,E01022555,B25,1,1,1.0
2017-4,E01022557,B13,1,1,1.0
2017-4,E01022557,B25,1,1,1.0
2017-4,E01022561,B13,1,1,1.0
2017-4,E01022561,B25,4,1,4.0
2017-4,E01022569,B26,1,1,1.0
2017-4,E01022573,B26,1,1,1.0
2017-4,E01022574,B19,1,1,1.0
2017-4,E01022575,B17,1,1,1.0
2017-4,E01022580,B25,1,1,1.0
2017-4,E01022581,B26,1,1,1.0
2017-4,E01022582,B26,1,1,1.0
2017-4,E01022583,B19,1,1,1.0
2017-4,E01022584,B26,1,1,1.0
2017-4,E01022585,B19,1,1,1.0
2017-4,E01022589,B1,1,1,1.0
2017-4,E01022591,B25,1,1,1.0
2017-4,E01022592,B19,1,1,1.0
2017-4,E01022596,B25,2,2,1.0
2017-4,E01022597,B16,1,1,1.0
2017-4,E01022606,B1,1,1,1.0
2017-4,E01022610,B13,1,1,1.0
2017-4,E01022615,B16,1,1,1.0
2017-4,E01022628,B26,2,1,2.0
2017-4,E01022629,B26,2,2,1.0
2017-4,E01022630,B13,1,1,1.0
2017-4,E01022631,B25,1,1,1.0
2017-4,E01022648,B13,1,1,1.0
2017-4,E01022650,B18,1,1,1.0
2017-4,E01022660,B1,1,1,1.0
2017-4,E01022663,B26,1,1,1.0
2017-4,E01022664,B25,1,1,1.0
2017-4,E01022664,B6,2,1,2.0
2017-4,E01022666,B24,1,1,1.0
2017-4,E01022677,B26,2,1,2.0
2017-4,E01022678,B19,1,1,1.0
2017-4,E01022678,B24,1,1,1.0
2017-4,E01022683,B16,1,1,1.0
2017-4,E01022686,B25,1,1,1.0
2017-4,E01022686,B26,1,1,1.0
2017-4,E01022695,B18,1,1,1.0
2017-4,E01022710,B1,1,1,1.0
2017-4,E01022715,B13,1,1,1.0
2017-4,E01022715,B19,2,1,2.0
2017-4,E01022715,B24,1,1,1.0
2017-4,E01022717,B18,1,1,1.0
2017-4,E01022717,B19,1,1,1.0
2017-4,E01022717,B26,1,1,1.0
2017-4,E01022729,B26,1,1,1.0
2017-4,E01022747,B18,1,1,1.0
2017-4,E01022768,B6,1,1,1.0
2017-4,E01022772,B25,1,1,1.0
2017-4,E01022774,B17,1,1,1.0
2017-4,E01022787,B13,1,1,1.0
2017-4,E01022830,B18,1,1,1.0
2017-4,E01022831,B15,2,1,2.0
2017-4,E01022840,B13,1,1,1.0
2017-4,E01022841,B16,1,1,1.0
2017-4,E01022846,B25,1,1,1.0
2017-4,E01022846,B26,2,2,1.0
2017-4,E01022847,B16,1,1,1.0
2017-4,E01022848,B25,1,1,1.0
2017-4,E01022848,B26,1,1,1.0
2017-4,E01022849,B19,1,1,1.0
2017-4,E01022849,B26,1,1,1.0
2017-4,E01022850,B25,1,1,1.0
2017-4,E01022850,B26,1,1,1.0
2017-4,E01022851,B24,1,1,1.0
2017-4,E01022851,B26,2,2,1.0
2017-4,E01022852,B1,1,1,1.0
2017-4,E01022852,B26,1,1,1.0
2017-4,E01022855,B1,1,1,1.0
2017-4,E01022855,B19,2,1,2.0
2017-4,E01022855,B25,1,1,1.0
2017-4,E01022856,B13,1,1,1.0
2017-4,E01022856,B16,4,2,2.0
2017-4,E01022856,B24,1,1,1.0
2017-4,E01022856,B25,1,1,1.0
2017-4,E01022856,B26,6,6,1.0
2017-4,E01022857,B1,1,1,1.0
2017-4,E01022857,B16,1,1,1.0
2017-4,E01022857,B6,2,2,1.0
2017-4,E01022858,B25,1,1,1.0
2017-4,E01022858,B26,5,5,1.0
2017-4,E01022859,B24,1,1,1.0
2017-4,E01022859,B26,1,1,1.0
2017-4,E01022860,B16,1,1,1.0
2017-4,E01022860,B19,1,1,1.0
2017-4,E01022862,B13,1,1,1.0
2017-4,E01022862,B16,2,2,1.0
2017-4,E01022862,B18,1,1,1.0
2017-4,E01022864,B26,1,1,1.0
2017-4,E01022865,B18,2,2,1.0
2017-4,E01022867,B13,1,1,1.0
2017-4,E01022867,B25,2,2,1.0
2017-4,E01022867,B26,3,3,1.0
2017-4,E01022868,B25,1,1,1.0
2017-4,E01022870,B1,1,1,1.0
2017-4,E01022871,B16,2,2,1.0
2017-4,E01022873,B13,1,1,1.0
2017-4,E01022873,B16,1,1,1.0
2017-4,E01022873,B19,2,2,1.0
2017-4,E01022874,B1,1,1,1.0
2017-4,E01022874,B26,2,1,2.0
2017-4,E01022875,B1,1,1,1.0
2017-4,E01022875,B26,1,1,1.0
2017-4,E01022876,B19,1,1,1.0
2017-4,E01022876,B25,1,1,1.0
2017-4,E01022877,B1,1,1,1.0
2017-4,E01022877,B16,1,1,1.0
2017-4,E01022877,B25,2,1,2.0
2017-4,E01022878,B26,2,2,1.0
2017-4,E01022878,B27,1,1,1.0
2017-4,E01022879,B16,2,2,1.0
2017-4,E01022879,B18,1,1,1.0
2017-4,E01022879,B25,1,1,1.0
2017-4,E01022879,B26,5,4,1.25
2017-4,E01022879,B6,1,1,1.0
2017-4,E01022880,B16,1,1,1.0
2017-4,E01022880,B18,1,1,1.0
2017-4,E01022880,B26,3,2,1.5
2017-4,E01022881,B1,1,1,1.0
2017-4,E01022881,B13,1,1,1.0
2017-4,E01022881,B16,1,1,1.0
2017-4,E01022881,B24,1,1,1.0
2017-4,E01022881,B26,5,5,1.0
2017-4,E01022883,B16,2,2,1.0
2017-4,E01022883,B19,1,1,1.0
2017-4,E01022883,B26,1,1,1.0
2017-4,E01022884,B19,1,1,1.0
2017-4,E01022884,B25,1,1,1.0
2017-4,E01022885,B1,2,2,1.0
2017-4,E01022885,B18,1,1,1.0
2017-4,E01022885,B28,1,1,1.0
2017-4,E01022887,B13,1,1,1.0
2017-4,E01022887,B25,1,1,1.0
2017-4,E01022887,B26,7,4,1.75
2017-4,E01022888,B16,1,1,1.0
2017-4,E01022889,B25,1,1,1.0
2017-4,E01022889,B26,1,1,1.0
2017-4,E01022890,B1,1,1,1.0
2017-4,E01022890,B16,2,2,1.0
2017-4,E01022891,B26,4,4,1.0
2017-4,E01022892,B26,1,1,1.0
2017-4,E01022893,B19,1,1,1.0
2017-4,E01022894,B16,1,1,1.0
2017-4,E01022894,B24,1,1,1.0
2017-4,E01022894,B26,1,1,1.0
2017-4,E01022895,B13,1,1,1.0
2017-4,E01022895,B16,1,1,1.0
2017-4,E01022896,B1,1,1,1.0
2017-4,E01022896,B13,2,2,1.0
2017-4,E01022896,B26,4,3,1.3333333333333333
2017-4,E01022897,B1,1,1,1.0
2017-4,E01022897,B19,1,1,1.0
2017-4,E01022897,B28,1,1,1.0
2017-4,E01022898,B16,1,1,1.0
2017-4,E01022898,B26,3,3,1.0
2017-4,E01022904,B1,1,1,1.0
2017-4,E01022905,B18,1,1,1.0
2017-4,E01022910,B19,1,1,1.0
2017-4,E01022921,B1,1,1,1.0
2017-4,E01022928,B6,1,1,1.0
2017-4,E01022945,B25,1,1,1.0
2017-4,E01022973,B16,1,1,1.0
2017-4,E01022987,B19,1,1,1.0
2017-4,E01022997,B13,1,1,1.0
2017-4,E01023001,B25,1,1,1.0
2017-4,E01023007,B13,1,1,1.0
2017-4,E01023009,B17,1,1,1.0
2017-4,E01023010,B16,2,1,2.0
2017-4,E01023019,B6,1,1,1.0
2017-4,E01023028,B26,1,1,1.0
2017-4,E01023040,B13,1,1,1.0
2017-4,E01023055,B16,1,1,1.0
2017-4,E01023056,B13,1,1,1.0
2017-4,E01023074,B25,3,2,1.5
2017-4,E01023076,B13,1,1,1.0
2017-4,E01023077,B13,1,1,1.0
2017-4,E01023087,B13,1,1,1.0
2017-4,E01023088,B25,1,1,1.0
2017-4,E01023093,B13,1,1,1.0
2017-4,E01023095,B18,2,1,2.0
2017-4,E01023107,B25,1,1,1.0
2017-4,E01023113,B24,1,1,1.0
2017-4,E01023114,B25,1,1,1.0
2017-4,E01023117,B16,1,1,1.0
2017-4,E01023125,B25,1,1,1.0
2017-4,E01023125,B26,1,1,1.0
2017-4,E01023140,B24,1,1,1.0
2017-4,E01023141,B13,1,1,1.0
2017-4,E01023141,B25,2,1,2.0
2017-4,E01023141,B26,1,1,1.0
2017-4,E01023143,B24,1,1,1.0
2017-4,E01023150,B25,1,1,1.0
2017-4,E01023158,B25,4,2,2.0
2017-4,E01023162,B25,1,1,1.0
2017-4,E01023164,B16,1,1,1.0
2017-4,E01023168,B13,1,1,1.0
2017-4,E01023171,B19,1,1,1.0
2017-4,E01023171,B25,1,1,1.0
2017-4,E01023177,B25,1,1,1.0
2017-4,E01023182,B18,1,1,1.0
2017-4,E01023186,B6,1,1,1.0
2017-4,E01023193,B24,1,1,1.0
2017-4,E01023199,B13,1,1,1.0
2017-4,E01023199,B25,1,1,1.0
2017-4,E01023200,B24,1,1,1.0
2017-4,E01023201,B18,1,1,1.0
2017-4,E01023214,B26,1,1,1.0
2017-4,E01023222,B25,1,1,1.0
2017-4,E01023225,B13,1,1,1.0
2017-4,E01023226,B24,1,1,1.0
2017-4,E01023226,B25,1,1,1.0
2017-4,E01023235,B25,1,1,1.0
2017-4,E01023245,B25,1,1,1.0
2017-4,E01023257,B15,1,1,1.0
2017-4,E01023257,B19,1,1,1.0
2017-4,E01023257,B25,2,2,1.0
2017-4,E01023259,B24,1,1,1.0
2017-4,E01023266,B18,1,1,1.0
2017-4,E01023274,B13,1,1,1.0
2017-4,E01023274,B25,1,1,1.0
2017-4,E01023275,B18,1,1,1.0
2017-4,E01023276,B13,1,1,1.0
2017-4,E01023282,B25,1,1,1.0
2017-4,E01023284,B17,1,1,1.0
2017-4,E01023286,B1,1,1,1.0
2017-4,E01023291,B13,2,1,2.0
2017-4,E01023299,B1,1,1,1.0
2017-4,E01023322,B26,1,1,1.0
2017-4,E01023323,B13,1,1,1.0
2017-4,E01023326,B25,1,1,1.0
2017-4,E01023330,B13,2,1,2.0
2017-4,E01023332,B25,2,2,1.0
2017-4,E01023334,B26,1,1,1.0
2017-4,E01023337,B13,1,1,1.0
2017-4,E01023337,B24,1,1,1.0
2017-4,E01023339,B16,2,1,2.0
2017-4,E01023340,B16,2,2,1.0
2017-4,E01023342,B16,1,1,1.0
2017-4,E01023342,B28,1,1,1.0
2017-4,E01023348,B26,1,1,1.0
2017-4,E01023349,B13,1,1,1.0
2017-4,E01023349,B19,1,1,1.0
2017-4,E01023350,B13,1,1,1.0
2017-4,E01023350,B19,1,1,1.0
2017-4,E01023351,B19,2,1,2.0
2017-4,E01023352,B26,3,2,1.5
2017-4,E01023354,B16,1,1,1.0
2017-4,E01023354,B25,1,1,1.0
2017-4,E01023362,B4,1,1,1.0
2017-4,E01023365,B28,1,1,1.0
2017-4,E01023368,B25,1,1,1.0
2017-4,E01023372,B16,1,1,1.0
2017-4,E01023375,B26,1,1,1.0
2017-4,E01023376,B28,1,1,1.0
2017-4,E01023378,B13,1,1,1.0
2017-4,E01023381,B28,1,1,1.0
2017-4,E01023392,B26,2,1,2.0
2017-4,E01023395,B15,1,1,1.0
2017-4,E01023395,B28,1,1,1.0
2017-4,E01023401,B16,1,1,1.0
2017-4,E01023401,B28,1,1,1.0
2017-4,E01023403,B25,1,1,1.0
2017-4,E01023410,B26,1,1,1.0
2017-4,E01023413,B26,1,1,1.0
2017-4,E01023415,B19,1,1,1.0
2017-4,E01023415,B26,1,1,1.0
2017-4,E01023416,B26,2,1,2.0
2017-4,E01023417,B16,1,1,1.0
2017-4,E01023419,B19,1,1,1.0
2017-4,E01023419,B25,1,1,1.0
2017-4,E01023420,B25,1,1,1.0
2017-4,E01023423,B1,1,1,1.0
2017-4,E01023428,B13,1,1,1.0
2017-4,E01023430,B25,1,1,1.0
2017-4,E01023433,B26,1,1,1.0
2017-4,E01023436,B19,1,1,1.0
2017-4,E01023439,B18,1,1,1.0
2017-4,E01023443,B13,1,1,1.0
2017-4,E01023467,B25,1,1,1.0
2017-4,E01023467,B26,1,1,1.0
2017-4,E01023469,B1,1,1,1.0
2017-4,E01023474,B18,1,1,1.0
2017-4,E01023478,B16,1,1,1.0
2017-4,E01023479,B19,1,1,1.0
2017-4,E01023479,B27,1,1,1.0
2017-4,E01023480,B26,2,2,1.0
2017-4,E01023481,B26,2,2,1.0
2017-4,E01023486,B26,1,1,1.0
2017-4,E01023490,B17,1,1,1.0
2017-4,E01023490,B23,1,1,1.0
2017-4,E01023494,B26,3,2,1.5
2017-4,E01023498,B26,1,1,1.0
2017-4,E01023501,B1,1,1,1.0
2017-4,E01023502,B25,1,1,1.0
2017-4,E01023505,B16,1,1,1.0
2017-4,E01023506,B25,1,1,1.0
2017-4,E01023507,B25,1,1,1.0
2017-4,E01023508,B16,2,2,1.0
2017-4,E01023508,B26,1,1,1.0
2017-4,E01023511,B25,1,1,1.0
2017-4,E01023527,B25,1,1,1.0
2017-4,E01023528,B25,1,1,1.0
2017-4,E01023528,B26,2,1,2.0
2017-4,E01023533,B1,1,1,1.0
2017-4,E01023534,B16,1,1,1.0
2017-4,E01023534,B28,1,1,1.0
2017-4,E01023535,B1,1,1,1.0
2017-4,E01023536,B25,1,1,1.0
2017-4,E01023538,B25,3,2,1.5
2017-4,E01023539,B15,1,1,1.0
2017-4,E01023542,B26,1,1,1.0
2017-4,E01023543,B1,6,2,3.0
2017-4,E01023543,B26,1,1,1.0
2017-4,E01023548,B16,1,1,1.0
2017-4,E01023550,B25,3,3,1.0
2017-4,E01023550,B27,1,1,1.0
2017-4,E01023554,B16,1,1,1.0
2017-4,E01023558,B19,1,1,1.0
2017-4,E01023560,B19,1,1,1.0
2017-4,E01023562,B16,1,1,1.0
2017-4,E01023563,B25,1,1,1.0
2017-4,E01023565,B13,1,1,1.0
2017-4,E01023565,B16,1,1,1.0
2017-4,E01023570,B18,2,2,1.0
2017-4,E01023573,B23,1,1,1.0
2017-4,E01023574,B26,1,1,1.0
2017-4,E01023580,B16,1,1,1.0
2017-4,E01023582,B16,1,1,1.0
2017-4,E01023582,B19,1,1,1.0
2017-4,E01023584,B26,1,1,1.0
2017-4,E01023589,B19,1,1,1.0
2017-4,E01023595,B25,1,1,1.0
2017-4,E01023600,B13,1,1,1.0
2017-4,E01023602,B14,1,1,1.0
2017-4,E01023608,B14,1,1,1.0
2017-4,E01023608,B25,1,1,1.0
2017-4,E01023611,B1,2,2,1.0
2017-4,E01023616,B16,2,1,2.0
2017-4,E01023625,B13,1,1,1.0
2017-4,E01023625,B25,1,1,1.0
2017-4,E01023626,B25,1,1,1.0
2017-4,E01023626,B26,1,1,1.0
2017-4,E01023630,B18,2,2,1.0
2017-4,E01023642,B14,1,1,1.0
2017-4,E01023647,B25,1,1,1.0
2017-4,E01023648,B14,1,1,1.0
2017-4,E01023648,B26,1,1,1.0
2017-4,E01023650,B26,2,1,2.0
2017-4,E01023662,B26,1,1,1.0
2017-4,E01023663,B14,1,1,1.0
2017-4,E01023663,B25,1,1,1.0
2017-4,E01023663,B26,2,2,1.0
2017-4,E01023669,B25,1,1,1.0
2017-4,E01023677,B26,1,1,1.0
2017-4,E01023678,B14,1,1,1.0
2017-4,E01023678,B19,1,1,1.0
2017-4,E01023678,B28,1,1,1.0
2017-4,E01023679,B25,1,1,1.0
2017-4,E01023681,B18,1,1,1.0
2017-4,E01023681,B19,1,1,1.0
2017-4,E01023682,B25,1,1,1.0
2017-4,E01023692,B16,1,1,1.0
2017-4,E01023694,B25,1,1,1.0
2017-4,E01023697,B25,1,1,1.0
2017-4,E01023700,B1,1,1,1.0
2017-4,E01023701,B25,2,2,1.0
2017-4,E01023703,B27,1,1,1.0
2017-4,E01023708,B13,1,1,1.0
2017-4,E01023709,B16,1,1,1.0
2017-4,E01023711,B28,1,1,1.0
2017-4,E01023721,B25,1,1,1.0
2017-4,E01023722,B26,2,1,2.0
2017-4,E01023730,B24,1,1,1.0
2017-4,E01023730,B25,1,1,1.0
2017-4,E01023732,B26,4,2,2.0
2017-4,E01023736,B1,1,1,1.0
2017-4,E01023744,B26,1,1,1.0
2017-4,E01023747,B25,1,1,1.0
2017-4,E01023748,B18,1,1,1.0
2017-4,E01023748,B26,2,2,1.0
2017-4,E01023750,B1,2,2,1.0
2017-4,E01023750,B26,4,3,1.3333333333333333
2017-4,E01023751,B1,2,2,1.0
2017-4,E01023751,B16,3,1,3.0
2017-4,E01023751,B19,1,1,1.0
2017-4,E01023751,B26,1,1,1.0
2017-4,E01023752,B1,1,1,1.0
2017-4,E01023752,B26,1,1,1.0
2017-4,E01023753,B13,1,1,1.0
2017-4,E01023753,B17,1,1,1.0
2017-4,E01023753,B26,1,1,1.0
2017-4,E01023754,B1,1,1,1.0
2017-4,E01023754,B26,6,5,1.2
2017-4,E01023755,B1,4,3,1.3333333333333333
2017-4,E01023755,B14,1,1,1.0
2017-4,E01023755,B16,1,1,1.0
2017-4,E01023755,B26,11,4,2.75
2017-4,E01023756,B16,2,2,1.0
2017-4,E01023756,B26,12,7,1.7142857142857142
2017-4,E01023757,B1,2,2,1.0
2017-4,E01023757,B19,1,1,1.0
2017-4,E01023757,B26,10,8,1.25
2017-4,E01023758,B1,3,2,1.5
2017-4,E01023758,B16,2,2,1.0
2017-4,E01023758,B17,1,1,1.0
2017-4,E01023758,B26,12,5,2.4
2017-4,E01023758,B6,1,1,1.0
2017-4,E01023759,B16,1,1,1.0
2017-4,E01023759,B26,3,3,1.0
2017-4,E01023760,B1,2,2,1.0
2017-4,E01023760,B26,4,2,2.0
2017-4,E01023760,B8,1,1,1.0
2017-4,E01023761,B1,3,2,1.5
2017-4,E01023761,B26,5,2,2.5
2017-4,E01023762,B1,3,2,1.5
2017-4,E01023762,B26,4,2,2.0
2017-4,E01023762,B8,1,1,1.0
2017-4,E01023763,B1,2,2,1.0
2017-4,E01023763,B26,8,7,1.1428571428571428
2017-4,E01023763,B28,1,1,1.0
2017-4,E01023763,B6,1,1,1.0
2017-4,E01023764,B1,5,1,5.0
2017-4,E01023764,B16,1,1,1.0
2017-4,E01023764,B26,7,3,2.3333333333333335
2017-4,E01023764,B6,1,1,1.0
2017-4,E01023765,B1,1,1,1.0
2017-4,E01023765,B26,2,2,1.0
2017-4,E01023766,B16,1,1,1.0
2017-4,E01023766,B26,9,6,1.5
2017-4,E01023766,B8,1,1,1.0
2017-4,E01023768,B26,1,1,1.0
2017-4,E01023769,B1,2,2,1.0
2017-4,E01023769,B26,1,1,1.0
2017-4,E01023770,B26,2,2,1.0
2017-4,E01023771,B1,4,4,1.0
2017-4,E01023771,B26,3,2,1.5
2017-4,E01023771,B8,1,1,1.0
2017-4,E01023772,B1,1,1,1.0
2017-4,E01023772,B17,1,1,1.0
2017-4,E01023772,B26,9,6,1.5
2017-4,E01023772,B6,2,2,1.0
2017-4,E01023773,B1,2,2,1.0
2017-4,E01023773,B16,1,1,1.0
2017-4,E01023773,B26,1,1,1.0
2017-4,E01023774,B1,4,2,2.0
2017-4,E01023774,B14,1,1,1.0
2017-4,E01023774,B17,1,1,1.0
2017-4,E01023774,B26,5,2,2.5
2017-4,E01023774,B6,2,2,1.0
2017-4,E01023775,B16,1,1,1.0
2017-4,E01023775,B26,4,4,1.0
2017-4,E01023776,B1,2,2,1.0
2017-4,E01023776,B16,1,1,1.0
2017-4,E01023776,B26,5,4,1.25
2017-4,E01023777,B13,1,1,1.0
2017-4,E01023777,B26,4,2,2.0
2017-4,E01023777,B6,1,1,1.0
2017-4,E01023778,B1,2,2,1.0
2017-4,E01023778,B24,1,1,1.0
2017-4,E01023778,B26,6,3,2.0
2017-4,E01023779,B25,1,1,1.0
2017-4,E01023779,B26,8,5,1.6
2017-4,E01023780,B1,3,2,1.5
2017-4,E01023780,B26,9,5,1.8
2017-4,E01023781,B1,1,1,1.0
2017-4,E01023781,B16,1,1,1.0
2017-4,E01023781,B26,15,6,2.5
2017-4,E01023781,B6,1,1,1.0
2017-4,E01023782,B1,1,1,1.0
2017-4,E01023782,B19,1,1,1.0
2017-4,E01023782,B26,3,3,1.0
2017-4,E01023783,B1,5,4,1.25
2017-4,E01023783,B16,1,1,1.0
2017-4,E01023783,B17,1,1,1.0
2017-4,E01023783,B25,1,1,1.0
2017-4,E01023783,B26,5,3,1.6666666666666667
2017-4,E01023783,B6,1,1,1.0
2017-4,E01023784,B17,1,1,1.0
2017-4,E01023784,B26,8,4,2.0
2017-4,E01023785,B1,2,2,1.0
2017-4,E01023785,B16,3,2,1.5
2017-4,E01023785,B25,1,1,1.0
2017-4,E01023785,B26,22,10,2.2
2017-4,E01023786,B13,2,2,1.0
2017-4,E01023786,B16,4,3,1.3333333333333333
2017-4,E01023786,B26,5,3,1.6666666666666667
2017-4,E01023786,B6,1,1,1.0
2017-4,E01023787,B1,4,4,1.0
2017-4,E01023787,B16,1,1,1.0
2017-4,E01023787,B26,6,5,1.2
2017-4,E01023788,B1,3,3,1.0
2017-4,E01023788,B13,1,1,1.0
2017-4,E01023788,B16,2,2,1.0
2017-4,E01023788,B26,4,3,1.3333333333333333
2017-4,E01023788,B28,1,1,1.0
2017-4,E01023788,B6,3,2,1.5
2017-4,E01023789,B1,7,6,1.1666666666666667
2017-4,E01023789,B16,2,2,1.0
2017-4,E01023789,B26,14,7,2.0
2017-4,E01023789,B6,2,1,2.0
2017-4,E01023790,B1,3,3,1.0
2017-4,E01023790,B26,5,5,1.0
2017-4,E01023791,B1,4,3,1.3333333333333333
2017-4,E01023791,B16,2,2,1.0
2017-4,E01023791,B17,1,1,1.0
2017-4,E01023791,B24,1,1,1.0
2017-4,E01023791,B26,5,4,1.25
2017-4,E01023792,B1,1,1,1.0
2017-4,E01023792,B16,1,1,1.0
2017-4,E01023792,B26,4,3,1.3333333333333333
2017-4,E01023793,B16,2,1,2.0
2017-4,E01023793,B26,1,1,1.0
2017-4,E01023794,B13,1,1,1.0
2017-4,E01023794,B16,2,2,1.0
2017-4,E01023794,B19,1,1,1.0
2017-4,E01023794,B26,3,3,1.0
2017-4,E01023795,B1,1,1,1.0
2017-4,E01023795,B26,3,2,1.5
2017-4,E01023796,B1,6,4,1.5
2017-4,E01023796,B13,1,1,1.0
2017-4,E01023796,B17,1,1,1.0
2017-4,E01023796,B26,7,4,1.75
2017-4,E01023796,B8,1,1,1.0
2017-4,E01023797,B1,1,1,1.0
2017-4,E01023797,B14,1,1,1.0
2017-4,E01023797,B26,1,1,1.0
2017-4,E01023798,B1,2,2,1.0
2017-4,E01023798,B13,2,2,1.0
2017-4,E01023798,B16,2,2,1.0
2017-4,E01023798,B19,1,1,1.0
2017-4,E01023798,B26,11,4,2.75
2017-4,E01023799,B16,4,3,1.3333333333333333
2017-4,E01023799,B19,1,1,1.0
2017-4,E01023799,B26,5,3,1.6666666666666667
2017-4,E01023799,B28,1,1,1.0
2017-4,E01023799,B6,1,1,1.0
2017-4,E01023800,B1,2,1,2.0
2017-4,E01023800,B26,9,4,2.25
2017-4,E01023801,B1,4,4,1.0
2017-4,E01023801,B16,3,2,1.5
2017-4,E01023801,B26,8,6,1.3333333333333333
2017-4,E01023801,B8,2,2,1.0
2017-4,E01023803,B13,1,1,1.0
2017-4,E01023803,B25,2,2,1.0
2017-4,E01023804,B1,1,1,1.0
2017-4,E01023804,B18,1,1,1.0
2017-4,E01023804,B26,1,1,1.0
2017-4,E01023805,B16,1,1,1.0
2017-4,E01023805,B19,2,1,2.0
2017-4,E01023805,B26,1,1,1.0
2017-4,E01023806,B26,1,1,1.0
2017-4,E01023809,B19,1,1,1.0
2017-4,E01023809,B28,1,1,1.0
2017-4,E01023814,B24,1,1,1.0
2017-4,E01023816,B13,1,1,1.0
2017-4,E01023816,B24,1,1,1.0
2017-4,E01023817,B25,1,1,1.0
2017-4,E01023819,B25,1,1,1.0
2017-4,E01023827,B25,1,1,1.0
2017-4,E01023828,B26,1,1,1.0
2017-4,E01023829,B26,1,1,1.0
2017-4,E01023830,B16,1,1,1.0
2017-4,E01023831,B1,1,1,1.0
2017-4,E01023831,B26,1,1,1.0
2017-4,E01023832,B16,1,1,1.0
2017-4,E01023833,B15,1,1,1.0
2017-4,E01023833,B28,1,1,1.0
2017-4,E01023837,B1,1,1,1.0
2017-4,E01023838,B25,4,2,2.0
2017-4,E01023840,B18,1,1,1.0
2017-4,E01023840,B26,1,1,1.0
2017-4,E01023842,B13,1,1,1.0
2017-4,E01023843,B16,1,1,1.0
2017-4,E01023843,B26,1,1,1.0
2017-4,E01023843,B6,1,1,1.0
2017-4,E01023844,B26,1,1,1.0
2017-4,E01023845,B19,1,1,1.0
2017-4,E01023849,B13,1,1,1.0
2017-4,E01023849,B26,1,1,1.0
2017-4,E01023851,B26,1,1,1.0
2017-4,E01023852,B25,1,1,1.0
2017-4,E01023853,B25,1,1,1.0
2017-4,E01023854,B13,1,1,1.0
2017-4,E01023854,B26,1,1,1.0
2017-4,E01023856,B1,1,1,1.0
2017-4,E01023856,B13,1,1,1.0
2017-4,E01023857,B26,1,1,1.0
2017-4,E01023858,B19,1,1,1.0
2017-4,E01023858,B26,2,2,1.0
2017-4,E01023861,B23,1,1,1.0
2017-4,E01023861,B26,2,1,2.0
2017-4,E01023865,B18,1,1,1.0
2017-4,E01023865,B26,1,1,1.0
2017-4,E01023870,B14,1,1,1.0
2017-4,E01023870,B26,1,1,1.0
2017-4,E01023871,B19,1,1,1.0
2017-4,E01023871,B26,1,1,1.0
2017-4,E01023872,B28,2,2,1.0
2017-4,E01023882,B26,1,1,1.0
2017-4,E01023883,B13,1,1,1.0
2017-4,E01023883,B16,2,2,1.0
2017-4,E01023885,B24,1,1,1.0
2017-4,E01023887,B26,1,1,1.0
2017-4,E01023890,B16,1,1,1.0
2017-4,E01023892,B13,1,1,1.0
2017-4,E01023892,B19,1,1,1.0
2017-4,E01023893,B1,1,1,1.0
2017-4,E01023894,B13,1,1,1.0
2017-4,E01023902,B18,1,1,1.0
2017-4,E01023905,B15,1,1,1.0
2017-4,E01023905,B25,1,1,1.0
2017-4,E01023905,B26,1,1,1.0
2017-4,E01023909,B25,1,1,1.0
2017-4,E01023910,B25,2,2,1.0
2017-4,E01023913,B25,1,1,1.0
2017-4,E01023914,B6,1,1,1.0
2017-4,E01023915,B26,1,1,1.0
2017-4,E01023915,B27,1,1,1.0
2017-4,E01023917,B25,1,1,1.0
2017-4,E01023920,B26,1,1,1.0
2017-4,E01023921,B25,1,1,1.0
2017-4,E01023921,B26,1,1,1.0
2017-4,E01023925,B13,1,1,1.0
2017-4,E01023925,B26,1,1,1.0
2017-4,E01023929,B26,1,1,1.0
2017-4,E01023930,B26,2,2,1.0
2017-4,E01023937,B26,1,1,1.0
2017-4,E01023938,B13,1,1,1.0
2017-4,E01023938,B23,1,1,1.0
2017-4,E01023939,B28,1,1,1.0
2017-4,E01023945,B26,1,1,1.0
2017-4,E01023950,B26,1,1,1.0
2017-4,E01023952,B13,1,1,1.0
2017-4,E01023952,B23,1,1,1.0
2017-4,E01023953,B16,1,1,1.0
2017-4,E01023954,B13,1,1,1.0
2017-4,E01023954,B24,1,1,1.0
2017-4,E01023957,B1,1,1,1.0
2017-4,E01023966,B28,2,1,2.0
2017-4,E01023969,B26,1,1,1.0
2017-4,E01023971,B17,1,1,1.0
2017-4,E01023974,B13,2,1,2.0
2017-4,E01023974,B19,2,1,2.0
2017-4,E01023974,B25,1,1,1.0
2017-4,E01023974,B26,7,1,7.0
2017-4,E01023975,B13,3,1,3.0
2017-4,E01023975,B19,1,1,1.0
2017-4,E01023975,B25,2,1,2.0
2017-4,E01023975,B26,3,1,3.0
2017-4,E01023976,B13,1,1,1.0
2017-4,E01023976,B25,2,1,2.0
2017-4,E01023976,B26,3,1,3.0
2017-4,E01023977,B25,1,1,1.0
2017-4,E01023985,B25,1,1,1.0
2017-4,E01023986,B19,1,1,1.0
2017-4,E01023986,B25,1,1,1.0
2017-4,E01023988,B25,1,1,1.0
2017-4,E01024001,B26,1,1,1.0
2017-4,E01024003,B28,1,1,1.0
2017-4,E01024010,B25,1,1,1.0
2017-4,E01024017,B28,1,1,1.0
2017-4,E01024028,B13,1,1,1.0
2017-4,E01024028,B25,1,1,1.0
2017-4,E01024028,B26,6,1,6.0
2017-4,E01024031,B25,1,1,1.0
2017-4,E01024033,B25,3,1,3.0
2017-4,E01024034,B25,1,1,1.0
2017-4,E01024037,B13,1,1,1.0
2017-4,E01024037,B25,1,1,1.0
2017-4,E01024042,B25,1,1,1.0
2017-4,E01024042,B26,1,1,1.0
2017-4,E01024044,B28,1,1,1.0
2017-4,E01024053,B24,1,1,1.0
2017-4,E01024053,B26,1,1,1.0
2017-4,E01024056,B19,1,1,1.0
2017-4,E01024057,B13,1,1,1.0
2017-4,E01024063,B13,1,1,1.0
2017-4,E01024077,B26,1,1,1.0
2017-4,E01024086,B25,1,1,1.0
2017-4,E01024087,B19,1,1,1.0
2017-4,E01024088,B25,1,1,1.0
2017-4,E01024100,B13,1,1,1.0
2017-4,E01024102,B28,1,1,1.0
2017-4,E01024104,B16,1,1,1.0
2017-4,E01024127,B26,1,1,1.0
2017-4,E01024133,B25,1,1,1.0
2017-4,E01024136,B25,1,1,1.0
2017-4,E01024137,B13,1,1,1.0
2017-4,E01024137,B28,1,1,1.0
2017-4,E01024150,B26,1,1,1.0
2017-4,E01024152,B13,1,1,1.0
2017-4,E01024158,B13,1,1,1.0
2017-4,E01024160,B25,1,1,1.0
2017-4,E01024163,B13,1,1,1.0
2017-4,E01024164,B16,1,1,1.0
2017-4,E01024196,B14,1,1,1.0
2017-4,E01024203,B26,1,1,1.0
2017-4,E01024216,B13,1,1,1.0
2017-4,E01024217,B13,1,1,1.0
2017-4,E01024228,B26,1,1,1.0
2017-4,E01024242,B25,1,1,1.0
2017-4,E01024244,B13,1,1,1.0
2017-4,E01024254,B24,1,1,1.0
2017-4,E01024259,B26,1,1,1.0
2017-4,E01024265,B25,2,2,1.0
2017-4,E01024265,B26,1,1,1.0
2017-4,E01024278,B26,1,1,1.0
2017-4,E01024280,B4,1,1,1.0
2017-4,E01024281,B1,1,1,1.0
2017-4,E01024284,B26,1,1,1.0
2017-4,E01024291,B26,1,1,1.0
2017-4,E01024301,B25,1,1,1.0
2017-4,E01024302,B26,1,1,1.0
2017-4,E01024307,B26,1,1,1.0
2017-4,E01024318,B26,1,1,1.0
2017-4,E01024330,B25,1,1,1.0
2017-4,E01024333,B16,1,1,1.0
2017-4,E01024333,B25,1,1,1.0
2017-4,E01024387,B25,1,1,1.0
2017-4,E01024391,B24,1,1,1.0
2017-4,E01024393,B15,1,1,1.0
2017-4,E01024416,B25,1,1,1.0
2017-4,E01024416,B26,1,1,1.0
2017-4,E01024420,B25,1,1,1.0
2017-4,E01024421,B26,2,2,1.0
2017-4,E01024422,B28,1,1,1.0
2017-4,E01024428,B15,1,1,1.0
2017-4,E01024429,B15,1,1,1.0
2017-4,E01024429,B25,1,1,1.0
2017-4,E01024430,B13,3,1,3.0
2017-4,E01024431,B26,1,1,1.0
2017-4,E01024432,B26,1,1,1.0
2017-4,E01024434,B25,4,2,2.0
2017-4,E01024439,B1,1,1,1.0
2017-4,E01024443,B13,1,1,1.0
2017-4,E01024445,B28,1,1,1.0
2017-4,E01024451,B25,1,1,1.0
2017-4,E01024452,B25,1,1,1.0
2017-4,E01024452,B26,1,1,1.0
2017-4,E01024452,B28,1,1,1.0
2017-4,E01024453,B13,1,1,1.0
2017-4,E01024453,B28,1,1,1.0
2017-4,E01024454,B13,1,1,1.0
2017-4,E01024454,B28,1,1,1.0
2017-4,E01024455,B25,1,1,1.0
2017-4,E01024458,B26,2,2,1.0
2017-4,E01024458,B4,1,1,1.0
2017-4,E01024465,B13,1,1,1.0
2017-4,E01024465,B24,1,1,1.0
2017-4,E01024465,B28,1,1,1.0
2017-4,E01024468,B13,1,1,1.0
2017-4,E01024469,B13,1,1,1.0
2017-4,E01024472,B26,3,2,1.5
2017-4,E01024472,B28,1,1,1.0
2017-4,E01024478,B26,2,2,1.0
2017-4,E01024479,B1,1,1,1.0
2017-4,E01024479,B25,1,1,1.0
2017-4,E01024481,B15,2,1,2.0
2017-4,E01024481,B26,1,1,1.0
2017-4,E01024485,B26,1,1,1.0
2017-4,E01024492,B25,1,1,1.0
2017-4,E01024504,B28,1,1,1.0
2017-4,E01024505,B25,1,1,1.0
2017-4,E01024510,B25,1,1,1.0
2017-4,E01024512,B13,1,1,1.0
2017-4,E01024518,B17,1,1,1.0
2017-4,E01024531,B28,1,1,1.0
2017-4,E01024535,B18,1,1,1.0
2017-4,E01024535,B25,2,1,2.0
2017-4,E01024535,B26,1,1,1.0
2017-4,E01024535,B6,1,1,1.0
2017-4,E01024548,B13,1,1,1.0
2017-4,E01024548,B25,1,1,1.0
2017-4,E01024550,B25,1,1,1.0
2017-4,E01024563,B25,2,1,2.0
2017-4,E01024564,B17,1,1,1.0
2017-4,E01024564,B25,1,1,1.0
2017-4,E01024566,B19,1,1,1.0
2017-4,E01024566,B25,1,1,1.0
2017-4,E01024568,B25,1,1,1.0
2017-4,E01024575,B17,1,1,1.0
2017-4,E01024575,B26,1,1,1.0
2017-4,E01024577,B13,1,1,1.0
2017-4,E01024577,B16,1,1,1.0
2017-4,E01024577,B25,2,1,2.0
2017-4,E01024602,B25,1,1,1.0
2017-4,E01024603,B26,1,1,1.0
2017-4,E01024609,B26,1,1,1.0
2017-4,E01024625,B13,2,2,1.0
2017-4,E01024625,B19,1,1,1.0
2017-4,E01024628,B16,1,1,1.0
2017-4,E01024628,B18,1,1,1.0
2017-4,E01024637,B19,1,1,1.0
2017-4,E01024637,B26,1,1,1.0
2017-4,E01024643,B13,1,1,1.0
2017-4,E01024643,B15,1,1,1.0
2017-4,E01024643,B26,2,1,2.0
2017-4,E01024646,B16,2,1,2.0
2017-4,E01024646,B19,1,1,1.0
2017-4,E01024646,B6,1,1,1.0
2017-4,E01024648,B13,1,1,1.0
2017-4,E01024649,B1,1,1,1.0
2017-4,E01024649,B13,1,1,1.0
2017-4,E01024649,B26,3,2,1.5
2017-4,E01024649,B28,1,1,1.0
2017-4,E01024650,B26,1,1,1.0
2017-4,E01024651,B26,1,1,1.0
2017-4,E01024652,B19,1,1,1.0
2017-4,E01024653,B26,1,1,1.0
2017-4,E01024655,B25,1,1,1.0
2017-4,E01024658,B26,1,1,1.0
2017-4,E01024659,B1,1,1,1.0
2017-4,E01024669,B18,1,1,1.0
2017-4,E01024673,B16,1,1,1.0
2017-4,E01024675,B26,1,1,1.0
2017-4,E01024681,B25,1,1,1.0
2017-4,E01024687,B26,1,1,1.0
2017-4,E01024693,B24,1,1,1.0
2017-4,E01024697,B19,1,1,1.0
2017-4,E01024703,B26,2,2,1.0
2017-4,E01024706,B14,1,1,1.0
2017-4,E01024712,B26,1,1,1.0
2017-4,E01024715,B26,1,1,1.0
2017-4,E01024727,B26,1,1,1.0
2017-4,E01024757,B15,1,1,1.0
2017-4,E01024758,B13,2,1,2.0
2017-4,E01024772,B26,1,1,1.0
2017-4,E01024782,B25,1,1,1.0
2017-4,E01024784,B25,1,1,1.0
2017-4,E01024785,B19,1,1,1.0
2017-4,E01024786,B13,1,1,1.0
2017-4,E01024787,B13,1,1,1.0
2017-4,E01024799,B13,1,1,1.0
2017-4,E01024800,B25,1,1,1.0
2017-4,E01024803,B24,1,1,1.0
2017-4,E01024803,B26,1,1,1.0
2017-4,E01024808,B13,1,1,1.0
2017-4,E01024809,B13,1,1,1.0
2017-4,E01024819,B13,1,1,1.0
2017-4,E01024820,B18,1,1,1.0
2017-4,E01024822,B25,3,3,1.0
2017-4,E01024823,B25,2,1,2.0
2017-4,E01024832,B13,1,1,1.0
2017-4,E01024832,B25,6,1,6.0
2017-4,E01024833,B13,1,1,1.0
2017-4,E01024833,B19,1,1,1.0
2017-4,E01024833,B25,7,1,7.0
2017-4,E01024833,B26,2,1,2.0
2017-4,E01024834,B1,1,1,1.0
2017-4,E01024834,B25,7,1,7.0
2017-4,E01024839,B15,1,1,1.0
2017-4,E01024877,B13,1,1,1.0
2017-4,E01024877,B16,1,1,1.0
2017-4,E01024877,B24,1,1,1.0
2017-4,E01024880,B25,1,1,1.0
2017-4,E01024895,B25,1,1,1.0
2017-4,E01024916,B16,1,1,1.0
2017-4,E01024917,B16,1,1,1.0
2017-4,E01024918,B28,1,1,1.0
2017-4,E01024919,B25,1,1,1.0
2017-4,E01024925,B25,2,1,2.0
2017-4,E01024927,B25,1,1,1.0
2017-4,E01024939,B25,1,1,1.0
2017-4,E01024942,B15,1,1,1.0
2017-4,E01024943,B1,1,1,1.0
2017-4,E01024950,B25,1,1,1.0
2017-4,E01024953,B27,1,1,1.0
2017-4,E01024956,B25,3,1,3.0
2017-4,E01024958,B14,1,1,1.0
2017-4,E01024960,B1,1,1,1.0
2017-4,E01024960,B25,8,2,4.0
2017-4,E01024960,B26,2,1,2.0
2017-4,E01024961,B19,1,1,1.0
2017-4,E01024961,B6,1,1,1.0
2017-4,E01024962,B25,1,1,1.0
2017-4,E01024963,B19,1,1,1.0
2017-4,E01024965,B13,1,1,1.0
2017-4,E01024965,B26,1,1,1.0
2017-4,E01024969,B19,1,1,1.0
2017-4,E01024973,B13,1,1,1.0
2017-4,E01024973,B24,1,1,1.0
2017-4,E01024973,B25,1,1,1.0
2017-4,E01024973,B26,2,2,1.0
2017-4,E01024974,B24,1,1,1.0
2017-4,E01024987,B26,1,1,1.0
2017-4,E01024988,B1,1,1,1.0
2017-4,E01025001,B13,1,1,1.0
2017-4,E01025003,B25,1,1,1.0
2017-4,E01025004,B25,1,1,1.0
2017-4,E01025005,B15,1,1,1.0
2017-4,E01025011,B26,1,1,1.0
2017-4,E01025018,B13,1,1,1.0
2017-4,E01025018,B15,1,1,1.0
2017-4,E01025026,B25,1,1,1.0
2017-4,E01025027,B16,1,1,1.0
2017-4,E01025027,B24,1,1,1.0
2017-4,E01025027,B25,1,1,1.0
2017-4,E01025028,B19,1,1,1.0
2017-4,E01025028,B24,1,1,1.0
2017-4,E01025029,B1,1,1,1.0
2017-4,E01025031,B13,1,1,1.0
2017-4,E01025031,B19,2,1,2.0
2017-4,E01025032,B1,1,1,1.0
2017-4,E01025040,B6,1,1,1.0
2017-4,E01025046,B13,1,1,1.0
2017-4,E01025046,B24,1,1,1.0
2017-4,E01025061,B25,1,1,1.0
2017-4,E01025065,B1,1,1,1.0
2017-4,E01025068,B26,1,1,1.0
2017-4,E01025078,B25,1,1,1.0
2017-4,E01025080,B13,1,1,1.0
2017-4,E01025080,B25,1,1,1.0
2017-4,E01025080,B26,1,1,1.0
2017-4,E01025087,B25,1,1,1.0
2017-4,E01025089,B13,1,1,1.0
2017-4,E01025093,B19,1,1,1.0
2017-4,E01025094,B24,1,1,1.0
2017-4,E01025095,B28,1,1,1.0
2017-4,E01025102,B13,1,1,1.0
2017-4,E01025107,B21,1,1,1.0
2017-4,E01025109,B17,1,1,1.0
2017-4,E01025110,B4,1,1,1.0
2017-4,E01025120,B26,1,1,1.0
2017-4,E01025126,B25,6,2,3.0
2017-4,E01025127,B13,1,1,1.0
2017-4,E01025127,B24,1,1,1.0
2017-4,E01025130,B16,1,1,1.0
2017-4,E01025130,B18,1,1,1.0
2017-4,E01025130,B25,1,1,1.0
2017-4,E01025130,B28,1,1,1.0
2017-4,E01025131,B19,1,1,1.0
2017-4,E01025131,B26,1,1,1.0
2017-4,E01025132,B16,1,1,1.0
2017-4,E01025141,B13,1,1,1.0
2017-4,E01025141,B25,1,1,1.0
2017-4,E01025142,B26,1,1,1.0
2017-4,E01025143,B13,1,1,1.0
2017-4,E01025143,B26,1,1,1.0
2017-4,E01025143,B6,1,1,1.0
2017-4,E01025144,B14,2,2,1.0
2017-4,E01025145,B13,2,1,2.0
2017-4,E01025145,B19,2,1,2.0
2017-4,E01025146,B19,1,1,1.0
2017-4,E01025147,B19,1,1,1.0
2017-4,E01025147,B26,1,1,1.0
2017-4,E01025148,B25,1,1,1.0
2017-4,E01025152,B24,1,1,1.0
2017-4,E01025152,B26,1,1,1.0
2017-4,E01025154,B13,1,1,1.0
2017-4,E01025154,B25,1,1,1.0
2017-4,E01025158,B19,1,1,1.0
2017-4,E01025159,B26,1,1,1.0
2017-4,E01025165,B26,1,1,1.0
2017-4,E01025167,B16,1,1,1.0
2017-4,E01025167,B24,1,1,1.0
2017-4,E01025167,B25,1,1,1.0
2017-4,E01025167,B26,1,1,1.0
2017-4,E01025167,B6,2,1,2.0
2017-4,E01025173,B1,1,1,1.0
2017-4,E01025178,B25,1,1,1.0
2017-4,E01025185,B19,1,1,1.0
2017-4,E01025212,B28,1,1,1.0
2017-4,E01025222,B17,1,1,1.0
2017-4,E01025238,B1,1,1,1.0
2017-4,E01025238,B25,1,1,1.0
2017-4,E01025247,B26,1,1,1.0
2017-4,E01025257,B19,1,1,1.0
2017-4,E01025257,B26,1,1,1.0
2017-4,E01025262,B28,1,1,1.0
2017-4,E01025263,B17,1,1,1.0
2017-4,E01025263,B4,1,1,1.0
2017-4,E01025274,B18,1,1,1.0
2017-4,E01025274,B26,2,2,1.0
2017-4,E01025279,B25,1,1,1.0
2017-4,E01025280,B13,1,1,1.0
2017-4,E01025286,B13,1,1,1.0
2017-4,E01025286,B25,2,2,1.0
2017-4,E01025287,B28,1,1,1.0
2017-4,E01025288,B18,1,1,1.0
2017-4,E01025289,B25,1,1,1.0
2017-4,E01025292,B25,1,1,1.0
2017-4,E01025303,B13,1,1,1.0
2017-4,E01025312,B28,1,1,1.0
2017-4,E01025314,B19,1,1,1.0
2017-4,E01025316,B25,1,1,1.0
2017-4,E01025319,B13,1,1,1.0
2017-4,E01025321,B13,1,1,1.0
2017-4,E01025324,B13,1,1,1.0
2017-4,E01025327,B25,1,1,1.0
2017-4,E01025330,B25,1,1,1.0
2017-4,E01025333,B25,1,1,1.0
2017-4,E01025334,B13,1,1,1.0
2017-4,E01025334,B25,3,2,1.5
2017-4,E01025335,B25,2,2,1.0
2017-4,E01025336,B28,1,1,1.0
2017-4,E01025336,B6,1,1,1.0
2017-4,E01025342,B28,1,1,1.0
2017-4,E01025344,B25,1,1,1.0
2017-4,E01025344,B26,1,1,1.0
2017-4,E01025345,B25,1,1,1.0
2017-4,E01025347,B13,1,1,1.0
2017-4,E01025347,B25,1,1,1.0
2017-4,E01025348,B25,2,1,2.0
2017-4,E01025354,B25,1,1,1.0
2017-4,E01025355,B25,1,1,1.0
2017-4,E01025356,B26,4,1,4.0
2017-4,E01025358,B24,1,1,1.0
2017-4,E01025362,B25,1,1,1.0
2017-4,E01025365,B25,1,1,1.0
2017-4,E01025366,B25,1,1,1.0
2017-4,E01025368,B16,1,1,1.0
2017-4,E01025368,B18,1,1,1.0
2017-4,E01025368,B26,2,1,2.0
2017-4,E01025369,B13,1,1,1.0
2017-4,E01025369,B16,1,1,1.0
2017-4,E01025369,B19,1,1,1.0
2017-4,E01025369,B26,1,1,1.0
2017-4,E01025375,B18,1,1,1.0
2017-4,E01025377,B27,1,1,1.0
2017-4,E01025379,B25,2,2,1.0
2017-4,E01025380,B13,1,1,1.0
2017-4,E01025380,B25,2,1,2.0
2017-4,E01025382,B26,3,1,3.0
2017-4,E01025395,B13,2,1,2.0
2017-4,E01025395,B19,2,1,2.0
2017-4,E01025395,B25,14,1,14.0
2017-4,E01025395,B26,3,3,1.0
2017-4,E01025396,B25,1,1,1.0
2017-4,E01025396,B26,1,1,1.0
2017-4,E01025397,B1,1,1,1.0
2017-4,E01025397,B13,3,1,3.0
2017-4,E01025397,B25,1,1,1.0
2017-4,E01025397,B26,7,4,1.75
2017-4,E01025402,B26,1,1,1.0
2017-4,E01025402,B28,1,1,1.0
2017-4,E01025405,B1,1,1,1.0
2017-4,E01025411,B13,1,1,1.0
2017-4,E01025411,B25,1,1,1.0
2017-4,E01025414,B13,1,1,1.0
2017-4,E01025417,B13,1,1,1.0
2017-4,E01025420,B25,1,1,1.0
2017-4,E01025421,B25,1,1,1.0
2017-4,E01025424,B26,1,1,1.0
2017-4,E01025436,B25,1,1,1.0
2017-4,E01025446,B25,1,1,1.0
2017-4,E01025452,B25,1,1,1.0
2017-4,E01025454,B25,1,1,1.0
2017-4,E01025456,B19,1,1,1.0
2017-4,E01025457,B25,1,1,1.0
2017-4,E01025457,B4,1,1,1.0
2017-4,E01025467,B25,1,1,1.0
2017-4,E01025470,B25,1,1,1.0
2017-4,E01025482,B19,1,1,1.0
2017-4,E01025484,B13,1,1,1.0
2017-4,E01025484,B25,7,1,7.0
2017-4,E01025486,B25,1,1,1.0
2017-4,E01025486,B28,2,1,2.0
2017-4,E01025495,B13,1,1,1.0
2017-4,E01025495,B18,1,1,1.0
2017-4,E01025500,B25,1,1,1.0
2017-4,E01025506,B25,1,1,1.0
2017-4,E01025511,B25,1,1,1.0
2017-4,E01025514,B25,1,1,1.0
2017-4,E01025515,B25,1,1,1.0
2017-4,E01025523,B13,1,1,1.0
2017-4,E01025525,B28,1,1,1.0
2017-4,E01025535,B25,2,1,2.0
2017-4,E01025538,B25,2,1,2.0
2017-4,E01025542,B19,1,1,1.0
2017-4,E01025546,B25,1,1,1.0
2017-4,E01025547,B25,1,1,1.0
2017-4,E01025548,B25,1,1,1.0
2017-4,E01025555,B25,1,1,1.0
2017-4,E01025558,B1,1,1,1.0
2017-4,E01025562,B25,1,1,1.0
2017-4,E01025566,B25,1,1,1.0
2017-4,E01025572,B25,2,2,1.0
2017-4,E01025579,B18,1,1,1.0
2017-4,E01025594,B19,1,1,1.0
2017-4,E01025594,B25,1,1,1.0
2017-4,E01025595,B25,1,1,1.0
2017-4,E01025596,B13,1,1,1.0
2017-4,E01025598,B19,1,1,1.0
2017-4,E01025602,B16,1,1,1.0
2017-4,E01025603,B13,1,1,1.0
2017-4,E01025603,B25,1,1,1.0
2017-4,E01025604,B13,1,1,1.0
2017-4,E01025615,B25,1,1,1.0
2017-4,E01025626,B13,1,1,1.0
2017-4,E01025649,B25,1,1,1.0
2017-4,E01025657,B17,1,1,1.0
2017-4,E01025658,B26,1,1,1.0
2017-4,E01025679,B25,1,1,1.0
2017-4,E01025688,B19,1,1,1.0
2017-4,E01025705,B25,1,1,1.0
2017-4,E01025706,B18,1,1,1.0
2017-4,E01025738,B26,1,1,1.0
2017-4,E01025746,B25,1,1,1.0
2017-4,E01025748,B6,1,1,1.0
2017-4,E01025781,B26,1,1,1.0
2017-4,E01025783,B24,1,1,1.0
2017-4,E01025783,B26,1,1,1.0
2017-4,E01025784,B25,1,1,1.0
2017-4,E01025785,B19,1,1,1.0
2017-4,E01025785,B25,1,1,1.0
2017-4,E01025786,B13,1,1,1.0
2017-4,E01025791,B19,1,1,1.0
2017-4,E01025791,B25,1,1,1.0
2017-4,E01025792,B1,3,2,1.5
2017-4,E01025792,B18,2,1,2.0
2017-4,E01025794,B18,1,1,1.0
2017-4,E01025798,B25,1,1,1.0
2017-4,E01025808,B26,1,1,1.0
2017-4,E01025810,B25,2,2,1.0
2017-4,E01025812,B28,1,1,1.0
2017-4,E01025829,B28,2,1,2.0
2017-4,E01025842,B18,1,1,1.0
2017-4,E01025849,B28,1,1,1.0
2017-4,E01025884,B19,2,1,2.0
2017-4,E01025884,B26,3,1,3.0
2017-4,E01025885,B19,1,1,1.0
2017-4,E01025895,B1,1,1,1.0
2017-4,E01025898,B26,1,1,1.0
2017-4,E01025904,B13,1,1,1.0
2017-4,E01025913,B26,1,1,1.0
2017-4,E01025916,B18,1,1,1.0
2017-4,E01025917,B24,1,1,1.0
2017-4,E01025925,B25,1,1,1.0
2017-4,E01025927,B17,1,1,1.0
2017-4,E01025927,B24,1,1,1.0
2017-4,E01025927,B28,1,1,1.0
2017-4,E01025939,B25,1,1,1.0
2017-4,E01025941,B26,1,1,1.0
2017-4,E01025941,B28,1,1,1.0
2017-4,E01025986,B18,2,1,2.0
2017-4,E01026016,B28,1,1,1.0
2017-4,E01026025,B19,1,1,1.0
2017-4,E01026053,B25,2,1,2.0
2017-4,E01026066,B16,1,1,1.0
2017-4,E01026066,B26,1,1,1.0
2017-4,E01026068,B25,1,1,1.0
2017-4,E01026071,B16,1,1,1.0
2017-4,E01026075,B25,1,1,1.0
2017-4,E01026075,B26,2,1,2.0
2017-4,E01026082,B25,1,1,1.0
2017-4,E01026089,B19,1,1,1.0
2017-4,E01026092,B16,1,1,1.0
2017-4,E01026103,B24,1,1,1.0
2017-4,E01026103,B25,1,1,1.0
2017-4,E01026124,B26,1,1,1.0
2017-4,E01026132,B19,1,1,1.0
2017-4,E01026133,B18,1,1,1.0
2017-4,E01026163,B28,2,1,2.0
2017-4,E01026174,B13,1,1,1.0
2017-4,E01026178,B19,1,1,1.0
2017-4,E01026193,B25,1,1,1.0
2017-4,E01026196,B25,1,1,1.0
2017-4,E01026200,B25,1,1,1.0
2017-4,E01026201,B28,1,1,1.0
2017-4,E01026207,B25,1,1,1.0
2017-4,E01026209,B13,1,1,1.0
2017-4,E01026209,B25,1,1,1.0
2017-4,E01026209,B27,1,1,1.0
2017-4,E01026210,B13,1,1,1.0
2017-4,E01026210,B25,1,1,1.0
2017-4,E01026211,B16,1,1,1.0
2017-4,E01026211,B26,1,1,1.0
2017-4,E01026221,B25,1,1,1.0
2017-4,E01026231,B28,1,1,1.0
2017-4,E01026232,B19,1,1,1.0
2017-4,E01026232,B21,1,1,1.0
2017-4,E01026233,B13,1,1,1.0
2017-4,E01026236,B26,1,1,1.0
2017-4,E01026243,B25,1,1,1.0
2017-4,E01026260,B25,1,1,1.0
2017-4,E01026263,B18,1,1,1.0
2017-4,E01026267,B19,1,1,1.0
2017-4,E01026274,B15,1,1,1.0
2017-4,E01026278,B24,1,1,1.0
2017-4,E01026282,B13,1,1,1.0
2017-4,E01026282,B18,1,1,1.0
2017-4,E01026288,B28,1,1,1.0
2017-4,E01026290,B25,1,1,1.0
2017-4,E01026291,B28,1,1,1.0
2017-4,E01026293,B15,1,1,1.0
2017-4,E01026304,B13,1,1,1.0
2017-4,E01026304,B25,1,1,1.0
2017-4,E01026306,B28,1,1,1.0
2017-4,E01026309,B28,1,1,1.0
2017-4,E01026313,B13,1,1,1.0
2017-4,E01026313,B26,1,1,1.0
2017-4,E01026315,B13,2,2,1.0
2017-4,E01026315,B24,1,1,1.0
2017-4,E01026317,B13,1,1,1.0
2017-4,E01026319,B6,1,1,1.0
2017-4,E01026320,B17,1,1,1.0
2017-4,E01026331,B13,2,2,1.0
2017-4,E01026333,B26,1,1,1.0
2017-4,E01026337,B1,1,1,1.0
2017-4,E01026338,B25,2,2,1.0
2017-4,E01026343,B26,1,1,1.0
2017-4,E01026350,B18,1,1,1.0
2017-4,E01026350,B25,2,2,1.0
2017-4,E01026353,B16,1,1,1.0
2017-4,E01026364,B25,1,1,1.0
2017-4,E01026365,B25,2,1,2.0
2017-4,E01026372,B25,1,1,1.0
2017-4,E01026379,B25,1,1,1.0
2017-4,E01026383,B13,1,1,1.0
2017-4,E01026385,B25,1,1,1.0
2017-4,E01026386,B25,1,1,1.0
2017-4,E01026387,B26,2,2,1.0
2017-4,E01026387,B28,2,1,2.0
2017-4,E01026389,B25,1,1,1.0
2017-4,E01026398,B13,1,1,1.0
2017-4,E01026405,B13,1,1,1.0
2017-4,E01026405,B26,1,1,1.0
2017-4,E01026413,B13,1,1,1.0
2017-4,E01026414,B28,1,1,1.0
2017-4,E01026421,B19,1,1,1.0
2017-4,E01026430,B15,1,1,1.0
2017-4,E01026436,B25,1,1,1.0
2017-4,E01026441,B25,2,1,2.0
2017-4,E01026443,B23,1,1,1.0
2017-4,E01026446,B28,1,1,1.0
2017-4,E01026451,B16,1,1,1.0
2017-4,E01026461,B25,1,1,1.0
2017-4,E01026468,B19,2,2,1.0
2017-4,E01026470,B27,1,1,1.0
2017-4,E01026470,B28,1,1,1.0
2017-4,E01026479,B25,1,1,1.0
2017-4,E01026481,B24,1,1,1.0
2017-4,E01026485,B16,1,1,1.0
2017-4,E01026488,B19,1,1,1.0
2017-4,E01026492,B26,1,1,1.0
2017-4,E01026493,B25,2,2,1.0
2017-4,E01026498,B25,1,1,1.0
2017-4,E01026502,B13,1,1,1.0
2017-4,E01026502,B23,3,1,3.0
2017-4,E01026509,B28,1,1,1.0
2017-4,E01026512,B24,1,1,1.0
2017-4,E01026512,B25,1,1,1.0
2017-4,E01026512,B27,1,1,1.0
2017-4,E01026516,B16,1,1,1.0
2017-4,E01026521,B25,1,1,1.0
2017-4,E01026522,B25,1,1,1.0
2017-4,E01026524,B25,1,1,1.0
2017-4,E01026524,B28,1,1,1.0
2017-4,E01026529,B13,2,1,2.0
2017-4,E01026547,B25,1,1,1.0
2017-4,E01026554,B25,1,1,1.0
2017-4,E01026555,B25,1,1,1.0
2017-4,E01026566,B13,1,1,1.0
2017-4,E01026574,B28,1,1,1.0
2017-4,E01026584,B13,1,1,1.0
2017-4,E01026594,B28,1,1,1.0
2017-4,E01026597,B18,1,1,1.0
2017-4,E01026601,B19,1,1,1.0
2017-4,E01026604,B19,2,2,1.0
2017-4,E01026610,B19,1,1,1.0
2017-4,E01026611,B19,4,1,4.0
2017-4,E01026612,B19,2,1,2.0
2017-4,E01026612,B23,1,1,1.0
2017-4,E01026615,B26,1,1,1.0
2017-4,E01026624,B26,1,1,1.0
2017-4,E01026629,B24,1,1,1.0
2017-4,E01026630,B26,1,1,1.0
2017-4,E01026634,B13,1,1,1.0
2017-4,E01026651,B26,1,1,1.0
2017-4,E01026659,B13,1,1,1.0
2017-4,E01026665,B28,1,1,1.0
2017-4,E01026667,B19,1,1,1.0
2017-4,E01026667,B28,2,1,2.0
2017-4,E01026668,B13,1,1,1.0
2017-4,E01026668,B19,2,1,2.0
2017-4,E01026668,B26,1,1,1.0
2017-4,E01026668,B28,1,1,1.0
2017-4,E01026674,B23,1,1,1.0
2017-4,E01026679,B13,1,1,1.0
2017-4,E01026679,B25,1,1,1.0
2017-4,E01026688,B16,2,1,2.0
2017-4,E01026692,B23,1,1,1.0
2017-4,E01026699,B24,1,1,1.0
2017-4,E01026707,B13,1,1,1.0
2017-4,E01026710,B13,1,1,1.0
2017-4,E01026714,B18,1,1,1.0
2017-4,E01026717,B25,1,1,1.0
2017-4,E01026719,B24,1,1,1.0
2017-4,E01026719,B25,3,1,3.0
2017-4,E01026721,B16,1,1,1.0
2017-4,E01026727,B25,1,1,1.0
2017-4,E01026728,B24,2,1,2.0
2017-4,E01026728,B25,1,1,1.0
2017-4,E01026738,B19,1,1,1.0
2017-4,E01026738,B23,4,1,4.0
2017-4,E01026751,B19,1,1,1.0
2017-4,E01026751,B23,1,1,1.0
2017-4,E01026751,B26,1,1,1.0
2017-4,E01026755,B28,1,1,1.0
2017-4,E01026763,B26,1,1,1.0
2017-4,E01026770,B25,1,1,1.0
2017-4,E01026776,B25,1,1,1.0
2017-4,E01026784,B1,1,1,1.0
2017-4,E01026785,B24,1,1,1.0
2017-4,E01026796,B16,1,1,1.0
2017-4,E01026796,B19,1,1,1.0
2017-4,E01026796,B26,3,1,3.0
2017-4,E01026799,B26,1,1,1.0
2017-4,E01026809,B19,1,1,1.0
2017-4,E01026816,B26,1,1,1.0
2017-4,E01026818,B16,1,1,1.0
2017-4,E01026818,B26,1,1,1.0
2017-4,E01026821,B25,1,1,1.0
2017-4,E01026827,B13,1,1,1.0
2017-4,E01026827,B26,1,1,1.0
2017-4,E01026828,B13,1,1,1.0
2017-4,E01026844,B26,1,1,1.0
2017-4,E01026855,B28,1,1,1.0
2017-4,E01026856,B16,1,1,1.0
2017-4,E01026861,B1,1,1,1.0
2017-4,E01026866,B18,1,1,1.0
2017-4,E01026874,B26,1,1,1.0
2017-4,E01026878,B27,1,1,1.0
2017-4,E01026881,B25,1,1,1.0
2017-4,E01026883,B13,2,1,2.0
2017-4,E01026884,B25,1,1,1.0
2017-4,E01026895,B28,1,1,1.0
2017-4,E01026897,B28,1,1,1.0
2017-4,E01026916,B16,1,1,1.0
2017-4,E01026918,B13,1,1,1.0
2017-4,E01026919,B4,1,1,1.0
2017-4,E01026931,B26,1,1,1.0
2017-4,E01026953,B13,1,1,1.0
2017-4,E01026958,B16,1,1,1.0
2017-4,E01026973,B16,1,1,1.0
2017-4,E01026977,B28,1,1,1.0
2017-4,E01026983,B19,1,1,1.0
2017-4,E01026983,B26,1,1,1.0
2017-4,E01026988,B25,1,1,1.0
2017-4,E01026993,B13,1,1,1.0
2017-4,E01027004,B13,1,1,1.0
2017-4,E01027004,B25,1,1,1.0
2017-4,E01027030,B26,1,1,1.0
2017-4,E01027031,B25,1,1,1.0
2017-4,E01027032,B13,2,1,2.0
2017-4,E01027032,B26,1,1,1.0
2017-4,E01027034,B28,1,1,1.0
2017-4,E01027035,B25,1,1,1.0
2017-4,E01027037,B18,1,1,1.0
2017-4,E01027038,B1,1,1,1.0
2017-4,E01027044,B25,1,1,1.0
2017-4,E01027047,B28,1,1,1.0
2017-4,E01027053,B25,1,1,1.0
2017-4,E01027056,B26,1,1,1.0
2017-4,E01027073,B13,1,1,1.0
2017-4,E01027078,B24,1,1,1.0
2017-4,E01027078,B27,1,1,1.0
2017-4,E01027080,B17,1,1,1.0
2017-4,E01027089,B13,2,1,2.0
2017-4,E01027089,B18,1,1,1.0
2017-4,E01027090,B25,2,2,1.0
2017-4,E01027101,B18,1,1,1.0
2017-4,E01027104,B1,1,1,1.0
2017-4,E01027104,B26,2,2,1.0
2017-4,E01027106,B18,1,1,1.0
2017-4,E01027106,B25,1,1,1.0
2017-4,E01027107,B25,1,1,1.0
2017-4,E01027113,B1,1,1,1.0
2017-4,E01027115,B6,1,1,1.0
2017-4,E01027116,B18,1,1,1.0
2017-4,E01027117,B26,1,1,1.0
2017-4,E01027129,B25,1,1,1.0
2017-4,E01027137,B17,1,1,1.0
2017-4,E01027140,B25,1,1,1.0
2017-4,E01027141,B25,1,1,1.0
2017-4,E01027152,B1,1,1,1.0
2017-4,E01027162,B16,1,1,1.0
2017-4,E01027162,B26,1,1,1.0
2017-4,E01027167,B17,1,1,1.0
2017-4,E01027167,B26,1,1,1.0
2017-4,E01027168,B18,1,1,1.0
2017-4,E01027169,B19,1,1,1.0
2017-4,E01027170,B26,1,1,1.0
2017-4,E01027199,B26,1,1,1.0
2017-4,E01027209,B26,1,1,1.0
2017-4,E01027225,B18,1,1,1.0
2017-4,E01027237,B26,1,1,1.0
2017-4,E01027240,B28,1,1,1.0
2017-4,E01027242,B25,1,1,1.0
2017-4,E01027245,B17,1,1,1.0
2017-4,E01027250,B26,1,1,1.0
2017-4,E01027252,B26,1,1,1.0
2017-4,E01027262,B25,1,1,1.0
2017-4,E01027279,B13,1,1,1.0
2017-4,E01027283,B13,1,1,1.0
2017-4,E01027283,B19,1,1,1.0
2017-4,E01027284,B25,1,1,1.0
2017-4,E01027288,B25,2,2,1.0
2017-4,E01027291,B25,5,4,1.25
2017-4,E01027293,B25,1,1,1.0
2017-4,E01027294,B25,4,1,4.0
2017-4,E01027303,B25,1,1,1.0
2017-4,E01027305,B25,1,1,1.0
2017-4,E01027305,B28,1,1,1.0
2017-4,E01027315,B25,1,1,1.0
2017-4,E01027324,B25,1,1,1.0
2017-4,E01027330,B25,1,1,1.0
2017-4,E01027344,B25,1,1,1.0
2017-4,E01027350,B16,1,1,1.0
2017-4,E01027350,B25,2,2,1.0
2017-4,E01027355,B18,1,1,1.0
2017-4,E01027356,B16,2,1,2.0
2017-4,E01027356,B24,1,1,1.0
2017-4,E01027358,B24,1,1,1.0
2017-4,E01027367,B25,1,1,1.0
2017-4,E01027368,B13,1,1,1.0
2017-4,E01027374,B13,1,1,1.0
2017-4,E01027384,B19,1,1,1.0
2017-4,E01027412,B13,1,1,1.0
2017-4,E01027412,B25,2,1,2.0
2017-4,E01027431,B16,1,1,1.0
2017-4,E01027438,B26,1,1,1.0
2017-4,E01027440,B26,1,1,1.0
2017-4,E01027445,B28,1,1,1.0
2017-4,E01027462,B19,2,1,2.0
2017-4,E01027462,B26,3,1,3.0
2017-4,E01027463,B13,2,1,2.0
2017-4,E01027463,B19,6,1,6.0
2017-4,E01027463,B25,2,1,2.0
2017-4,E01027464,B28,1,1,1.0
2017-4,E01027468,B13,1,1,1.0
2017-4,E01027475,B19,1,1,1.0
2017-4,E01027521,B13,2,1,2.0
2017-4,E01027521,B26,1,1,1.0
2017-4,E01027526,B28,1,1,1.0
2017-4,E01027571,B26,1,1,1.0
2017-4,E01027604,B25,1,1,1.0
2017-4,E01027619,B25,2,1,2.0
2017-4,E01027628,B25,1,1,1.0
2017-4,E01027635,B16,1,1,1.0
2017-4,E01027640,B13,1,1,1.0
2017-4,E01027641,B26,1,1,1.0
2017-4,E01027643,B13,1,1,1.0
2017-4,E01027643,B4,1,1,1.0
2017-4,E01027645,B16,2,2,1.0
2017-4,E01027651,B16,1,1,1.0
2017-4,E01027653,B1,1,1,1.0
2017-4,E01027653,B24,1,1,1.0
2017-4,E01027660,B24,1,1,1.0
2017-4,E01027662,B18,1,1,1.0
2017-4,E01027663,B13,1,1,1.0
2017-4,E01027666,B26,1,1,1.0
2017-4,E01027669,B19,1,1,1.0
2017-4,E01027673,B24,1,1,1.0
2017-4,E01027674,B24,1,1,1.0
2017-4,E01027678,B16,1,1,1.0
2017-4,E01027683,B25,1,1,1.0
2017-4,E01027684,B25,2,1,2.0
2017-4,E01027693,B25,1,1,1.0
2017-4,E01027701,B26,1,1,1.0
2017-4,E01027702,B25,2,1,2.0
2017-4,E01027706,B26,1,1,1.0
2017-4,E01027706,B28,1,1,1.0
2017-4,E01027708,B13,1,1,1.0
2017-4,E01027719,B25,1,1,1.0
2017-4,E01027720,B15,1,1,1.0
2017-4,E01027720,B19,1,1,1.0
2017-4,E01027720,B28,1,1,1.0
2017-4,E01027721,B25,1,1,1.0
2017-4,E01027730,B19,1,1,1.0
2017-4,E01027733,B25,1,1,1.0
2017-4,E01027734,B26,2,1,2.0
2017-4,E01027750,B25,1,1,1.0
2017-4,E01027750,B26,2,1,2.0
2017-4,E01027752,B25,1,1,1.0
2017-4,E01027761,B13,1,1,1.0
2017-4,E01027767,B26,1,1,1.0
2017-4,E01027777,B13,2,2,1.0
2017-4,E01027778,B25,1,1,1.0
2017-4,E01027780,B13,1,1,1.0
2017-4,E01027803,B16,1,1,1.0
2017-4,E01027803,B25,1,1,1.0
2017-4,E01027857,B13,1,1,1.0
2017-4,E01027859,B13,1,1,1.0
2017-4,E01027880,B25,1,1,1.0
2017-4,E01027891,B25,1,1,1.0
2017-4,E01027894,B18,1,1,1.0
2017-4,E01027920,B1,1,1,1.0
2017-4,E01027923,B26,1,1,1.0
2017-4,E01027928,B24,1,1,1.0
2017-4,E01027935,B19,1,1,1.0
2017-4,E01027943,B25,1,1,1.0
2017-4,E01027964,B18,1,1,1.0
2017-4,E01027967,B26,1,1,1.0
2017-4,E01027970,B25,1,1,1.0
2017-4,E01027977,B25,2,2,1.0
2017-4,E01027981,B26,1,1,1.0
2017-4,E01027983,B19,1,1,1.0
2017-4,E01027990,B13,1,1,1.0
2017-4,E01027995,B26,4,2,2.0
2017-4,E01028016,B17,1,1,1.0
2017-4,E01028024,B4,1,1,1.0
2017-4,E01028035,B28,1,1,1.0
2017-4,E01028036,B26,3,2,1.5
2017-4,E01028041,B26,1,1,1.0
2017-4,E01028060,B18,1,1,1.0
2017-4,E01028064,B26,1,1,1.0
2017-4,E01028105,B13,1,1,1.0
2017-4,E01028119,B25,1,1,1.0
2017-4,E01028123,B25,1,1,1.0
2017-4,E01028129,B25,1,1,1.0
2017-4,E01028131,B15,1,1,1.0
2017-4,E01028135,B25,1,1,1.0
2017-4,E01028139,B25,1,1,1.0
2017-4,E01028149,B25,1,1,1.0
2017-4,E01028149,B6,1,1,1.0
2017-4,E01028164,B26,1,1,1.0
2017-4,E01028168,B25,1,1,1.0
2017-4,E01028175,B16,1,1,1.0
2017-4,E01028182,B1,1,1,1.0
2017-4,E01028185,B1,1,1,1.0
2017-4,E01028199,B26,1,1,1.0
2017-4,E01028200,B25,1,1,1.0
2017-4,E01028204,B28,1,1,1.0
2017-4,E01028213,B25,1,1,1.0
2017-4,E01028239,B18,2,1,2.0
2017-4,E01028251,B4,1,1,1.0
2017-4,E01028252,B13,1,1,1.0
2017-4,E01028252,B25,1,1,1.0
2017-4,E01028257,B26,1,1,1.0
2017-4,E01028270,B17,1,1,1.0
2017-4,E01028274,B25,1,1,1.0
2017-4,E01028276,B16,1,1,1.0
2017-4,E01028276,B28,1,1,1.0
2017-4,E01028282,B17,1,1,1.0
2017-4,E01028295,B16,1,1,1.0
2017-4,E01028313,B18,1,1,1.0
2017-4,E01028319,B25,1,1,1.0
2017-4,E01028327,B19,1,1,1.0
2017-4,E01028327,B26,1,1,1.0
2017-4,E01028339,B13,1,1,1.0
2017-4,E01028362,B25,1,1,1.0
2017-4,E01028364,B15,1,1,1.0
2017-4,E01028373,B6,1,1,1.0
2017-4,E01028389,B16,1,1,1.0
2017-4,E01028406,B25,1,1,1.0
2017-4,E01028410,B25,1,1,1.0
2017-4,E01028411,B26,1,1,1.0
2017-4,E01028421,B16,1,1,1.0
2017-4,E01028421,B25,2,2,1.0
2017-4,E01028422,B24,1,1,1.0
2017-4,E01028423,B13,1,1,1.0
2017-4,E01028423,B25,2,2,1.0
2017-4,E01028424,B25,1,1,1.0
2017-4,E01028424,B26,1,1,1.0
2017-4,E01028424,B28,5,1,5.0
2017-4,E01028425,B25,1,1,1.0
2017-4,E01028425,B26,1,1,1.0
2017-4,E01028425,B28,1,1,1.0
2017-4,E01028426,B16,1,1,1.0
2017-4,E01028426,B9,1,1,1.0
2017-4,E01028427,B1,1,1,1.0
2017-4,E01028427,B19,1,1,1.0
2017-4,E01028427,B24,1,1,1.0
2017-4,E01028429,B1,1,1,1.0
2017-4,E01028429,B24,1,1,1.0
2017-4,E01028430,B24,1,1,1.0
2017-4,E01028430,B25,1,1,1.0
2017-4,E01028430,B26,1,1,1.0
2017-4,E01028430,B28,1,1,1.0
2017-4,E01028431,B25,1,1,1.0
2017-4,E01028432,B25,1,1,1.0
2017-4,E01028433,B16,1,1,1.0
2017-4,E01028434,B13,1,1,1.0
2017-4,E01028434,B25,1,1,1.0
2017-4,E01028435,B13,1,1,1.0
2017-4,E01028435,B24,1,1,1.0
2017-4,E01028438,B25,1,1,1.0
2017-4,E01028438,B26,1,1,1.0
2017-4,E01028439,B25,4,3,1.3333333333333333
2017-4,E01028440,B13,1,1,1.0
2017-4,E01028440,B17,2,2,1.0
2017-4,E01028441,B19,1,1,1.0
2017-4,E01028441,B28,4,3,1.3333333333333333
2017-4,E01028443,B7,2,1,2.0
2017-4,E01028444,B25,2,2,1.0
2017-4,E01028445,B17,1,1,1.0
2017-4,E01028446,B23,1,1,1.0
2017-4,E01028446,B24,1,1,1.0
2017-4,E01028446,B26,1,1,1.0
2017-4,E01028447,B1,1,1,1.0
2017-4,E01028447,B17,1,1,1.0
2017-4,E01028447,B25,1,1,1.0
2017-4,E01028448,B17,1,1,1.0
2017-4,E01028448,B25,1,1,1.0
2017-4,E01028449,B13,1,1,1.0
2017-4,E01028449,B25,3,3,1.0
2017-4,E01028450,B1,1,1,1.0
2017-4,E01028450,B25,1,1,1.0
2017-4,E01028450,B26,2,1,2.0
2017-4,E01028452,B17,1,1,1.0
2017-4,E01028452,B25,1,1,1.0
2017-4,E01028453,B17,1,1,1.0
2017-4,E01028453,B25,3,1,3.0
2017-4,E01028454,B25,3,1,3.0
2017-4,E01028454,B7,2,1,2.0
2017-4,E01028455,B13,1,1,1.0
2017-4,E01028456,B16,1,1,1.0
2017-4,E01028457,B25,1,1,1.0
2017-4,E01028458,B19,1,1,1.0
2017-4,E01028458,B25,1,1,1.0
2017-4,E01028458,B28,2,2,1.0
2017-4,E01028459,B1,1,1,1.0
2017-4,E01028459,B24,1,1,1.0
2017-4,E01028461,B17,1,1,1.0
2017-4,E01028461,B28,1,1,1.0
2017-4,E01028462,B17,1,1,1.0
2017-4,E01028462,B25,1,1,1.0
2017-4,E01028462,B26,1,1,1.0
2017-4,E01028462,B28,2,2,1.0
2017-4,E01028463,B1,1,1,1.0
2017-4,E01028463,B15,1,1,1.0
2017-4,E01028464,B25,3,3,1.0
2017-4,E01028464,B28,2,2,1.0
2017-4,E01028464,B7,1,1,1.0
2017-4,E01028465,B25,3,3,1.0
2017-4,E01028465,B28,1,1,1.0
2017-4,E01028466,B23,1,1,1.0
2017-4,E01028466,B25,1,1,1.0
2017-4,E01028466,B26,1,1,1.0
2017-4,E01028466,B28,1,1,1.0
2017-4,E01028467,B1,1,1,1.0
2017-4,E01028467,B19,1,1,1.0
2017-4,E01028468,B1,1,1,1.0
2017-4,E01028468,B13,1,1,1.0
2017-4,E01028468,B17,1,1,1.0
2017-4,E01028468,B19,1,1,1.0
2017-4,E01028468,B24,1,1,1.0
2017-4,E01028468,B25,2,2,1.0
2017-4,E01028468,B28,5,1,5.0
2017-4,E01028469,B25,1,1,1.0
2017-4,E01028470,B25,2,2,1.0
2017-4,E01028470,B28,1,1,1.0
2017-4,E01028471,B1,1,1,1.0
2017-4,E01028472,B1,1,1,1.0
2017-4,E01028472,B17,1,1,1.0
2017-4,E01028473,B28,1,1,1.0
2017-4,E01028474,B1,1,1,1.0
2017-4,E01028475,B13,1,1,1.0
2017-4,E01028475,B25,1,1,1.0
2017-4,E01028476,B25,1,1,1.0
2017-4,E01028477,B13,1,1,1.0
2017-4,E01028477,B17,1,1,1.0
2017-4,E01028477,B24,1,1,1.0
2017-4,E01028478,B24,1,1,1.0
2017-4,E01028479,B25,7,4,1.75
2017-4,E01028480,B1,1,1,1.0
2017-4,E01028480,B25,7,7,1.0
2017-4,E01028481,B17,1,1,1.0
2017-4,E01028481,B25,4,4,1.0
2017-4,E01028483,B13,1,1,1.0
2017-4,E01028483,B16,1,1,1.0
2017-4,E01028483,B24,2,2,1.0
2017-4,E01028483,B7,1,1,1.0
2017-4,E01028484,B24,2,1,2.0
2017-4,E01028485,B17,1,1,1.0
2017-4,E01028485,B19,1,1,1.0
2017-4,E01028485,B24,1,1,1.0
2017-4,E01028485,B25,1,1,1.0
2017-4,E01028486,B24,1,1,1.0
2017-4,E01028486,B25,9,4,2.25
2017-4,E01028486,B28,2,1,2.0
2017-4,E01028489,B28,1,1,1.0
2017-4,E01028492,B23,1,1,1.0
2017-4,E01028492,B25,1,1,1.0
2017-4,E01028493,B17,2,1,2.0
2017-4,E01028493,B25,1,1,1.0
2017-4,E01028493,B26,1,1,1.0
2017-4,E01028494,B28,1,1,1.0
2017-4,E01028496,B1,1,1,1.0
2017-4,E01028496,B7,1,1,1.0
2017-4,E01028497,B25,2,2,1.0
2017-4,E01028498,B13,2,2,1.0
2017-4,E01028498,B24,2,2,1.0
2017-4,E01028498,B25,1,1,1.0
2017-4,E01028498,B26,1,1,1.0
2017-4,E01028498,B6,3,1,3.0
2017-4,E01028499,B16,2,2,1.0
2017-4,E01028499,B17,1,1,1.0
2017-4,E01028499,B25,1,1,1.0
2017-4,E01028500,B25,1,1,1.0
2017-4,E01028500,B29,1,1,1.0
2017-4,E01028501,B25,4,2,2.0
2017-4,E01028501,B26,1,1,1.0
2017-4,E01028502,B16,1,1,1.0
2017-4,E01028502,B25,7,3,2.3333333333333335
2017-4,E01028502,B26,1,1,1.0
2017-4,E01028502,B28,1,1,1.0
2017-4,E01028503,B13,2,1,2.0
2017-4,E01028503,B25,3,3,1.0
2017-4,E01028504,B17,1,1,1.0
2017-4,E01028504,B25,3,3,1.0
2017-4,E01028505,B13,1,1,1.0
2017-4,E01028505,B25,1,1,1.0
2017-4,E01028505,B26,1,1,1.0
2017-4,E01028506,B13,1,1,1.0
2017-4,E01028506,B17,1,1,1.0
2017-4,E01028506,B25,1,1,1.0
2017-4,E01028506,B9,1,1,1.0
2017-4,E01028507,B25,1,1,1.0
2017-4,E01028508,B25,1,1,1.0
2017-4,E01028509,B13,1,1,1.0
2017-4,E01028509,B24,1,1,1.0
2017-4,E01028509,B25,3,3,1.0
2017-4,E01028510,B16,1,1,1.0
2017-4,E01028510,B25,2,2,1.0
2017-4,E01028511,B1,1,1,1.0
2017-4,E01028511,B23,1,1,1.0
2017-4,E01028511,B24,1,1,1.0
2017-4,E01028511,B25,1,1,1.0
2017-4,E01028513,B17,1,1,1.0
2017-4,E01028513,B25,2,2,1.0
2017-4,E01028515,B16,1,1,1.0
2017-4,E01028516,B25,1,1,1.0
2017-4,E01028517,B26,1,1,1.0
2017-4,E01028518,B17,1,1,1.0
2017-4,E01028518,B28,1,1,1.0
2017-4,E01028519,B13,1,1,1.0
2017-4,E01028519,B16,1,1,1.0
2017-4,E01028519,B25,1,1,1.0
2017-4,E01028519,B26,2,1,2.0
2017-4,E01028520,B17,1,1,1.0
2017-4,E01028521,B19,3,3,1.0
2017-4,E01028521,B25,1,1,1.0
2017-4,E01028521,B4,1,1,1.0
2017-4,E01028523,B24,1,1,1.0
2017-4,E01028524,B25,2,2,1.0
2017-4,E01028525,B25,1,1,1.0
2017-4,E01028525,B28,1,1,1.0
2017-4,E01028525,B7,1,1,1.0
2017-4,E01028528,B1,1,1,1.0
2017-4,E01028528,B19,1,1,1.0
2017-4,E01028529,B16,1,1,1.0
2017-4,E01028529,B19,1,1,1.0
2017-4,E01028529,B24,1,1,1.0
2017-4,E01028529,B25,1,1,1.0
2017-4,E01028530,B13,1,1,1.0
2017-4,E01028531,B25,1,1,1.0
2017-4,E01028532,B25,1,1,1.0
2017-4,E01028533,B17,1,1,1.0
2017-4,E01028533,B27,1,1,1.0
2017-4,E01028534,B23,1,1,1.0
2017-4,E01028534,B25,2,1,2.0
2017-4,E01028535,B24,1,1,1.0
2017-4,E01028536,B13,1,1,1.0
2017-4,E01028536,B19,1,1,1.0
2017-4,E01028536,B25,1,1,1.0
2017-4,E01028536,B29,1,1,1.0
2017-4,E01028537,B24,1,1,1.0
2017-4,E01028537,B4,1,1,1.0
2017-4,E01028539,B25,1,1,1.0
2017-4,E01028540,B15,1,1,1.0
2017-4,E01028540,B26,1,1,1.0
2017-4,E01028542,B17,1,1,1.0
2017-4,E01028543,B24,1,1,1.0
2017-4,E01028543,B28,1,1,1.0
2017-4,E01028545,B26,1,1,1.0
2017-4,E01028546,B28,1,1,1.0
2017-4,E01028547,B13,1,1,1.0
2017-4,E01028547,B25,4,1,4.0
2017-4,E01028547,B26,1,1,1.0
2017-4,E01028548,B24,1,1,1.0
2017-4,E01028549,B13,1,1,1.0
2017-4,E01028549,B7,1,1,1.0
2017-4,E01028550,B26,2,2,1.0
2017-4,E01028551,B28,1,1,1.0
2017-4,E01028551,B9,1,1,1.0
2017-4,E01028552,B26,1,1,1.0
2017-4,E01028552,B28,1,1,1.0
2017-4,E01028553,B19,1,1,1.0
2017-4,E01028553,B28,1,1,1.0
2017-4,E01028557,B25,1,1,1.0
2017-4,E01028558,B16,1,1,1.0
2017-4,E01028559,B19,1,1,1.0
2017-4,E01028561,B26,4,4,1.0
2017-4,E01028561,B28,1,1,1.0
2017-4,E01028562,B26,1,1,1.0
2017-4,E01028563,B24,1,1,1.0
2017-4,E01028570,B24,1,1,1.0
2017-4,E01028571,B25,1,1,1.0
2017-4,E01028571,B26,1,1,1.0
2017-4,E01028572,B13,1,1,1.0
2017-4,E01028572,B25,2,1,2.0
2017-4,E01028573,B24,2,2,1.0
2017-4,E01028574,B14,1,1,1.0
2017-4,E01028574,B28,1,1,1.0
2017-4,E01028574,B6,1,1,1.0
2017-4,E01028576,B25,2,2,1.0
2017-4,E01028576,B28,1,1,1.0
2017-4,E01028577,B28,1,1,1.0
2017-4,E01028578,B24,2,2,1.0
2017-4,E01028580,B26,1,1,1.0
2017-4,E01028580,B7,1,1,1.0
2017-4,E01028581,B1,1,1,1.0
2017-4,E01028581,B17,1,1,1.0
2017-4,E01028582,B1,1,1,1.0
2017-4,E01028582,B13,1,1,1.0
2017-4,E01028583,B16,1,1,1.0
2017-4,E01028586,B25,2,2,1.0
2017-4,E01028587,B13,1,1,1.0
2017-4,E01028587,B7,1,1,1.0
2017-4,E01028591,B20,1,1,1.0
2017-4,E01028592,B25,2,2,1.0
2017-4,E01028594,B19,1,1,1.0
2017-4,E01028594,B24,1,1,1.0
2017-4,E01028594,B25,5,3,1.6666666666666667
2017-4,E01028594,B27,1,1,1.0
2017-4,E01028596,B13,1,1,1.0
2017-4,E01028596,B17,1,1,1.0
2017-4,E01028597,B24,2,1,2.0
2017-4,E01028598,B13,1,1,1.0
2017-4,E01028598,B25,5,3,1.6666666666666667
2017-4,E01028598,B26,1,1,1.0
2017-4,E01028599,B13,1,1,1.0
2017-4,E01028599,B19,1,1,1.0
2017-4,E01028599,B24,1,1,1.0
2017-4,E01028599,B25,3,3,1.0
2017-4,E01028599,B28,1,1,1.0
2017-4,E01028600,B25,3,2,1.5
2017-4,E01028603,B25,1,1,1.0
2017-4,E01028603,B7,1,1,1.0
2017-4,E01028604,B28,1,1,1.0
2017-4,E01028605,B28,1,1,1.0
2017-4,E01028606,B25,4,4,1.0
2017-4,E01028606,B27,1,1,1.0
2017-4,E01028607,B13,1,1,1.0
2017-4,E01028607,B17,1,1,1.0
2017-4,E01028607,B25,3,3,1.0
2017-4,E01028607,B26,2,1,2.0
2017-4,E01028607,B28,1,1,1.0
2017-4,E01028608,B23,1,1,1.0
2017-4,E01028608,B25,3,3,1.0
2017-4,E01028611,B13,1,1,1.0
2017-4,E01028611,B16,1,1,1.0
2017-4,E01028611,B19,1,1,1.0
2017-4,E01028611,B25,3,2,1.5
2017-4,E01028611,B26,1,1,1.0
2017-4,E01028612,B25,2,2,1.0
2017-4,E01028613,B24,1,1,1.0
2017-4,E01028617,B1,1,1,1.0
2017-4,E01028617,B15,1,1,1.0
2017-4,E01028617,B25,2,2,1.0
2017-4,E01028617,B26,1,1,1.0
2017-4,E01028618,B13,1,1,1.0
2017-4,E01028618,B19,1,1,1.0
2017-4,E01028618,B25,3,2,1.5
2017-4,E01028618,B7,2,2,1.0
2017-4,E01028619,B16,1,1,1.0
2017-4,E01028619,B25,1,1,1.0
2017-4,E01028620,B17,1,1,1.0
2017-4,E01028620,B25,15,4,3.75
2017-4,E01028620,B26,5,2,2.5
2017-4,E01028620,B9,1,1,1.0
2017-4,E01028621,B24,1,1,1.0
2017-4,E01028621,B28,1,1,1.0
2017-4,E01028623,B25,2,2,1.0
2017-4,E01028623,B28,2,2,1.0
2017-4,E01028624,B24,1,1,1.0
2017-4,E01028624,B28,1,1,1.0
2017-4,E01028625,B16,1,1,1.0
2017-4,E01028626,B25,1,1,1.0
2017-4,E01028627,B17,2,2,1.0
2017-4,E01028627,B29,1,1,1.0
2017-4,E01028628,B13,1,1,1.0
2017-4,E01028628,B17,1,1,1.0
2017-4,E01028628,B25,1,1,1.0
2017-4,E01028628,B7,1,1,1.0
2017-4,E01028629,B17,1,1,1.0
2017-4,E01028629,B25,1,1,1.0
2017-4,E01028630,B28,1,1,1.0
2017-4,E01028633,B13,1,1,1.0
2017-4,E01028633,B25,1,1,1.0
2017-4,E01028635,B19,1,1,1.0
2017-4,E01028635,B28,1,1,1.0
2017-4,E01028637,B28,1,1,1.0
2017-4,E01028638,B25,1,1,1.0
2017-4,E01028638,B26,1,1,1.0
2017-4,E01028639,B25,1,1,1.0
2017-4,E01028639,B26,1,1,1.0
2017-4,E01028639,B29,1,1,1.0
2017-4,E01028640,B25,2,2,1.0
2017-4,E01028640,B26,1,1,1.0
2017-4,E01028640,B7,1,1,1.0
2017-4,E01028641,B13,1,1,1.0
2017-4,E01028641,B26,1,1,1.0
2017-4,E01028642,B25,4,2,2.0
2017-4,E01028644,B25,2,2,1.0
2017-4,E01028645,B16,1,1,1.0
2017-4,E01028645,B24,1,1,1.0
2017-4,E01028645,B28,1,1,1.0
2017-4,E01028645,B7,1,1,1.0
2017-4,E01028646,B13,1,1,1.0
2017-4,E01028646,B24,2,2,1.0
2017-4,E01028647,B1,1,1,1.0
2017-4,E01028647,B25,6,5,1.2
2017-4,E01028647,B26,1,1,1.0
2017-4,E01028647,B7,1,1,1.0
2017-4,E01028648,B28,1,1,1.0
2017-4,E01028649,B13,1,1,1.0
2017-4,E01028649,B26,2,2,1.0
2017-4,E01028650,B17,1,1,1.0
2017-4,E01028650,B18,1,1,1.0
2017-4,E01028650,B19,1,1,1.0
2017-4,E01028650,B26,1,1,1.0
2017-4,E01028651,B17,1,1,1.0
2017-4,E01028651,B25,2,2,1.0
2017-4,E01028651,B7,1,1,1.0
2017-4,E01028652,B1,1,1,1.0
2017-4,E01028652,B13,3,2,1.5
2017-4,E01028652,B16,1,1,1.0
2017-4,E01028652,B23,1,1,1.0
2017-4,E01028652,B25,4,4,1.0
2017-4,E01028652,B26,1,1,1.0
2017-4,E01028653,B13,1,1,1.0
2017-4,E01028653,B25,2,2,1.0
2017-4,E01028654,B19,1,1,1.0
2017-4,E01028654,B25,1,1,1.0
2017-4,E01028655,B25,1,1,1.0
2017-4,E01028656,B19,1,1,1.0
2017-4,E01028656,B25,1,1,1.0
2017-4,E01028656,B26,2,1,2.0
2017-4,E01028657,B16,1,1,1.0
2017-4,E01028657,B19,1,1,1.0
2017-4,E01028657,B25,2,2,1.0
2017-4,E01028658,B24,1,1,1.0
2017-4,E01028659,B16,1,1,1.0
2017-4,E01028659,B17,1,1,1.0
2017-4,E01028659,B23,1,1,1.0
2017-4,E01028659,B24,2,2,1.0
2017-4,E01028659,B25,7,1,7.0
2017-4,E01028659,B26,2,2,1.0
2017-4,E01028660,B13,1,1,1.0
2017-4,E01028660,B23,2,2,1.0
2017-4,E01028660,B24,2,2,1.0
2017-4,E01028660,B25,3,3,1.0
2017-4,E01028660,B27,1,1,1.0
2017-4,E01028660,B28,1,1,1.0
2017-4,E01028660,B7,1,1,1.0
2017-4,E01028661,B25,3,1,3.0
2017-4,E01028662,B24,2,2,1.0
2017-4,E01028662,B25,2,2,1.0
2017-4,E01028662,B26,1,1,1.0
2017-4,E01028663,B1,1,1,1.0
2017-4,E01028663,B25,1,1,1.0
2017-4,E01028666,B21,1,1,1.0
2017-4,E01028666,B25,1,1,1.0
2017-4,E01028666,B7,1,1,1.0
2017-4,E01028667,B17,1,1,1.0
2017-4,E01028667,B19,1,1,1.0
2017-4,E01028671,B1,1,1,1.0
2017-4,E01028671,B17,1,1,1.0
2017-4,E01028671,B25,1,1,1.0
2017-4,E01028671,B26,1,1,1.0
2017-4,E01028672,B24,2,2,1.0
2017-4,E01028672,B26,1,1,1.0
2017-4,E01028673,B19,1,1,1.0
2017-4,E01028673,B24,1,1,1.0
2017-4,E01028674,B13,1,1,1.0
2017-4,E01028674,B19,1,1,1.0
2017-4,E01028674,B25,2,2,1.0
2017-4,E01028675,B13,1,1,1.0
2017-4,E01028675,B25,1,1,1.0
2017-4,E01028677,B1,1,1,1.0
2017-4,E01028677,B16,1,1,1.0
2017-4,E01028677,B19,1,1,1.0
2017-4,E01028677,B23,1,1,1.0
2017-4,E01028677,B25,1,1,1.0
2017-4,E01028677,B26,1,1,1.0
2017-4,E01028678,B25,2,2,1.0
2017-4,E01028678,B26,3,3,1.0
2017-4,E01028679,B17,1,1,1.0
2017-4,E01028679,B23,1,1,1.0
2017-4,E01028679,B25,3,2,1.5
2017-4,E01028680,B25,1,1,1.0
2017-4,E01028680,B28,1,1,1.0
2017-4,E01028680,B7,1,1,1.0
2017-4,E01028682,B25,1,1,1.0
2017-4,E01028682,B26,1,1,1.0
2017-4,E01028683,B20,1,1,1.0
2017-4,E01028684,B13,1,1,1.0
2017-4,E01028684,B25,1,1,1.0
2017-4,E01028684,B29,2,2,1.0
2017-4,E01028686,B24,1,1,1.0
2017-4,E01028688,B17,2,1,2.0
2017-4,E01028688,B23,1,1,1.0
2017-4,E01028688,B26,1,1,1.0
2017-4,E01028689,B1,1,1,1.0
2017-4,E01028689,B17,1,1,1.0
2017-4,E01028689,B24,1,1,1.0
2017-4,E01028689,B28,1,1,1.0
2017-4,E01028691,B28,1,1,1.0
2017-4,E01028692,B28,2,1,2.0
2017-4,E01028694,B15,1,1,1.0
2017-4,E01028694,B7,1,1,1.0
2017-4,E01028696,B25,1,1,1.0
2017-4,E01028696,B7,1,1,1.0
2017-4,E01028697,B24,1,1,1.0
2017-4,E01028698,B17,1,1,1.0
2017-4,E01028698,B25,2,1,2.0
2017-4,E01028698,B7,1,1,1.0
2017-4,E01028700,B24,1,1,1.0
2017-4,E01028700,B25,1,1,1.0
2017-4,E01028701,B28,1,1,1.0
2017-4,E01028703,B26,1,1,1.0
2017-4,E01028703,B7,1,1,1.0
2017-4,E01028704,B25,1,1,1.0
2017-4,E01028706,B25,1,1,1.0
2017-4,E01028707,B19,1,1,1.0
2017-4,E01028708,B13,1,1,1.0
2017-4,E01028708,B19,1,1,1.0
2017-4,E01028708,B25,1,1,1.0
2017-4,E01028709,B23,1,1,1.0
2017-4,E01028709,B24,1,1,1.0
2017-4,E01028709,B25,1,1,1.0
2017-4,E01028710,B19,1,1,1.0
2017-4,E01028710,B24,1,1,1.0
2017-4,E01028711,B25,2,2,1.0
2017-4,E01028712,B24,1,1,1.0
2017-4,E01028712,B26,1,1,1.0
2017-4,E01028713,B13,1,1,1.0
2017-4,E01028713,B24,1,1,1.0
2017-4,E01028713,B25,4,3,1.3333333333333333
2017-4,E01028713,B26,1,1,1.0
2017-4,E01028713,B7,2,1,2.0
2017-4,E01028714,B28,2,2,1.0
2017-4,E01028715,B24,1,1,1.0
2017-4,E01028716,B16,1,1,1.0
2017-4,E01028716,B28,2,2,1.0
2017-4,E01028717,B19,3,2,1.5
2017-4,E01028717,B25,1,1,1.0
2017-4,E01028717,B28,1,1,1.0
2017-4,E01028718,B6,1,1,1.0
2017-4,E01028719,B1,1,1,1.0
2017-4,E01028719,B19,1,1,1.0
2017-4,E01028719,B28,1,1,1.0
2017-4,E01028720,B19,1,1,1.0
2017-4,E01028720,B23,1,1,1.0
2017-4,E01028720,B25,6,4,1.5
2017-4,E01028720,B26,1,1,1.0
2017-4,E01028720,B28,1,1,1.0
2017-4,E01028720,B7,2,2,1.0
2017-4,E01028721,B26,1,1,1.0
2017-4,E01028722,B17,1,1,1.0
2017-4,E01028722,B25,2,2,1.0
2017-4,E01028723,B1,1,1,1.0
2017-4,E01028723,B25,2,1,2.0
2017-4,E01028724,B23,1,1,1.0
2017-4,E01028724,B25,1,1,1.0
2017-4,E01028724,B28,1,1,1.0
2017-4,E01028725,B1,1,1,1.0
2017-4,E01028725,B13,1,1,1.0
2017-4,E01028725,B23,1,1,1.0
2017-4,E01028726,B17,1,1,1.0
2017-4,E01028726,B25,4,3,1.3333333333333333
2017-4,E01028727,B13,1,1,1.0
2017-4,E01028727,B16,1,1,1.0
2017-4,E01028727,B24,3,1,3.0
2017-4,E01028727,B25,1,1,1.0
2017-4,E01028727,B26,2,2,1.0
2017-4,E01028727,B28,3,3,1.0
2017-4,E01028729,B24,1,1,1.0
2017-4,E01028730,B16,1,1,1.0
2017-4,E01028730,B25,3,2,1.5
2017-4,E01028731,B13,2,2,1.0
2017-4,E01028732,B13,4,4,1.0
2017-4,E01028732,B17,1,1,1.0
2017-4,E01028732,B25,4,4,1.0
2017-4,E01028733,B13,1,1,1.0
2017-4,E01028734,B19,1,1,1.0
2017-4,E01028734,B24,1,1,1.0
2017-4,E01028734,B25,1,1,1.0
2017-4,E01028735,B17,1,1,1.0
2017-4,E01028735,B24,1,1,1.0
2017-4,E01028735,B25,1,1,1.0
2017-4,E01028735,B26,1,1,1.0
2017-4,E01028735,B7,1,1,1.0
2017-4,E01028736,B19,1,1,1.0
2017-4,E01028736,B7,1,1,1.0
2017-4,E01028737,B16,1,1,1.0
2017-4,E01028737,B19,1,1,1.0
2017-4,E01028738,B28,2,2,1.0
2017-4,E01028739,B13,1,1,1.0
2017-4,E01028739,B17,1,1,1.0
2017-4,E01028739,B25,1,1,1.0
2017-4,E01028739,B7,1,1,1.0
2017-4,E01028740,B19,1,1,1.0
2017-4,E01028741,B13,1,1,1.0
2017-4,E01028741,B25,1,1,1.0
2017-4,E01028742,B19,1,1,1.0
2017-4,E01028742,B25,2,2,1.0
2017-4,E01028742,B28,1,1,1.0
2017-4,E01028743,B25,1,1,1.0
2017-4,E01028744,B23,1,1,1.0
2017-4,E01028744,B28,1,1,1.0
2017-4,E01028745,B25,2,2,1.0
2017-4,E01028745,B7,1,1,1.0
2017-4,E01028746,B24,1,1,1.0
2017-4,E01028746,B25,1,1,1.0
2017-4,E01028747,B24,1,1,1.0
2017-4,E01028748,B25,1,1,1.0
2017-4,E01028749,B24,1,1,1.0
2017-4,E01028749,B25,1,1,1.0
2017-4,E01028750,B16,1,1,1.0
2017-4,E01028750,B25,1,1,1.0
2017-4,E01028751,B26,1,1,1.0
2017-4,E01028752,B23,1,1,1.0
2017-4,E01028752,B26,1,1,1.0
2017-4,E01028753,B16,1,1,1.0
2017-4,E01028753,B25,1,1,1.0
2017-4,E01028755,B24,1,1,1.0
2017-4,E01028756,B19,2,2,1.0
2017-4,E01028756,B23,1,1,1.0
2017-4,E01028756,B25,1,1,1.0
2017-4,E01028756,B7,1,1,1.0
2017-4,E01028757,B7,2,1,2.0
2017-4,E01028759,B16,1,1,1.0
2017-4,E01028759,B26,1,1,1.0
2017-4,E01028760,B25,2,2,1.0
2017-4,E01028760,B28,1,1,1.0
2017-4,E01028761,B17,1,1,1.0
2017-4,E01028761,B24,1,1,1.0
2017-4,E01028762,B13,1,1,1.0
2017-4,E01028762,B17,1,1,1.0
2017-4,E01028762,B24,1,1,1.0
2017-4,E01028762,B25,3,3,1.0
2017-4,E01028762,B26,3,2,1.5
2017-4,E01028763,B17,1,1,1.0
2017-4,E01028763,B24,2,2,1.0
2017-4,E01028763,B25,1,1,1.0
2017-4,E01028763,B26,1,1,1.0
2017-4,E01028764,B19,2,2,1.0
2017-4,E01028764,B24,1,1,1.0
2017-4,E01028764,B25,2,2,1.0
2017-4,E01028765,B19,1,1,1.0
2017-4,E01028765,B25,3,3,1.0
2017-4,E01028766,B17,1,1,1.0
2017-4,E01028766,B25,4,4,1.0
2017-4,E01028767,B13,1,1,1.0
2017-4,E01028767,B25,5,5,1.0
2017-4,E01028771,B24,1,1,1.0
2017-4,E01028772,B17,1,1,1.0
2017-4,E01028774,B28,1,1,1.0
2017-4,E01028775,B25,2,2,1.0
2017-4,E01028776,B25,4,2,2.0
2017-4,E01028776,B26,1,1,1.0
2017-4,E01028776,B7,1,1,1.0
2017-4,E01028777,B26,1,1,1.0
2017-4,E01028778,B25,1,1,1.0
2017-4,E01028779,B17,1,1,1.0
2017-4,E01028779,B24,1,1,1.0
2017-4,E01028779,B25,3,3,1.0
2017-4,E01028779,B29,1,1,1.0
2017-4,E01028780,B13,1,1,1.0
2017-4,E01028780,B16,1,1,1.0
2017-4,E01028780,B25,1,1,1.0
2017-4,E01028780,B26,1,1,1.0
2017-4,E01028782,B28,1,1,1.0
2017-4,E01028783,B17,1,1,1.0
2017-4,E01028783,B24,1,1,1.0
2017-4,E01028783,B25,2,1,2.0
2017-4,E01028784,B25,2,2,1.0
2017-4,E01028784,B28,2,1,2.0
2017-4,E01028785,B24,1,1,1.0
2017-4,E01028785,B25,1,1,1.0
2017-4,E01028786,B28,1,1,1.0
2017-4,E01028787,B25,2,2,1.0
2017-4,E01028787,B26,3,2,1.5
2017-4,E01028787,B28,1,1,1.0
2017-4,E01028788,B25,1,1,1.0
2017-4,E01028789,B19,1,1,1.0
2017-4,E01028789,B25,1,1,1.0
2017-4,E01028790,B13,1,1,1.0
2017-4,E01028790,B19,1,1,1.0
2017-4,E01028790,B25,2,2,1.0
2017-4,E01028790,B28,1,1,1.0
2017-4,E01028791,B19,1,1,1.0
2017-4,E01028791,B24,1,1,1.0
2017-4,E01028792,B25,3,3,1.0
2017-4,E01028792,B7,1,1,1.0
2017-4,E01028793,B17,1,1,1.0
2017-4,E01028793,B26,1,1,1.0
2017-4,E01028794,B26,2,1,2.0
2017-4,E01028795,B13,1,1,1.0
2017-4,E01028795,B25,2,2,1.0
2017-4,E01028796,B25,2,2,1.0
2017-4,E01028796,B7,1,1,1.0
2017-4,E01028797,B24,1,1,1.0
2017-4,E01028797,B25,4,2,2.0
2017-4,E01028798,B25,4,2,2.0
2017-4,E01028798,B28,1,1,1.0
2017-4,E01028799,B19,1,1,1.0
2017-4,E01028799,B24,1,1,1.0
2017-4,E01028799,B25,2,1,2.0
2017-4,E01028800,B25,2,2,1.0
2017-4,E01028801,B19,2,1,2.0
2017-4,E01028801,B25,1,1,1.0
2017-4,E01028801,B26,1,1,1.0
2017-4,E01028801,B3,2,2,1.0
2017-4,E01028802,B17,1,1,1.0
2017-4,E01028802,B20,1,1,1.0
2017-4,E01028804,B25,1,1,1.0
2017-4,E01028806,B17,1,1,1.0
2017-4,E01028807,B17,1,1,1.0
2017-4,E01028808,B16,1,1,1.0
2017-4,E01028808,B17,1,1,1.0
2017-4,E01028808,B25,1,1,1.0
2017-4,E01028809,B19,1,1,1.0
2017-4,E01028809,B28,1,1,1.0
2017-4,E01028810,B25,2,1,2.0
2017-4,E01028810,B26,1,1,1.0
2017-4,E01028811,B15,1,1,1.0
2017-4,E01028811,B25,2,2,1.0
2017-4,E01028811,B26,1,1,1.0
2017-4,E01028813,B19,1,1,1.0
2017-4,E01028814,B19,1,1,1.0
2017-4,E01028816,B13,1,1,1.0
2017-4,E01028816,B7,1,1,1.0
2017-4,E01028817,B16,2,1,2.0
2017-4,E01028817,B17,1,1,1.0
2017-4,E01028817,B19,2,1,2.0
2017-4,E01028818,B19,3,3,1.0
2017-4,E01028818,B25,1,1,1.0
2017-4,E01028818,B28,1,1,1.0
2017-4,E01028819,B17,1,1,1.0
2017-4,E01028819,B25,1,1,1.0
2017-4,E01028819,B28,1,1,1.0
2017-4,E01028820,B25,1,1,1.0
2017-4,E01028822,B1,1,1,1.0
2017-4,E01028822,B25,1,1,1.0
2017-4,E01028823,B6,1,1,1.0
2017-4,E01028824,B25,1,1,1.0
2017-4,E01028824,B6,1,1,1.0
2017-4,E01028824,B7,1,1,1.0
2017-4,E01028825,B25,1,1,1.0
2017-4,E01028826,B19,1,1,1.0
2017-4,E01028828,B25,1,1,1.0
2017-4,E01028842,B23,1,1,1.0
2017-4,E01028847,B25,1,1,1.0
2017-4,E01028847,B26,1,1,1.0
2017-4,E01028855,B26,1,1,1.0
2017-4,E01028857,B26,1,1,1.0
2017-4,E01028879,B25,1,1,1.0
2017-4,E01028893,B25,1,1,1.0
2017-4,E01028906,B28,4,1,4.0
2017-4,E01028919,B16,1,1,1.0
2017-4,E01028931,B26,1,1,1.0
2017-4,E01028933,B1,1,1,1.0
2017-4,E01028936,B24,1,1,1.0
2017-4,E01028939,B1,1,1,1.0
2017-4,E01028944,B1,1,1,1.0
2017-4,E01028971,B18,1,1,1.0
2017-4,E01028977,B13,1,1,1.0
2017-4,E01028979,B25,1,1,1.0
2017-4,E01028980,B26,1,1,1.0
2017-4,E01028993,B26,1,1,1.0
2017-4,E01029002,B26,1,1,1.0
2017-4,E01029020,B13,1,1,1.0
2017-4,E01029020,B26,2,1,2.0
2017-4,E01029021,B13,1,1,1.0
2017-4,E01029022,B26,1,1,1.0
2017-4,E01029023,B26,1,1,1.0
2017-4,E01029029,B16,1,1,1.0
2017-4,E01029036,B18,1,1,1.0
2017-4,E01029038,B26,1,1,1.0
2017-4,E01029041,B19,1,1,1.0
2017-4,E01029046,B14,1,1,1.0
2017-4,E01029051,B15,1,1,1.0
2017-4,E01029052,B16,1,1,1.0
2017-4,E01029053,B26,1,1,1.0
2017-4,E01029054,B13,1,1,1.0
2017-4,E01029056,B25,1,1,1.0
2017-4,E01029056,B26,4,1,4.0
2017-4,E01029058,B24,1,1,1.0
2017-4,E01029059,B13,1,1,1.0
2017-4,E01029064,B25,1,1,1.0
2017-4,E01029066,B13,2,1,2.0
2017-4,E01029071,B26,1,1,1.0
2017-4,E01029099,B18,1,1,1.0
2017-4,E01029100,B19,1,1,1.0
2017-4,E01029106,B26,1,1,1.0
2017-4,E01029110,B16,1,1,1.0
2017-4,E01029113,B28,1,1,1.0
2017-4,E01029114,B13,1,1,1.0
2017-4,E01029124,B13,1,1,1.0
2017-4,E01029124,B25,1,1,1.0
2017-4,E01029125,B26,1,1,1.0
2017-4,E01029127,B25,1,1,1.0
2017-4,E01029131,B28,1,1,1.0
2017-4,E01029160,B19,1,1,1.0
2017-4,E01029161,B19,1,1,1.0
2017-4,E01029161,B26,1,1,1.0
2017-4,E01029166,B26,1,1,1.0
2017-4,E01029177,B15,1,1,1.0
2017-4,E01029177,B25,2,2,1.0
2017-4,E01029179,B25,1,1,1.0
2017-4,E01029183,B1,1,1,1.0
2017-4,E01029205,B1,2,1,2.0
2017-4,E01029206,B13,1,1,1.0
2017-4,E01029211,B25,1,1,1.0
2017-4,E01029215,B25,1,1,1.0
2017-4,E01029224,B24,1,1,1.0
2017-4,E01029224,B26,3,1,3.0
2017-4,E01029224,B4,1,1,1.0
2017-4,E01029228,B13,1,1,1.0
2017-4,E01029229,B26,1,1,1.0
2017-4,E01029231,B26,1,1,1.0
2017-4,E01029232,B26,1,1,1.0
2017-4,E01029238,B19,1,1,1.0
2017-4,E01029241,B13,1,1,1.0
2017-4,E01029254,B16,1,1,1.0
2017-4,E01029256,B25,1,1,1.0
2017-4,E01029262,B13,1,1,1.0
2017-4,E01029264,B18,1,1,1.0
2017-4,E01029269,B25,1,1,1.0
2017-4,E01029308,B26,1,1,1.0
2017-4,E01029317,B13,1,1,1.0
2017-4,E01029319,B16,1,1,1.0
2017-4,E01029319,B26,1,1,1.0
2017-4,E01029320,B13,1,1,1.0
2017-4,E01029329,B27,1,1,1.0
2017-4,E01029333,B15,1,1,1.0
2017-4,E01029341,B18,1,1,1.0
2017-4,E01029356,B18,1,1,1.0
2017-4,E01029364,B6,1,1,1.0
2017-4,E01029370,B16,1,1,1.0
2017-4,E01029370,B18,2,1,2.0
2017-4,E01029377,B26,1,1,1.0
2017-4,E01029378,B18,1,1,1.0
2017-4,E01029397,B25,1,1,1.0
2017-4,E01029413,B17,1,1,1.0
2017-4,E01029413,B26,1,1,1.0
2017-4,E01029426,B26,1,1,1.0
2017-4,E01029442,B25,1,1,1.0
2017-4,E01029481,B18,1,1,1.0
2017-4,E01029481,B25,1,1,1.0
2017-4,E01029497,B25,1,1,1.0
2017-4,E01029505,B25,2,2,1.0
2017-4,E01029505,B26,1,1,1.0
2017-4,E01029514,B25,1,1,1.0
2017-4,E01029517,B26,1,1,1.0
2017-4,E01029518,B14,1,1,1.0
2017-4,E01029523,B26,1,1,1.0
2017-4,E01029535,B28,1,1,1.0
2017-4,E01029548,B15,1,1,1.0
2017-4,E01029552,B26,1,1,1.0
2017-4,E01029559,B26,1,1,1.0
2017-4,E01029561,B25,1,1,1.0
2017-4,E01029576,B19,1,1,1.0
2017-4,E01029602,B26,1,1,1.0
2017-4,E01029604,B26,1,1,1.0
2017-4,E01029621,B1,1,1,1.0
2017-4,E01029621,B13,1,1,1.0
2017-4,E01029621,B26,2,1,2.0
2017-4,E01029631,B18,1,1,1.0
2017-4,E01029647,B13,1,1,1.0
2017-4,E01029656,B26,1,1,1.0
2017-4,E01029667,B26,1,1,1.0
2017-4,E01029715,B26,1,1,1.0
2017-4,E01029725,B25,1,1,1.0
2017-4,E01029736,B18,1,1,1.0
2017-4,E01029796,B13,1,1,1.0
2017-4,E01029856,B26,1,1,1.0
2017-4,E01029858,B13,1,1,1.0
2017-4,E01029858,B16,2,1,2.0
2017-4,E01029858,B17,1,1,1.0
2017-4,E01029878,B13,1,1,1.0
2017-4,E01029878,B26,1,1,1.0
2017-4,E01029879,B26,1,1,1.0
2017-4,E01029880,B25,1,1,1.0
2017-4,E01029883,B13,1,1,1.0
2017-4,E01029885,B25,1,1,1.0
2017-4,E01029901,B25,2,2,1.0
2017-4,E01029906,B13,1,1,1.0
2017-4,E01029907,B25,1,1,1.0
2017-4,E01029928,B13,1,1,1.0
2017-4,E01029938,B16,1,1,1.0
2017-4,E01029945,B25,1,1,1.0
2017-4,E01029955,B18,1,1,1.0
2017-4,E01029980,B16,1,1,1.0
2017-4,E01029983,B25,1,1,1.0
2017-4,E01029984,B16,1,1,1.0
2017-4,E01029985,B24,2,1,2.0
2017-4,E01029985,B28,1,1,1.0
2017-4,E01029986,B14,1,1,1.0
2017-4,E01029986,B26,1,1,1.0
2017-4,E01029988,B24,4,2,2.0
2017-4,E01029988,B26,1,1,1.0
2017-4,E01029988,B28,12,1,12.0
2017-4,E01029988,B6,1,1,1.0
2017-4,E01029992,B19,1,1,1.0
2017-4,E01029996,B25,1,1,1.0
2017-4,E01029999,B15,1,1,1.0
2017-4,E01029999,B27,1,1,1.0
2017-4,E01030001,B15,1,1,1.0
2017-4,E01030003,B26,1,1,1.0
2017-4,E01030005,B26,1,1,1.0
2017-4,E01030015,B25,1,1,1.0
2017-4,E01030018,B17,1,1,1.0
2017-4,E01030022,B26,1,1,1.0
2017-4,E01030023,B18,1,1,1.0
2017-4,E01030023,B24,1,1,1.0
2017-4,E01030029,B25,1,1,1.0
2017-4,E01030029,B26,1,1,1.0
2017-4,E01030036,B26,1,1,1.0
2017-4,E01030040,B25,1,1,1.0
2017-4,E01030053,B16,1,1,1.0
2017-4,E01030078,B1,1,1,1.0
2017-4,E01030094,B25,1,1,1.0
2017-4,E01030097,B25,2,1,2.0
2017-4,E01030109,B25,1,1,1.0
2017-4,E01030116,B25,4,1,4.0
2017-4,E01030120,B25,1,1,1.0
2017-4,E01030133,B25,1,1,1.0
2017-4,E01030146,B25,1,1,1.0
2017-4,E01030149,B13,1,1,1.0
2017-4,E01030166,B19,1,1,1.0
2017-4,E01030167,B25,1,1,1.0
2017-4,E01030174,B24,1,1,1.0
2017-4,E01030175,B25,1,1,1.0
2017-4,E01030201,B16,1,1,1.0
2017-4,E01030209,B25,2,2,1.0
2017-4,E01030219,B17,1,1,1.0
2017-4,E01030221,B26,1,1,1.0
2017-4,E01030236,B17,1,1,1.0
2017-4,E01030244,B25,1,1,1.0
2017-4,E01030256,B19,1,1,1.0
2017-4,E01030257,B25,1,1,1.0
2017-4,E01030261,B1,1,1,1.0
2017-4,E01030261,B16,1,1,1.0
2017-4,E01030262,B13,1,1,1.0
2017-4,E01030263,B19,1,1,1.0
2017-4,E01030276,B19,1,1,1.0
2017-4,E01030285,B13,1,1,1.0
2017-4,E01030285,B28,1,1,1.0
2017-4,E01030288,B19,1,1,1.0
2017-4,E01030289,B19,1,1,1.0
2017-4,E01030289,B26,1,1,1.0
2017-4,E01030290,B19,4,1,4.0
2017-4,E01030297,B25,1,1,1.0
2017-4,E01030306,B13,1,1,1.0
2017-4,E01030309,B28,1,1,1.0
2017-4,E01030318,B16,1,1,1.0
2017-4,E01030320,B16,1,1,1.0
2017-4,E01030347,B16,1,1,1.0
2017-4,E01030347,B25,1,1,1.0
2017-4,E01030347,B26,1,1,1.0
2017-4,E01030351,B19,1,1,1.0
2017-4,E01030370,B26,1,1,1.0
2017-4,E01030380,B26,1,1,1.0
2017-4,E01030392,B26,1,1,1.0
2017-4,E01030394,B25,2,1,2.0
2017-4,E01030405,B26,1,1,1.0
2017-4,E01030407,B13,1,1,1.0
2017-4,E01030411,B18,1,1,1.0
2017-4,E01030419,B4,1,1,1.0
2017-4,E01030420,B24,1,1,1.0
2017-4,E01030422,B26,1,1,1.0
2017-4,E01030426,B14,1,1,1.0
2017-4,E01030426,B26,1,1,1.0
2017-4,E01030426,B28,1,1,1.0
2017-4,E01030429,B28,1,1,1.0
2017-4,E01030430,B24,1,1,1.0
2017-4,E01030430,B28,1,1,1.0
2017-4,E01030431,B24,1,1,1.0
2017-4,E01030432,B25,1,1,1.0
2017-4,E01030434,B25,2,1,2.0
2017-4,E01030440,B13,1,1,1.0
2017-4,E01030447,B25,1,1,1.0
2017-4,E01030448,B24,1,1,1.0
2017-4,E01030448,B25,1,1,1.0
2017-4,E01030449,B28,1,1,1.0
2017-4,E01030450,B24,1,1,1.0
2017-4,E01030451,B19,1,1,1.0
2017-4,E01030453,B19,1,1,1.0
2017-4,E01030458,B19,1,1,1.0
2017-4,E01030458,B25,2,2,1.0
2017-4,E01030458,B26,2,2,1.0
2017-4,E01030459,B25,1,1,1.0
2017-4,E01030465,B26,1,1,1.0
2017-4,E01030471,B1,1,1,1.0
2017-4,E01030472,B23,1,1,1.0
2017-4,E01030472,B25,3,1,3.0
2017-4,E01030474,B13,1,1,1.0
2017-4,E01030478,B25,1,1,1.0
2017-4,E01030480,B25,1,1,1.0
2017-4,E01030486,B16,1,1,1.0
2017-4,E01030487,B16,1,1,1.0
2017-4,E01030495,B13,1,1,1.0
2017-4,E01030500,B23,1,1,1.0
2017-4,E01030503,B26,1,1,1.0
2017-4,E01030507,B16,1,1,1.0
2017-4,E01030516,B25,1,1,1.0
2017-4,E01030517,B17,1,1,1.0
2017-4,E01030518,B19,1,1,1.0
2017-4,E01030518,B25,1,1,1.0
2017-4,E01030520,B1,1,1,1.0
2017-4,E01030522,B23,1,1,1.0
2017-4,E01030523,B26,1,1,1.0
2017-4,E01030540,B26,1,1,1.0
2017-4,E01030541,B16,1,1,1.0
2017-4,E01030542,B19,1,1,1.0
2017-4,E01030543,B16,1,1,1.0
2017-4,E01030548,B25,1,1,1.0
2017-4,E01030549,B25,1,1,1.0
2017-4,E01030557,B25,1,1,1.0
2017-4,E01030561,B1,1,1,1.0
2017-4,E01030561,B19,1,1,1.0
2017-4,E01030562,B24,1,1,1.0
2017-4,E01030563,B25,1,1,1.0
2017-4,E01030565,B26,1,1,1.0
2017-4,E01030568,B24,1,1,1.0
2017-4,E01030575,B13,1,1,1.0
2017-4,E01030575,B19,1,1,1.0
2017-4,E01030579,B25,1,1,1.0
2017-4,E01030580,B19,1,1,1.0
2017-4,E01030587,B25,1,1,1.0
2017-4,E01030594,B19,1,1,1.0
2017-4,E01030598,B16,1,1,1.0
2017-4,E01030606,B26,1,1,1.0
2017-4,E01030610,B13,1,1,1.0
2017-4,E01030613,B14,1,1,1.0
2017-4,E01030615,B19,1,1,1.0
2017-4,E01030615,B25,1,1,1.0
2017-4,E01030628,B26,1,1,1.0
2017-4,E01030637,B19,1,1,1.0
2017-4,E01030644,B25,1,1,1.0
2017-4,E01030645,B19,1,1,1.0
2017-4,E01030646,B13,1,1,1.0
2017-4,E01030646,B18,1,1,1.0
2017-4,E01030646,B25,1,1,1.0
2017-4,E01030649,B26,1,1,1.0
2017-4,E01030650,B24,1,1,1.0
2017-4,E01030651,B26,1,1,1.0
2017-4,E01030652,B13,3,1,3.0
2017-4,E01030652,B28,2,2,1.0
2017-4,E01030657,B24,1,1,1.0
2017-4,E01030664,B26,1,1,1.0
2017-4,E01030666,B19,1,1,1.0
2017-4,E01030667,B19,1,1,1.0
2017-4,E01030668,B19,1,1,1.0
2017-4,E01030669,B25,1,1,1.0
2017-4,E01030676,B1,1,1,1.0
2017-4,E01030678,B26,1,1,1.0
2017-4,E01030682,B25,1,1,1.0
2017-4,E01030682,B26,1,1,1.0
2017-4,E01030682,B28,1,1,1.0
2017-4,E01030685,B25,1,1,1.0
2017-4,E01030688,B18,1,1,1.0
2017-4,E01030688,B19,1,1,1.0
2017-4,E01030696,B13,1,1,1.0
2017-4,E01030696,B16,1,1,1.0
2017-4,E01030696,B19,1,1,1.0
2017-4,E01030698,B13,1,1,1.0
2017-4,E01030699,B13,1,1,1.0
2017-4,E01030699,B25,1,1,1.0
2017-4,E01030705,B25,3,3,1.0
2017-4,E01030709,B1,1,1,1.0
2017-4,E01030712,B25,2,2,1.0
2017-4,E01030713,B25,1,1,1.0
2017-4,E01030717,B1,1,1,1.0
2017-4,E01030721,B16,1,1,1.0
2017-4,E01030721,B25,1,1,1.0
2017-4,E01030724,B1,1,1,1.0
2017-4,E01030724,B16,1,1,1.0
2017-4,E01030726,B24,1,1,1.0
2017-4,E01030730,B13,2,1,2.0
2017-4,E01030730,B24,1,1,1.0
2017-4,E01030732,B28,1,1,1.0
2017-4,E01030733,B25,1,1,1.0
2017-4,E01030734,B19,1,1,1.0
2017-4,E01030736,B16,2,2,1.0
2017-4,E01030736,B19,1,1,1.0
2017-4,E01030738,B13,1,1,1.0
2017-4,E01030741,B13,1,1,1.0
2017-4,E01030741,B25,1,1,1.0
2017-4,E01030742,B25,1,1,1.0
2017-4,E01030749,B19,1,1,1.0
2017-4,E01030751,B16,1,1,1.0
2017-4,E01030752,B1,1,1,1.0
2017-4,E01030755,B28,1,1,1.0
2017-4,E01030758,B18,1,1,1.0
2017-4,E01030758,B25,1,1,1.0
2017-4,E01030761,B16,1,1,1.0
2017-4,E01030762,B19,1,1,1.0
2017-4,E01030762,B23,1,1,1.0
2017-4,E01030763,B26,1,1,1.0
2017-4,E01030770,B15,1,1,1.0
2017-4,E01030770,B28,1,1,1.0
2017-4,E01030772,B28,1,1,1.0
2017-4,E01030776,B25,1,1,1.0
2017-4,E01030781,B14,1,1,1.0
2017-4,E01030781,B26,1,1,1.0
2017-4,E01030783,B25,1,1,1.0
2017-4,E01030784,B1,1,1,1.0
2017-4,E01030785,B14,1,1,1.0
2017-4,E01030791,B18,1,1,1.0
2017-4,E01030796,B16,1,1,1.0
2017-4,E01030796,B26,1,1,1.0
2017-4,E01030796,B28,2,1,2.0
2017-4,E01030801,B1,1,1,1.0
2017-4,E01030802,B18,1,1,1.0
2017-4,E01030804,B19,1,1,1.0
2017-4,E01030805,B25,2,1,2.0
2017-4,E01030806,B25,1,1,1.0
2017-4,E01030807,B19,1,1,1.0
2017-4,E01030808,B26,1,1,1.0
2017-4,E01030819,B25,1,1,1.0
2017-4,E01030820,B25,1,1,1.0
2017-4,E01030821,B19,1,1,1.0
2017-4,E01030824,B1,1,1,1.0
2017-4,E01030824,B16,1,1,1.0
2017-4,E01030829,B13,1,1,1.0
2017-4,E01030837,B26,1,1,1.0
2017-4,E01030840,B26,1,1,1.0
2017-4,E01030846,B6,1,1,1.0
2017-4,E01030847,B13,1,1,1.0
2017-4,E01030852,B1,1,1,1.0
2017-4,E01030852,B26,1,1,1.0
2017-4,E01030854,B26,1,1,1.0
2017-4,E01030857,B16,1,1,1.0
2017-4,E01030863,B25,2,2,1.0
2017-4,E01030864,B13,2,1,2.0
2017-4,E01030865,B25,1,1,1.0
2017-4,E01030867,B25,1,1,1.0
2017-4,E01030878,B25,1,1,1.0
2017-4,E01030883,B25,1,1,1.0
2017-4,E01030884,B16,1,1,1.0
2017-4,E01030885,B13,1,1,1.0
2017-4,E01030886,B26,1,1,1.0
2017-4,E01030892,B23,1,1,1.0
2017-4,E01030894,B25,1,1,1.0
2017-4,E01030899,B25,2,1,2.0
2017-4,E01030900,B25,1,1,1.0
2017-4,E01030907,B26,1,1,1.0
2017-4,E01030908,B19,2,1,2.0
2017-4,E01030908,B26,1,1,1.0
2017-4,E01030916,B14,1,1,1.0
2017-4,E01030916,B24,2,2,1.0
2017-4,E01030924,B13,1,1,1.0
2017-4,E01030926,B1,1,1,1.0
2017-4,E01030928,B26,1,1,1.0
2017-4,E01030944,B24,1,1,1.0
2017-4,E01030944,B26,3,1,3.0
2017-4,E01030947,B19,1,1,1.0
2017-4,E01030949,B16,1,1,1.0
2017-4,E01030950,B26,1,1,1.0
2017-4,E01030953,B25,1,1,1.0
2017-4,E01030957,B25,1,1,1.0
2017-4,E01030968,B1,1,1,1.0
2017-4,E01030970,B25,1,1,1.0
2017-4,E01030975,B13,1,1,1.0
2017-4,E01030977,B13,1,1,1.0
2017-4,E01030982,B26,1,1,1.0
2017-4,E01030986,B13,1,1,1.0
2017-4,E01030987,B26,1,1,1.0
2017-4,E01030992,B25,1,1,1.0
2017-4,E01030993,B19,1,1,1.0
2017-4,E01030993,B28,1,1,1.0
2017-4,E01030996,B26,1,1,1.0
2017-4,E01031000,B26,2,1,2.0
2017-4,E01031003,B19,1,1,1.0
2017-4,E01031004,B24,1,1,1.0
2017-4,E01031011,B16,1,1,1.0
2017-4,E01031015,B23,2,2,1.0
2017-4,E01031018,B17,1,1,1.0
2017-4,E01031021,B24,2,2,1.0
2017-4,E01031021,B28,1,1,1.0
2017-4,E01031022,B27,1,1,1.0
2017-4,E01031023,B25,1,1,1.0
2017-4,E01031024,B26,2,1,2.0
2017-4,E01031027,B16,1,1,1.0
2017-4,E01031027,B17,2,2,1.0
2017-4,E01031028,B25,1,1,1.0
2017-4,E01031028,B26,1,1,1.0
2017-4,E01031030,B23,1,1,1.0
2017-4,E01031030,B24,1,1,1.0
2017-4,E01031031,B23,1,1,1.0
2017-4,E01031031,B26,1,1,1.0
2017-4,E01031032,B26,1,1,1.0
2017-4,E01031035,B23,1,1,1.0
2017-4,E01031036,B23,1,1,1.0
2017-4,E01031036,B26,1,1,1.0
2017-4,E01031040,B12,1,1,1.0
2017-4,E01031040,B16,1,1,1.0
2017-4,E01031040,B6,1,1,1.0
2017-4,E01031041,B26,1,1,1.0
2017-4,E01031042,B24,1,1,1.0
2017-4,E01031043,B16,2,2,1.0
2017-4,E01031043,B23,1,1,1.0
2017-4,E01031043,B26,1,1,1.0
2017-4,E01031045,B24,1,1,1.0
2017-4,E01031049,B23,1,1,1.0
2017-4,E01031050,B16,1,1,1.0
2017-4,E01031055,B17,1,1,1.0
2017-4,E01031055,B23,1,1,1.0
2017-4,E01031055,B24,1,1,1.0
2017-4,E01031058,B26,1,1,1.0
2017-4,E01031060,B23,1,1,1.0
2017-4,E01031061,B17,1,1,1.0
2017-4,E01031061,B26,1,1,1.0
2017-4,E01031064,B16,1,1,1.0
2017-4,E01031065,B18,1,1,1.0
2017-4,E01031073,B24,1,1,1.0
2017-4,E01031078,B18,1,1,1.0
2017-4,E01031080,B16,1,1,1.0
2017-4,E01031081,B16,1,1,1.0
2017-4,E01031082,B17,1,1,1.0
2017-4,E01031082,B26,1,1,1.0
2017-4,E01031083,B7,1,1,1.0
2017-4,E01031084,B23,1,1,1.0
2017-4,E01031086,B16,1,1,1.0
2017-4,E01031088,B23,1,1,1.0
2017-4,E01031090,B23,1,1,1.0
2017-4,E01031094,B24,1,1,1.0
2017-4,E01031097,B25,1,1,1.0
2017-4,E01031099,B26,1,1,1.0
2017-4,E01031102,B17,1,1,1.0
2017-4,E01031102,B23,1,1,1.0
2017-4,E01031103,B26,1,1,1.0
2017-4,E01031105,B14,1,1,1.0
2017-4,E01031105,B17,1,1,1.0
2017-4,E01031110,B16,1,1,1.0
2017-4,E01031111,B7,1,1,1.0
2017-4,E01031112,B16,1,1,1.0
2017-4,E01031112,B24,1,1,1.0
2017-4,E01031113,B15,1,1,1.0
2017-4,E01031114,B17,2,1,2.0
2017-4,E01031114,B23,1,1,1.0
2017-4,E01031115,B17,1,1,1.0
2017-4,E01031117,B23,1,1,1.0
2017-4,E01031120,B16,2,1,2.0
2017-4,E01031121,B23,3,1,3.0
2017-4,E01031121,B24,1,1,1.0
2017-4,E01031127,B7,1,1,1.0
2017-4,E01031130,B24,1,1,1.0
2017-4,E01031131,B26,1,1,1.0
2017-4,E01031133,B12,1,1,1.0
2017-4,E01031136,B23,2,1,2.0
2017-4,E01031139,B24,1,1,1.0
2017-4,E01031139,B26,1,1,1.0
2017-4,E01031140,B23,1,1,1.0
2017-4,E01031141,B23,1,1,1.0
2017-4,E01031142,B24,1,1,1.0
2017-4,E01031145,B24,1,1,1.0
2017-4,E01031149,B25,1,1,1.0
2017-4,E01031151,B24,1,1,1.0
2017-4,E01031151,B26,1,1,1.0
2017-4,E01031152,B17,1,1,1.0
2017-4,E01031153,B25,1,1,1.0
2017-4,E01031154,B1,1,1,1.0
2017-4,E01031155,B25,1,1,1.0
2017-4,E01031157,B7,1,1,1.0
2017-4,E01031158,B16,1,1,1.0
2017-4,E01031159,B23,1,1,1.0
2017-4,E01031159,B24,2,2,1.0
2017-4,E01031159,B25,1,1,1.0
2017-4,E01031159,B26,2,2,1.0
2017-4,E01031160,B24,1,1,1.0
2017-4,E01031164,B23,1,1,1.0
2017-4,E01031165,B7,1,1,1.0
2017-4,E01031166,B12,1,1,1.0
2017-4,E01031166,B23,2,1,2.0
2017-4,E01031167,B18,1,1,1.0
2017-4,E01031167,B24,1,1,1.0
2017-4,E01031169,B24,2,1,2.0
2017-4,E01031169,B26,1,1,1.0
2017-4,E01031169,B7,1,1,1.0
2017-4,E01031170,B6,1,1,1.0
2017-4,E01031173,B7,1,1,1.0
2017-4,E01031174,B16,1,1,1.0
2017-4,E01031180,B16,1,1,1.0
2017-4,E01031182,B12,1,1,1.0
2017-4,E01031182,B25,2,1,2.0
2017-4,E01031182,B26,1,1,1.0
2017-4,E01031185,B18,1,1,1.0
2017-4,E01031187,B25,1,1,1.0
2017-4,E01031188,B16,1,1,1.0
2017-4,E01031189,B24,1,1,1.0
2017-4,E01031190,B16,1,1,1.0
2017-4,E01031193,B23,2,2,1.0
2017-4,E01031193,B7,2,1,2.0
2017-4,E01031194,B23,1,1,1.0
2017-4,E01031194,B24,1,1,1.0
2017-4,E01031194,B7,1,1,1.0
2017-4,E01031195,B23,1,1,1.0
2017-4,E01031195,B25,1,1,1.0
2017-4,E01031196,B7,1,1,1.0
2017-4,E01031197,B23,2,2,1.0
2017-4,E01031197,B24,1,1,1.0
2017-4,E01031198,B16,1,1,1.0
2017-4,E01031198,B24,1,1,1.0
2017-4,E01031199,B23,1,1,1.0
2017-4,E01031200,B23,1,1,1.0
2017-4,E01031202,B16,1,1,1.0
2017-4,E01031203,B23,1,1,1.0
2017-4,E01031204,B23,1,1,1.0
2017-4,E01031204,B26,1,1,1.0
2017-4,E01031205,B23,1,1,1.0
2017-4,E01031205,B24,1,1,1.0
2017-4,E01031205,B28,1,1,1.0
2017-4,E01031206,B24,1,1,1.0
2017-4,E01031209,B16,1,1,1.0
2017-4,E01031209,B24,1,1,1.0
2017-4,E01031209,B25,1,1,1.0
2017-4,E01031209,B7,1,1,1.0
2017-4,E01031210,B7,1,1,1.0
2017-4,E01031212,B23,2,1,2.0
2017-4,E01031213,B17,1,1,1.0
2017-4,E01031213,B25,2,2,1.0
2017-4,E01031213,B26,1,1,1.0
2017-4,E01031215,B16,1,1,1.0
2017-4,E01031217,B23,2,2,1.0
2017-4,E01031219,B23,1,1,1.0
2017-4,E01031221,B23,1,1,1.0
2017-4,E01031222,B23,1,1,1.0
2017-4,E01031224,B23,2,2,1.0
2017-4,E01031224,B7,1,1,1.0
2017-4,E01031225,B7,1,1,1.0
2017-4,E01031227,B25,1,1,1.0
2017-4,E01031228,B23,1,1,1.0
2017-4,E01031230,B18,1,1,1.0
2017-4,E01031230,B23,1,1,1.0
2017-4,E01031231,B24,1,1,1.0
2017-4,E01031232,B23,1,1,1.0
2017-4,E01031232,B25,1,1,1.0
2017-4,E01031234,B16,1,1,1.0
2017-4,E01031235,B26,2,1,2.0
2017-4,E01031238,B24,1,1,1.0
2017-4,E01031244,B23,2,2,1.0
2017-4,E01031244,B26,1,1,1.0
2017-4,E01031246,B25,1,1,1.0
2017-4,E01031246,B26,1,1,1.0
2017-4,E01031247,B23,3,3,1.0
2017-4,E01031247,B7,1,1,1.0
2017-4,E01031248,B23,1,1,1.0
2017-4,E01031249,B17,1,1,1.0
2017-4,E01031252,B23,1,1,1.0
2017-4,E01031255,B24,1,1,1.0
2017-4,E01031256,B25,1,1,1.0
2017-4,E01031256,B3,2,1,2.0
2017-4,E01031257,B1,1,1,1.0
2017-4,E01031257,B25,1,1,1.0
2017-4,E01031259,B23,1,1,1.0
2017-4,E01031260,B16,1,1,1.0
2017-4,E01031260,B24,1,1,1.0
2017-4,E01031265,B24,1,1,1.0
2017-4,E01031265,B25,1,1,1.0
2017-4,E01031266,B17,1,1,1.0
2017-4,E01031266,B23,1,1,1.0
2017-4,E01031267,B24,1,1,1.0
2017-4,E01031269,B23,1,1,1.0
2017-4,E01031271,B1,1,1,1.0
2017-4,E01031271,B25,1,1,1.0
2017-4,E01031273,B16,1,1,1.0
2017-4,E01031274,B16,1,1,1.0
2017-4,E01031274,B24,1,1,1.0
2017-4,E01031274,B6,1,1,1.0
2017-4,E01031278,B16,1,1,1.0
2017-4,E01031278,B24,1,1,1.0
2017-4,E01031282,B23,2,2,1.0
2017-4,E01031283,B23,1,1,1.0
2017-4,E01031283,B24,1,1,1.0
2017-4,E01031283,B7,1,1,1.0
2017-4,E01031284,B24,1,1,1.0
2017-4,E01031284,B7,1,1,1.0
2017-4,E01031285,B25,1,1,1.0
2017-4,E01031287,B16,1,1,1.0
2017-4,E01031288,B25,1,1,1.0
2017-4,E01031291,B18,1,1,1.0
2017-4,E01031291,B24,1,1,1.0
2017-4,E01031291,B25,1,1,1.0
2017-4,E01031293,B7,1,1,1.0
2017-4,E01031297,B1,1,1,1.0
2017-4,E01031297,B23,1,1,1.0
2017-4,E01031298,B25,1,1,1.0
2017-4,E01031299,B16,1,1,1.0
2017-4,E01031299,B23,1,1,1.0
2017-4,E01031300,B12,1,1,1.0
2017-4,E01031300,B16,1,1,1.0
2017-4,E01031300,B24,1,1,1.0
2017-4,E01031300,B26,1,1,1.0
2017-4,E01031300,B7,1,1,1.0
2017-4,E01031301,B26,1,1,1.0
2017-4,E01031303,B16,1,1,1.0
2017-4,E01031304,B16,1,1,1.0
2017-4,E01031304,B23,1,1,1.0
2017-4,E01031306,B25,1,1,1.0
2017-4,E01031308,B15,1,1,1.0
2017-4,E01031308,B23,1,1,1.0
2017-4,E01031308,B24,1,1,1.0
2017-4,E01031308,B26,1,1,1.0
2017-4,E01031310,B18,1,1,1.0
2017-4,E01031310,B25,1,1,1.0
2017-4,E01031311,B25,1,1,1.0
2017-4,E01031312,B16,1,1,1.0
2017-4,E01031312,B23,1,1,1.0
2017-4,E01031312,B25,1,1,1.0
2017-4,E01031314,B18,1,1,1.0
2017-4,E01031318,B16,1,1,1.0
2017-4,E01031318,B25,2,1,2.0
2017-4,E01031319,B18,2,2,1.0
2017-4,E01031322,B25,1,1,1.0
2017-4,E01031322,B28,1,1,1.0
2017-4,E01031323,B18,6,1,6.0
2017-4,E01031323,B26,1,1,1.0
2017-4,E01031324,B16,3,3,1.0
2017-4,E01031324,B25,1,1,1.0
2017-4,E01031324,B26,1,1,1.0
2017-4,E01031333,B16,1,1,1.0
2017-4,E01031334,B16,1,1,1.0
2017-4,E01031334,B23,1,1,1.0
2017-4,E01031336,B16,1,1,1.0
2017-4,E01031336,B18,1,1,1.0
2017-4,E01031337,B7,1,1,1.0
2017-4,E01031353,B26,1,1,1.0
2017-4,E01031358,B16,1,1,1.0
2017-4,E01031358,B25,1,1,1.0
2017-4,E01031359,B25,1,1,1.0
2017-4,E01031381,B25,1,1,1.0
2017-4,E01031392,B25,1,1,1.0
2017-4,E01031402,B18,1,1,1.0
2017-4,E01031406,B19,1,1,1.0
2017-4,E01031406,B26,1,1,1.0
2017-4,E01031412,B27,1,1,1.0
2017-4,E01031414,B17,1,1,1.0
2017-4,E01031426,B13,1,1,1.0
2017-4,E01031429,B26,1,1,1.0
2017-4,E01031436,B16,1,1,1.0
2017-4,E01031438,B18,1,1,1.0
2017-4,E01031444,B17,1,1,1.0
2017-4,E01031447,B19,1,1,1.0
2017-4,E01031448,B1,1,1,1.0
2017-4,E01031448,B17,1,1,1.0
2017-4,E01031448,B18,1,1,1.0
2017-4,E01031448,B19,1,1,1.0
2017-4,E01031448,B27,1,1,1.0
2017-4,E01031460,B18,1,1,1.0
2017-4,E01031461,B28,1,1,1.0
2017-4,E01031462,B18,1,1,1.0
2017-4,E01031466,B18,1,1,1.0
2017-4,E01031467,B24,1,1,1.0
2017-4,E01031469,B19,1,1,1.0
2017-4,E01031471,B13,1,1,1.0
2017-4,E01031473,B19,1,1,1.0
2017-4,E01031477,B1,1,1,1.0
2017-4,E01031477,B25,2,1,2.0
2017-4,E01031490,B13,1,1,1.0
2017-4,E01031490,B17,1,1,1.0
2017-4,E01031490,B19,1,1,1.0
2017-4,E01031496,B25,1,1,1.0
2017-4,E01031504,B26,1,1,1.0
2017-4,E01031508,B1,1,1,1.0
2017-4,E01031511,B18,1,1,1.0
2017-4,E01031513,B13,1,1,1.0
2017-4,E01031513,B25,1,1,1.0
2017-4,E01031513,B26,1,1,1.0
2017-4,E01031514,B26,1,1,1.0
2017-4,E01031533,B25,1,1,1.0
2017-4,E01031536,B25,1,1,1.0
2017-4,E01031543,B13,1,1,1.0
2017-4,E01031543,B16,1,1,1.0
2017-4,E01031543,B17,1,1,1.0
2017-4,E01031547,B24,1,1,1.0
2017-4,E01031550,B26,1,1,1.0
2017-4,E01031564,B13,1,1,1.0
2017-4,E01031565,B17,1,1,1.0
2017-4,E01031575,B25,1,1,1.0
2017-4,E01031576,B18,1,1,1.0
2017-4,E01031587,B13,1,1,1.0
2017-4,E01031587,B25,1,1,1.0
2017-4,E01031591,B24,1,1,1.0
2017-4,E01031594,B28,1,1,1.0
2017-4,E01031603,B27,1,1,1.0
2017-4,E01031605,B18,1,1,1.0
2017-4,E01031607,B18,1,1,1.0
2017-4,E01031613,B25,1,1,1.0
2017-4,E01031621,B13,1,1,1.0
2017-4,E01031624,B16,1,1,1.0
2017-4,E01031626,B26,1,1,1.0
2017-4,E01031630,B19,2,1,2.0
2017-4,E01031636,B13,1,1,1.0
2017-4,E01031636,B19,1,1,1.0
2017-4,E01031654,B13,1,1,1.0
2017-4,E01031660,B13,1,1,1.0
2017-4,E01031661,B18,1,1,1.0
2017-4,E01031664,B19,1,1,1.0
2017-4,E01031666,B1,1,1,1.0
2017-4,E01031667,B15,1,1,1.0
2017-4,E01031669,B24,1,1,1.0
2017-4,E01031674,B26,1,1,1.0
2017-4,E01031676,B25,1,1,1.0
2017-4,E01031689,B19,1,1,1.0
2017-4,E01031695,B26,1,1,1.0
2017-4,E01031705,B25,1,1,1.0
2017-4,E01031730,B19,1,1,1.0
2017-4,E01031731,B1,1,1,1.0
2017-4,E01031733,B17,1,1,1.0
2017-4,E01031734,B1,1,1,1.0
2017-4,E01031737,B1,1,1,1.0
2017-4,E01031750,B24,1,1,1.0
2017-4,E01031750,B25,1,1,1.0
2017-4,E01031754,B25,1,1,1.0
2017-4,E01031760,B13,1,1,1.0
2017-4,E01031764,B13,1,1,1.0
2017-4,E01031765,B25,2,1,2.0
2017-4,E01031766,B25,2,1,2.0
2017-4,E01031769,B25,2,2,1.0
2017-4,E01031770,B25,1,1,1.0
2017-4,E01031776,B13,1,1,1.0
2017-4,E01031822,B16,1,1,1.0
2017-4,E01031825,B26,1,1,1.0
2017-4,E01031842,B25,1,1,1.0
2017-4,E01031845,B16,1,1,1.0
2017-4,E01031845,B25,1,1,1.0
2017-4,E01031866,B25,1,1,1.0
2017-4,E01031884,B13,1,1,1.0
2017-4,E01031904,B25,1,1,1.0
2017-4,E01031935,B19,1,1,1.0
2017-4,E01031935,B25,1,1,1.0
2017-4,E01031947,B18,1,1,1.0
2017-4,E01031969,B26,1,1,1.0
2017-4,E01031972,B18,1,1,1.0
2017-4,E01031990,B26,1,1,1.0
2017-4,E01032000,B25,1,1,1.0
2017-4,E01032010,B13,1,1,1.0
2017-4,E01032047,B6,1,1,1.0
2017-4,E01032049,B25,1,1,1.0
2017-4,E01032123,B26,2,1,2.0
2017-4,E01032126,B16,1,1,1.0
2017-4,E01032128,B18,1,1,1.0
2017-4,E01032134,B26,1,1,1.0
2017-4,E01032157,B16,1,1,1.0
2017-4,E01032169,B26,2,2,1.0
2017-4,E01032178,B26,1,1,1.0
2017-4,E01032192,B16,1,1,1.0
2017-4,E01032224,B18,1,1,1.0
2017-4,E01032226,B14,1,1,1.0
2017-4,E01032237,B18,1,1,1.0
2017-4,E01032249,B17,1,1,1.0
2017-4,E01032271,B16,1,1,1.0
2017-4,E01032274,B15,1,1,1.0
2017-4,E01032274,B26,1,1,1.0
2017-4,E01032282,B16,1,1,1.0
2017-4,E01032298,B18,1,1,1.0
2017-4,E01032308,B15,1,1,1.0
2017-4,E01032308,B16,1,1,1.0
2017-4,E01032308,B25,1,1,1.0
2017-4,E01032354,B24,1,1,1.0
2017-4,E01032403,B23,1,1,1.0
2017-4,E01032411,B16,1,1,1.0
2017-4,E01032416,B19,1,1,1.0
2017-4,E01032430,B26,2,1,2.0
2017-4,E01032433,B26,1,1,1.0
2017-4,E01032449,B1,1,1,1.0
2017-4,E01032481,B16,1,1,1.0
2017-4,E01032492,B16,1,1,1.0
2017-4,E01032492,B26,1,1,1.0
2017-4,E01032506,B14,1,1,1.0
2017-4,E01032515,B18,1,1,1.0
2017-4,E01032515,B19,1,1,1.0
2017-4,E01032516,B29,1,1,1.0
2017-4,E01032518,B16,1,1,1.0
2017-4,E01032519,B24,1,1,1.0
2017-4,E01032522,B14,1,1,1.0
2017-4,E01032529,B25,1,1,1.0
2017-4,E01032531,B1,1,1,1.0
2017-4,E01032538,B15,1,1,1.0
2017-4,E01032554,B25,3,1,3.0
2017-4,E01032555,B24,1,1,1.0
2017-4,E01032555,B25,2,1,2.0
2017-4,E01032561,B26,1,1,1.0
2017-4,E01032562,B19,1,1,1.0
2017-4,E01032562,B26,3,3,1.0
2017-4,E01032562,B28,1,1,1.0
2017-4,E01032563,B1,3,3,1.0
2017-4,E01032563,B17,1,1,1.0
2017-4,E01032563,B19,1,1,1.0
2017-4,E01032563,B28,1,1,1.0
2017-4,E01032564,B26,1,1,1.0
2017-4,E01032565,B1,3,3,1.0
2017-4,E01032565,B13,1,1,1.0
2017-4,E01032565,B16,1,1,1.0
2017-4,E01032565,B25,1,1,1.0
2017-4,E01032565,B26,5,3,1.6666666666666667
2017-4,E01032568,B1,2,2,1.0
2017-4,E01032568,B15,1,1,1.0
2017-4,E01032568,B19,1,1,1.0
2017-4,E01032568,B7,1,1,1.0
2017-4,E01032570,B1,1,1,1.0
2017-4,E01032570,B28,1,1,1.0
2017-4,E01032572,B16,1,1,1.0
2017-4,E01032573,B26,1,1,1.0
2017-4,E01032579,B18,2,1,2.0
2017-4,E01032590,B24,2,1,2.0
2017-4,E01032598,B15,1,1,1.0
2017-4,E01032608,B1,1,1,1.0
2017-4,E01032622,B13,1,1,1.0
2017-4,E01032623,B16,1,1,1.0
2017-4,E01032624,B13,1,1,1.0
2017-4,E01032624,B25,1,1,1.0
2017-4,E01032627,B16,1,1,1.0
2017-4,E01032627,B25,1,1,1.0
2017-4,E01032629,B16,1,1,1.0
2017-4,E01032630,B28,1,1,1.0
2017-4,E01032639,B26,4,1,4.0
2017-4,E01032659,B17,1,1,1.0
2017-4,E01032666,B26,2,1,2.0
2017-4,E01032667,B25,1,1,1.0
2017-4,E01032668,B28,1,1,1.0
2017-4,E01032672,B25,1,1,1.0
2017-4,E01032674,B13,1,1,1.0
2017-4,E01032674,B17,1,1,1.0
2017-4,E01032674,B25,1,1,1.0
2017-4,E01032674,B28,1,1,1.0
2017-4,E01032675,B18,1,1,1.0
2017-4,E01032680,B13,1,1,1.0
2017-4,E01032680,B17,1,1,1.0
2017-4,E01032681,B13,1,1,1.0
2017-4,E01032711,B16,1,1,1.0
2017-4,E01032719,B26,2,1,2.0
2017-4,E01032720,B16,1,1,1.0
2017-4,E01032722,B19,1,1,1.0
2017-4,E01032722,B26,1,1,1.0
2017-4,E01032725,B15,1,1,1.0
2017-4,E01032725,B26,3,2,1.5
2017-4,E01032733,B26,1,1,1.0
2017-4,E01032737,B26,1,1,1.0
2017-4,E01032738,B16,1,1,1.0
2017-4,E01032738,B18,1,1,1.0
2017-4,E01032739,B14,1,1,1.0
2017-4,E01032739,B26,3,2,1.5
2017-4,E01032740,B14,3,1,3.0
2017-4,E01032745,B16,1,1,1.0
2017-4,E01032745,B28,1,1,1.0
2017-4,E01032758,B15,1,1,1.0
2017-4,E01032758,B19,1,1,1.0
2017-4,E01032758,B26,1,1,1.0
2017-4,E01032758,B28,1,1,1.0
2017-4,E01032759,B26,1,1,1.0
2017-4,E01032761,B26,1,1,1.0
2017-4,E01032761,B28,1,1,1.0
2017-4,E01032763,B25,1,1,1.0
2017-4,E01032772,B26,1,1,1.0
2017-4,E01032780,B16,1,1,1.0
2017-4,E01032797,B15,1,1,1.0
2017-4,E01032797,B16,1,1,1.0
2017-4,E01032797,B25,1,1,1.0
2017-4,E01032799,B16,2,1,2.0
2017-4,E01032805,B26,1,1,1.0
2017-4,E01032807,B26,1,1,1.0
2017-4,E01032809,B25,1,1,1.0
2017-4,E01032813,B28,1,1,1.0
2017-4,E01032814,B19,1,1,1.0
2017-4,E01032819,B18,1,1,1.0
2017-4,E01032841,B26,1,1,1.0
2017-4,E01032842,B16,1,1,1.0
2017-4,E01032842,B25,1,1,1.0
2017-4,E01032846,B13,1,1,1.0
2017-4,E01032847,B13,1,1,1.0
2017-4,E01032847,B14,2,1,2.0
2017-4,E01032847,B15,1,1,1.0
2017-4,E01032847,B26,1,1,1.0
2017-4,E01032850,B14,1,1,1.0
2017-4,E01032852,B16,1,1,1.0
2017-4,E01032852,B28,2,1,2.0
2017-4,E01032853,B26,3,3,1.0
2017-4,E01032855,B26,2,1,2.0
2017-4,E01032856,B16,1,1,1.0
2017-4,E01032856,B25,1,1,1.0
2017-4,E01032857,B25,1,1,1.0
2017-4,E01032879,B18,2,1,2.0
2017-4,E01032888,B1,1,1,1.0
2017-4,E01032888,B16,1,1,1.0
2017-4,E01032891,B26,3,1,3.0
2017-4,E01032892,B23,4,2,2.0
2017-4,E01032892,B26,4,1,4.0
2017-4,E01032893,B23,1,1,1.0
2017-4,E01032898,B25,1,1,1.0
2017-4,E01032901,B25,1,1,1.0
2017-4,E01032920,B25,1,1,1.0
2017-4,E01032928,B6,1,1,1.0
2017-4,E01032932,B1,1,1,1.0
2017-4,E01032939,B23,1,1,1.0
2017-4,E01032941,B13,1,1,1.0
2017-4,E01032942,B13,1,1,1.0
2017-4,E01032942,B28,1,1,1.0
2017-4,E01032943,B28,5,2,2.5
2017-4,E01032947,B26,1,1,1.0
2017-4,E01032949,B25,1,1,1.0
2017-4,E01032951,B18,1,1,1.0
2017-4,E01032951,B24,1,1,1.0
2017-4,E01032951,B25,5,5,1.0
2017-4,E01032951,B6,1,1,1.0
2017-4,E01032952,B19,1,1,1.0
2017-4,E01032952,B24,1,1,1.0
2017-4,E01032952,B25,1,1,1.0
2017-4,E01032953,B25,5,2,2.5
2017-4,E01032953,B28,1,1,1.0
2017-4,E01032954,B17,1,1,1.0
2017-4,E01032954,B19,1,1,1.0
2017-4,E01032954,B23,1,1,1.0
2017-4,E01032954,B25,4,3,1.3333333333333333
2017-4,E01032954,B26,1,1,1.0
2017-4,E01032954,B6,1,1,1.0
2017-4,E01032955,B19,1,1,1.0
2017-4,E01032960,B13,1,1,1.0
2017-4,E01032964,B18,1,1,1.0
2017-4,E01032974,B1,1,1,1.0
2017-4,E01032979,B24,1,1,1.0
2017-4,E01032985,B25,1,1,1.0
2017-4,E01032991,B18,1,1,1.0
2017-4,E01032993,B28,1,1,1.0
2017-4,E01032994,B26,1,1,1.0
2017-4,E01032995,B28,1,1,1.0
2017-4,E01032996,B13,1,1,1.0
2017-4,E01033000,B16,1,1,1.0
2017-4,E01033006,B1,1,1,1.0
2017-4,E01033010,B24,1,1,1.0
2017-4,E01033013,B1,1,1,1.0
2017-4,E01033024,B15,1,1,1.0
2017-4,E01033024,B26,1,1,1.0
2017-4,E01033024,B28,1,1,1.0
2017-4,E01033025,B18,2,1,2.0
2017-4,E01033025,B26,1,1,1.0
2017-4,E01033038,B13,1,1,1.0
2017-4,E01033038,B25,4,1,4.0
2017-4,E01033042,B25,1,1,1.0
2017-4,E01033071,B19,1,1,1.0
2017-4,E01033072,B13,1,1,1.0
2017-4,E01033072,B26,1,1,1.0
2017-4,E01033075,B26,1,1,1.0
2017-4,E01033081,B24,1,1,1.0
2017-4,E01033082,B16,1,1,1.0
2017-4,E01033084,B26,1,1,1.0
2017-4,E01033087,B19,1,1,1.0
2017-4,E01033101,B26,1,1,1.0
2017-4,E01033104,B16,1,1,1.0
2017-4,E01033106,B28,1,1,1.0
2017-4,E01033109,B14,1,1,1.0
2017-4,E01033114,B25,1,1,1.0
2017-4,E01033124,B24,8,1,8.0
2017-4,E01033153,B1,1,1,1.0
2017-4,E01033159,B25,1,1,1.0
2017-4,E01033164,B24,1,1,1.0
2017-4,E01033171,B25,1,1,1.0
2017-4,E01033172,B26,1,1,1.0
2017-4,E01033173,B18,1,1,1.0
2017-4,E01033173,B27,1,1,1.0
2017-4,E01033175,B28,1,1,1.0
2017-4,E01033177,B18,1,1,1.0
2017-4,E01033179,B25,1,1,1.0
2017-4,E01033187,B26,1,1,1.0
2017-4,E01033188,B28,1,1,1.0
2017-4,E01033191,B18,1,1,1.0
2017-4,E01033193,B1,1,1,1.0
2017-4,E01033194,B25,1,1,1.0
2017-4,E01033200,B13,1,1,1.0
2017-4,E01033203,B26,1,1,1.0
2017-4,E01033215,B24,1,1,1.0
2017-4,E01033216,B12,1,1,1.0
2017-4,E01033220,B6,1,1,1.0
2017-4,E01033234,B25,1,1,1.0
2017-4,E01033239,B16,1,1,1.0
2017-4,E01033239,B17,3,1,3.0
2017-4,E01033239,B25,1,1,1.0
2017-4,E01033251,B1,2,2,1.0
2017-4,E01033251,B23,1,1,1.0
2017-4,E01033251,B24,1,1,1.0
2017-4,E01033253,B1,1,1,1.0
2017-4,E01033253,B23,2,2,1.0
2017-4,E01033255,B16,1,1,1.0
2017-4,E01033255,B23,1,1,1.0
2017-4,E01033255,B28,1,1,1.0
2017-4,E01033256,B15,1,1,1.0
2017-4,E01033262,B24,2,1,2.0
2017-4,E01033262,B26,3,1,3.0
2017-4,E01033263,B19,1,1,1.0
2017-4,E01033263,B26,1,1,1.0
2017-4,E01033264,B14,2,2,1.0
2017-4,E01033264,B16,1,1,1.0
2017-4,E01033266,B14,3,2,1.5
2017-4,E01033268,B1,1,1,1.0
2017-4,E01033268,B14,2,1,2.0
2017-4,E01033269,B13,1,1,1.0
2017-4,E01033270,B14,1,1,1.0
2017-4,E01033270,B26,1,1,1.0
2017-4,E01033272,B19,1,1,1.0
2017-4,E01033274,B14,1,1,1.0
2017-4,E01033275,B17,1,1,1.0
2017-4,E01033276,B14,1,1,1.0
2017-4,E01033280,B26,1,1,1.0
2017-4,E01033282,B13,1,1,1.0
2017-4,E01033282,B19,1,1,1.0
2017-4,E01033282,B24,1,1,1.0
2017-4,E01033282,B25,1,1,1.0
2017-4,E01033305,B17,1,1,1.0
2017-4,E01033305,B25,1,1,1.0
2017-4,E01033306,B19,1,1,1.0
2017-4,E01033306,B25,1,1,1.0
2017-4,E01033306,B28,1,1,1.0
2017-4,E01033317,B13,1,1,1.0
2017-4,E01033317,B25,1,1,1.0
2017-4,E01033320,B26,14,5,2.8
2017-4,E01033322,B14,1,1,1.0
2017-4,E01033322,B26,1,1,1.0
2017-4,E01033324,B18,1,1,1.0
2017-4,E01033324,B26,10,6,1.6666666666666667
2017-4,E01033324,B6,1,1,1.0
2017-4,E01033327,B1,1,1,1.0
2017-4,E01033327,B13,2,2,1.0
2017-4,E01033327,B17,1,1,1.0
2017-4,E01033327,B26,13,6,2.1666666666666665
2017-4,E01033327,B28,1,1,1.0
2017-4,E01033331,B26,2,2,1.0
2017-4,E01033333,B13,1,1,1.0
2017-4,E01033333,B16,1,1,1.0
2017-4,E01033333,B19,1,1,1.0
2017-4,E01033333,B26,1,1,1.0
2017-4,E01033336,B25,1,1,1.0
2017-4,E01033341,B26,2,1,2.0
2017-4,E01033344,B14,2,1,2.0
2017-4,E01033344,B19,1,1,1.0
2017-4,E01033344,B23,1,1,1.0
2017-4,E01033344,B26,2,2,1.0
2017-4,E01033345,B21,1,1,1.0
2017-4,E01033345,B7,1,1,1.0
2017-4,E01033347,B23,1,1,1.0
2017-4,E01033348,B23,2,1,2.0
2017-4,E01033348,B24,1,1,1.0
2017-4,E01033350,B25,1,1,1.0
2017-4,E01033352,B15,1,1,1.0
2017-4,E01033352,B23,1,1,1.0
2017-4,E01033352,B25,1,1,1.0
2017-4,E01033352,B26,3,2,1.5
2017-4,E01033352,B7,1,1,1.0
2017-4,E01033353,B19,2,1,2.0
2017-4,E01033353,B23,2,2,1.0
2017-4,E01033353,B24,2,2,1.0
2017-4,E01033353,B25,1,1,1.0
2017-4,E01033353,B26,5,3,1.6666666666666667
2017-4,E01033355,B19,1,1,1.0
2017-4,E01033355,B24,1,1,1.0
2017-4,E01033355,B25,1,1,1.0
2017-4,E01033358,B13,1,1,1.0
2017-4,E01033358,B19,1,1,1.0
2017-4,E01033359,B13,1,1,1.0
2017-4,E01033359,B26,3,3,1.0
2017-4,E01033361,B24,3,3,1.0
2017-4,E01033361,B26,2,2,1.0
2017-4,E01033364,B26,1,1,1.0
2017-4,E01033366,B1,1,1,1.0
2017-4,E01033367,B18,1,1,1.0
2017-4,E01033367,B25,2,1,2.0
2017-4,E01033367,B26,1,1,1.0
2017-4,E01033369,B13,1,1,1.0
2017-4,E01033370,B19,1,1,1.0
2017-4,E01033378,B25,1,1,1.0
2017-4,E01033387,B13,1,1,1.0
2017-4,E01033387,B16,1,1,1.0
2017-4,E01033387,B25,3,1,3.0
2017-4,E01033387,B4,1,1,1.0
2017-4,E01033395,B16,1,1,1.0
2017-4,E01033395,B26,1,1,1.0
2017-4,E01033396,B26,4,1,4.0
2017-4,E01033397,B13,1,1,1.0
2017-4,E01033399,B13,1,1,1.0
2017-4,E01033400,B16,1,1,1.0
2017-4,E01033400,B24,1,1,1.0
2017-4,E01033400,B25,1,1,1.0
2017-4,E01033405,B13,1,1,1.0
2017-4,E01033409,B13,1,1,1.0
2017-4,E01033412,B25,1,1,1.0
2017-4,E01033415,B13,1,1,1.0
2017-4,E01033415,B14,1,1,1.0
2017-4,E01033415,B19,3,2,1.5
2017-4,E01033415,B24,2,1,2.0
2017-4,E01033415,B26,1,1,1.0
2017-4,E01033418,B14,1,1,1.0
2017-4,E01033418,B16,1,1,1.0
2017-4,E01033418,B26,1,1,1.0
2017-4,E01033418,B28,1,1,1.0
2017-4,E01033433,B26,1,1,1.0
2017-4,E01033435,B25,1,1,1.0
2017-4,E01033435,B26,1,1,1.0
2017-4,E01033436,B19,2,2,1.0
2017-4,E01033438,B26,1,1,1.0
2017-4,E01033449,B19,1,1,1.0
2017-4,E01033451,B28,2,1,2.0
2017-4,E01033456,B26,1,1,1.0
2017-4,E01033462,B18,1,1,1.0
2017-4,E01033463,B1,1,1,1.0
2017-4,E01033477,B14,2,1,2.0
2017-4,E01033480,B26,1,1,1.0
2017-4,E01033481,B13,1,1,1.0
2017-4,E01033482,B13,1,1,1.0
2017-4,E01033492,B1,1,1,1.0
2017-4,E01033496,B28,1,1,1.0
2017-4,E01033527,B26,1,1,1.0
2017-4,E01033531,B25,1,1,1.0
2017-4,E01033535,B19,1,1,1.0
2017-4,E01033535,B28,1,1,1.0
2017-4,E01033538,B28,1,1,1.0
2017-4,E01033543,B24,1,1,1.0
2017-4,E01033551,B26,1,1,1.0
2017-4,E01033556,B26,2,1,2.0
2017-4,E01033557,B16,2,1,2.0
2017-4,E01033557,B26,1,1,1.0
2017-4,E01033596,B25,1,1,1.0
2017-4,E01033609,B26,2,1,2.0
2017-4,E01033618,B24,1,1,1.0
2017-4,E01033623,B1,1,1,1.0
2017-4,E01033625,B13,1,1,1.0
2017-4,E01033625,B14,1,1,1.0
2017-4,E01033625,B19,20,1,20.0
2017-4,E01033625,B25,2,1,2.0
2017-4,E01033627,B14,1,1,1.0
2017-4,E01033627,B19,1,1,1.0
2017-4,E01033627,B24,1,1,1.0
2017-4,E01033627,B25,1,1,1.0
2017-4,E01033627,B26,1,1,1.0
2017-4,E01033627,B28,1,1,1.0
2017-4,E01033628,B13,1,1,1.0
2017-4,E01033631,B25,1,1,1.0
2017-4,E01033633,B26,1,1,1.0
2017-4,E01033635,B19,1,1,1.0
2017-4,E01033635,B26,5,1,5.0
2017-4,E01033637,B24,1,1,1.0
2017-4,E01033637,B26,2,1,2.0
2017-4,E01033639,B14,1,1,1.0
2017-4,E01033639,B16,1,1,1.0
2017-4,E01033639,B19,7,2,3.5
2017-4,E01033639,B24,3,1,3.0
2017-4,E01033639,B26,2,1,2.0
2017-4,E01033641,B26,1,1,1.0
2017-4,E01033643,B26,1,1,1.0
2017-4,E01033645,B13,1,1,1.0
2017-4,E01033646,B19,1,1,1.0
2017-4,E01033646,B25,2,2,1.0
2017-4,E01033648,B18,1,1,1.0
2017-4,E01033654,B19,1,1,1.0
2017-4,E01033656,B19,1,1,1.0
2017-4,E01033660,B26,1,1,1.0
2017-4,E01033661,B14,2,1,2.0
2017-4,E01033661,B28,1,1,1.0
2017-4,E01033665,B26,1,1,1.0
2017-4,E01033666,B26,1,1,1.0
2017-4,E01033676,B25,1,1,1.0
2017-4,E01033681,B28,1,1,1.0
2017-4,E01033686,B26,1,1,1.0
2017-4,E01033688,B16,1,1,1.0
2017-4,E01033697,B18,1,1,1.0
2017-4,E01033707,B13,1,1,1.0
2017-4,E01033707,B26,1,1,1.0
2017-4,E01033708,B1,1,1,1.0
2017-4,E01033711,B26,1,1,1.0
2017-4,E01033720,B1,1,1,1.0
2017-4,E01033720,B18,1,1,1.0
2017-4,E01033722,B13,1,1,1.0
2017-4,E01033726,B15,1,1,1.0
2017-4,E01033726,B26,2,2,1.0
2017-4,E01033727,B26,1,1,1.0
2017-4,E01033728,B26,1,1,1.0
2017-4,E01033729,B1,2,2,1.0
2017-4,E01033729,B15,1,1,1.0
2017-4,E01033729,B17,1,1,1.0
2017-4,E01033729,B26,2,2,1.0
2017-4,E01033731,B13,2,1,2.0
2017-4,E01033731,B16,2,2,1.0
2017-4,E01033732,B24,2,2,1.0
2017-4,E01033733,B26,1,1,1.0
2017-4,E01033735,B26,1,1,1.0
2017-4,E01033735,B28,1,1,1.0
2017-4,E01033736,B26,1,1,1.0
2017-4,E01033738,B1,3,3,1.0
2017-4,E01033738,B18,1,1,1.0
2017-4,E01033739,B1,1,1,1.0
2017-4,E01033740,B15,1,1,1.0
2017-4,E01033740,B25,1,1,1.0
2017-4,E01033740,B26,7,5,1.4
2017-4,E01033741,B1,1,1,1.0
2017-4,E01033741,B26,2,2,1.0
2017-4,E01033742,B26,4,3,1.3333333333333333
2017-4,E01033743,B1,1,1,1.0
2017-4,E01033743,B26,4,4,1.0
2017-4,E01033744,B26,4,3,1.3333333333333333
2017-4,E01033745,B1,1,1,1.0
2017-4,E01033745,B26,1,1,1.0
2017-4,E01033746,B26,1,1,1.0
2017-4,E01033759,B19,1,1,1.0
2017-4,E01033760,B14,1,1,1.0
2017-4,E01033761,B13,1,1,1.0
2017-4,E01033764,B26,1,1,1.0
2017-4,E01033768,B26,2,2,1.0
2017-4,S01006511,B25,1,1,1.0
2017-4,S01006544,B28,1,1,1.0
2017-4,S01006556,B24,1,1,1.0
2017-4,S01006582,B19,1,1,1.0
2017-4,S01006586,B24,2,1,2.0
2017-4,S01006587,B24,3,2,1.5
2017-4,S01006587,B28,2,1,2.0
2017-4,S01006592,B13,1,1,1.0
2017-4,S01006592,B16,1,1,1.0
2017-4,S01006592,B28,2,1,2.0
2017-4,S01006593,B28,1,1,1.0
2017-4,S01006594,B28,1,1,1.0
2017-4,S01006595,B26,1,1,1.0
2017-4,S01006596,B25,1,1,1.0
2017-4,S01006596,B28,3,1,3.0
2017-4,S01006598,B28,3,1,3.0
2017-4,S01006600,B28,8,1,8.0
2017-4,S01006601,B28,1,1,1.0
2017-4,S01006602,B28,1,1,1.0
2017-4,S01006603,B16,1,1,1.0
2017-4,S01006603,B25,1,1,1.0
2017-4,S01006603,B28,1,1,1.0
2017-4,S01006623,B25,2,1,2.0
2017-4,S01006623,B28,2,1,2.0
2017-4,S01006624,B28,1,1,1.0
2017-4,S01006628,B24,2,1,2.0
2017-4,S01006628,B27,2,1,2.0
2017-4,S01006631,B14,1,1,1.0
2017-4,S01006636,B27,1,1,1.0
2017-4,S01006649,B24,1,1,1.0
2017-4,S01006649,B26,1,1,1.0
2017-4,S01006649,B28,2,1,2.0
2017-4,S01006670,B13,1,1,1.0
2017-4,S01006677,B26,1,1,1.0
2017-4,S01006677,B28,3,1,3.0
2017-4,S01006726,B28,1,1,1.0
2017-4,S01006728,B24,1,1,1.0
2017-4,S01006738,B4,1,1,1.0
2017-4,S01006763,B28,1,1,1.0
2017-4,S01006778,B28,1,1,1.0
2017-4,S01006782,B13,1,1,1.0
2017-4,S01006788,B16,1,1,1.0
2017-4,S01006807,B25,1,1,1.0
2017-4,S01006811,B25,1,1,1.0
2017-4,S01006830,B28,1,1,1.0
2017-4,S01006846,B25,1,1,1.0
2017-4,S01006869,B1,1,1,1.0
2017-4,S01006869,B6,1,1,1.0
2017-4,S01006912,B25,1,1,1.0
2017-4,S01006952,B13,1,1,1.0
2017-4,S01006952,B28,1,1,1.0
2017-4,S01006974,B13,1,1,1.0
2017-4,S01006979,B19,2,2,1.0
2017-4,S01006981,B25,2,1,2.0
2017-4,S01006999,B13,3,1,3.0
2017-4,S01006999,B25,1,1,1.0
2017-4,S01007001,B1,1,1,1.0
2017-4,S01007016,B13,1,1,1.0
2017-4,S01007064,B16,1,1,1.0
2017-4,S01007085,B13,1,1,1.0
2017-4,S01007086,B28,6,1,6.0
2017-4,S01007090,B19,1,1,1.0
2017-4,S01007095,B15,1,1,1.0
2017-4,S01007137,B28,1,1,1.0
2017-4,S01007145,B28,1,1,1.0
2017-4,S01007147,B28,1,1,1.0
2017-4,S01007150,B6,1,1,1.0
2017-4,S01007151,B6,1,1,1.0
2017-4,S01007165,B6,1,1,1.0
2017-4,S01007169,B1,1,1,1.0
2017-4,S01007211,B28,1,1,1.0
2017-4,S01007218,B28,2,2,1.0
2017-4,S01007219,B28,1,1,1.0
2017-4,S01007224,B28,1,1,1.0
2017-4,S01007230,B28,1,1,1.0
2017-4,S01007237,B28,1,1,1.0
2017-4,S01007251,B28,1,1,1.0
2017-4,S01007256,B13,1,1,1.0
2017-4,S01007259,B28,1,1,1.0
2017-4,S01007264,B28,1,1,1.0
2017-4,S01007269,B28,1,1,1.0
2017-4,S01007274,B28,2,2,1.0
2017-4,S01007275,B28,1,1,1.0
2017-4,S01007277,B28,1,1,1.0
2017-4,S01007289,B25,1,1,1.0
2017-4,S01007436,B13,1,1,1.0
2017-4,S01007642,B25,1,1,1.0
2017-4,S01007649,B25,1,1,1.0
2017-4,S01007657,B25,1,1,1.0
2017-4,S01007658,B25,2,1,2.0
2017-4,S01007659,B25,1,1,1.0
2017-4,S01007665,B28,1,1,1.0
2017-4,S01007676,B25,1,1,1.0
2017-4,S01007749,B25,1,1,1.0
2017-4,S01007752,B18,1,1,1.0
2017-4,S01007761,B25,3,1,3.0
2017-4,S01007818,B6,1,1,1.0
2017-4,S01007843,B25,1,1,1.0
2017-4,S01007864,B1,1,1,1.0
2017-4,S01007871,B13,1,1,1.0
2017-4,S01007871,B25,1,1,1.0
2017-4,S01007882,B25,1,1,1.0
2017-4,S01007883,B18,1,1,1.0
2017-4,S01007898,B25,2,1,2.0
2017-4,S01007899,B13,1,1,1.0
2017-4,S01007899,B24,1,1,1.0
2017-4,S01007899,B25,1,1,1.0
2017-4,S01007899,B26,1,1,1.0
2017-4,S01007908,B25,1,1,1.0
2017-4,S01007910,B25,1,1,1.0
2017-4,S01007915,B1,1,1,1.0
2017-4,S01007927,B25,1,1,1.0
2017-4,S01007943,B19,1,1,1.0
2017-4,S01007961,B25,1,1,1.0
2017-4,S01007962,B16,1,1,1.0
2017-4,S01007973,B25,1,1,1.0
2017-4,S01007974,B25,1,1,1.0
2017-4,S01007979,B25,1,1,1.0
2017-4,S01007998,B25,1,1,1.0
2017-4,S01008029,B25,2,1,2.0
2017-4,S01008065,B19,1,1,1.0
2017-4,S01008066,B19,1,1,1.0
2017-4,S01008082,B13,1,1,1.0
2017-4,S01008086,B18,1,1,1.0
2017-4,S01008101,B13,1,1,1.0
2017-4,S01008113,B18,4,1,4.0
2017-4,S01008130,B13,1,1,1.0
2017-4,S01008135,B25,1,1,1.0
2017-4,S01008150,B28,1,1,1.0
2017-4,S01008169,B18,1,1,1.0
2017-4,S01008181,B24,2,1,2.0
2017-4,S01008182,B1,1,1,1.0
2017-4,S01008195,B19,1,1,1.0
2017-4,S01008209,B18,1,1,1.0
2017-4,S01008230,B1,1,1,1.0
2017-4,S01008296,B25,1,1,1.0
2017-4,S01008298,B26,1,1,1.0
2017-4,S01008318,B26,1,1,1.0
2017-4,S01008346,B6,1,1,1.0
2017-4,S01008354,B16,1,1,1.0
2017-4,S01008365,B13,1,1,1.0
2017-4,S01008365,B28,1,1,1.0
2017-4,S01008378,B13,1,1,1.0
2017-4,S01008383,B13,1,1,1.0
2017-4,S01008405,B16,1,1,1.0
2017-4,S01008406,B13,1,1,1.0
2017-4,S01008409,B24,1,1,1.0
2017-4,S01008425,B13,1,1,1.0
2017-4,S01008425,B25,1,1,1.0
2017-4,S01008428,B15,1,1,1.0
2017-4,S01008457,B19,1,1,1.0
2017-4,S01008470,B6,1,1,1.0
2017-4,S01008487,B19,1,1,1.0
2017-4,S01008493,B26,4,1,4.0
2017-4,S01008494,B24,1,1,1.0
2017-4,S01008494,B25,1,1,1.0
2017-4,S01008494,B26,1,1,1.0
2017-4,S01008494,B4,1,1,1.0
2017-4,S01008499,B19,1,1,1.0
2017-4,S01008523,B26,1,1,1.0
2017-4,S01008527,B6,1,1,1.0
2017-4,S01008549,B24,1,1,1.0
2017-4,S01008549,B26,1,1,1.0
2017-4,S01008564,B26,1,1,1.0
2017-4,S01008577,B25,2,2,1.0
2017-4,S01008587,B25,1,1,1.0
2017-4,S01008589,B25,2,1,2.0
2017-4,S01008603,B25,1,1,1.0
2017-4,S01008606,B25,1,1,1.0
2017-4,S01008613,B13,1,1,1.0
2017-4,S01008613,B26,1,1,1.0
2017-4,S01008637,B28,1,1,1.0
2017-4,S01008640,B13,1,1,1.0
2017-4,S01008640,B25,2,1,2.0
2017-4,S01008644,B26,1,1,1.0
2017-4,S01008651,B26,4,1,4.0
2017-4,S01008657,B25,1,1,1.0
2017-4,S01008658,B13,1,1,1.0
2017-4,S01008660,B13,1,1,1.0
2017-4,S01008660,B19,1,1,1.0
2017-4,S01008660,B26,5,1,5.0
2017-4,S01008664,B14,1,1,1.0
2017-4,S01008664,B26,1,1,1.0
2017-4,S01008670,B25,1,1,1.0
2017-4,S01008670,B26,1,1,1.0
2017-4,S01008671,B25,3,1,3.0
2017-4,S01008677,B1,1,1,1.0
2017-4,S01008677,B26,2,1,2.0
2017-4,S01008678,B26,2,1,2.0
2017-4,S01008679,B26,1,1,1.0
2017-4,S01008682,B25,2,1,2.0
2017-4,S01008688,B26,1,1,1.0
2017-4,S01008700,B15,1,1,1.0
2017-4,S01008704,B1,5,1,5.0
2017-4,S01008715,B19,1,1,1.0
2017-4,S01008715,B28,1,1,1.0
2017-4,S01008723,B13,2,1,2.0
2017-4,S01008729,B19,1,1,1.0
2017-4,S01008733,B24,1,1,1.0
2017-4,S01008733,B25,1,1,1.0
2017-4,S01008734,B28,1,1,1.0
2017-4,S01008768,B13,1,1,1.0
2017-4,S01008769,B13,1,1,1.0
2017-4,S01008774,B26,1,1,1.0
2017-4,S01008777,B25,1,1,1.0
2017-4,S01008778,B18,1,1,1.0
2017-4,S01008778,B19,1,1,1.0
2017-4,S01008778,B24,1,1,1.0
2017-4,S01008778,B26,1,1,1.0
2017-4,S01008783,B26,1,1,1.0
2017-4,S01008785,B26,1,1,1.0
2017-4,S01008792,B26,1,1,1.0
2017-4,S01008795,B26,1,1,1.0
2017-4,S01008801,B26,2,1,2.0
2017-4,S01008805,B26,2,1,2.0
2017-4,S01008806,B14,1,1,1.0
2017-4,S01008806,B16,1,1,1.0
2017-4,S01008808,B25,1,1,1.0
2017-4,S01008812,B26,1,1,1.0
2017-4,S01008816,B15,1,1,1.0
2017-4,S01008817,B25,1,1,1.0
2017-4,S01008817,B26,1,1,1.0
2017-4,S01008826,B25,1,1,1.0
2017-4,S01008836,B25,1,1,1.0
2017-4,S01008849,B19,1,1,1.0
2017-4,S01008849,B26,1,1,1.0
2017-4,S01008853,B25,1,1,1.0
2017-4,S01008855,B14,1,1,1.0
2017-4,S01008862,B6,1,1,1.0
2017-4,S01008866,B24,1,1,1.0
2017-4,S01008868,B13,2,2,1.0
2017-4,S01008868,B19,1,1,1.0
2017-4,S01008868,B26,8,2,4.0
2017-4,S01008868,B28,1,1,1.0
2017-4,S01008871,B24,1,1,1.0
2017-4,S01008879,B28,1,1,1.0
2017-4,S01008890,B25,1,1,1.0
2017-4,S01008899,B13,1,1,1.0
2017-4,S01008899,B25,1,1,1.0
2017-4,S01008903,B25,2,1,2.0
2017-4,S01008911,B1,1,1,1.0
2017-4,S01008928,B24,1,1,1.0
2017-4,S01008935,B25,1,1,1.0
2017-4,S01008943,B18,1,1,1.0
2017-4,S01008973,B24,1,1,1.0
2017-4,S01008997,B16,1,1,1.0
2017-4,S01008997,B25,3,2,1.5
2017-4,S01009008,B13,1,1,1.0
2017-4,S01009008,B28,1,1,1.0
2017-4,S01009115,B25,1,1,1.0
2017-4,S01009121,B6,1,1,1.0
2017-4,S01009157,B28,1,1,1.0
2017-4,S01009202,B13,1,1,1.0
2017-4,S01009211,B26,1,1,1.0
2017-4,S01009221,B25,1,1,1.0
2017-4,S01009231,B28,1,1,1.0
2017-4,S01009302,B13,1,1,1.0
2017-4,S01009345,B27,2,1,2.0
2017-4,S01009357,B6,1,1,1.0
2017-4,S01009363,B28,2,1,2.0
2017-4,S01009404,B25,1,1,1.0
2017-4,S01009471,B19,2,1,2.0
2017-4,S01009494,B25,1,1,1.0
2017-4,S01009640,B26,1,1,1.0
2017-4,S01009651,B24,1,1,1.0
2017-4,S01009662,B25,1,1,1.0
2017-4,S01009689,B16,1,1,1.0
2017-4,S01009702,B25,1,1,1.0
2017-4,S01009767,B24,1,1,1.0
2017-4,S01009767,B25,2,1,2.0
2017-4,S01009788,B28,1,1,1.0
2017-4,S01009789,B16,1,1,1.0
2017-4,S01009789,B26,1,1,1.0
2017-4,S01009791,B28,1,1,1.0
2017-4,S01009820,B1,1,1,1.0
2017-4,S01009835,B25,1,1,1.0
2017-4,S01009847,B1,1,1,1.0
2017-4,S01009848,B28,1,1,1.0
2017-4,S01009861,B18,1,1,1.0
2017-4,S01009861,B26,1,1,1.0
2017-4,S01009867,B13,1,1,1.0
2017-4,S01009871,B25,1,1,1.0
2017-4,S01009871,B28,1,1,1.0
2017-4,S01009879,B24,1,1,1.0
2017-4,S01009888,B18,1,1,1.0
2017-4,S01009888,B24,1,1,1.0
2017-4,S01009889,B26,3,2,1.5
2017-4,S01009901,B26,1,1,1.0
2017-4,S01009904,B19,1,1,1.0
2017-4,S01009908,B16,1,1,1.0
2017-4,S01009908,B18,1,1,1.0
2017-4,S01009910,B1,1,1,1.0
2017-4,S01009915,B25,1,1,1.0
2017-4,S01009924,B18,1,1,1.0
2017-4,S01009926,B16,1,1,1.0
2017-4,S01009937,B25,1,1,1.0
2017-4,S01009940,B13,1,1,1.0
2017-4,S01009940,B26,1,1,1.0
2017-4,S01009947,B25,1,1,1.0
2017-4,S01009963,B1,1,1,1.0
2017-4,S01009966,B28,1,1,1.0
2017-4,S01009971,B28,1,1,1.0
2017-4,S01009984,B16,1,1,1.0
2017-4,S01010040,B26,1,1,1.0
2017-4,S01010041,B18,1,1,1.0
2017-4,S01010042,B16,1,1,1.0
2017-4,S01010083,B18,1,1,1.0
2017-4,S01010088,B28,1,1,1.0
2017-4,S01010097,B15,1,1,1.0
2017-4,S01010110,B28,1,1,1.0
2017-4,S01010133,B16,1,1,1.0
2017-4,S01010143,B28,1,1,1.0
2017-4,S01010178,B16,1,1,1.0
2017-4,S01010183,B25,1,1,1.0
2017-4,S01010234,B25,1,1,1.0
2017-4,S01010234,B28,2,1,2.0
2017-4,S01010236,B26,1,1,1.0
2017-4,S01010241,B1,1,1,1.0
2017-4,S01010259,B25,1,1,1.0
2017-4,S01010260,B26,1,1,1.0
2017-4,S01010262,B28,3,1,3.0
2017-4,S01010267,B25,1,1,1.0
2017-4,S01010271,B28,1,1,1.0
2017-4,S01010272,B16,1,1,1.0
2017-4,S01010274,B19,1,1,1.0
2017-4,S01010275,B1,1,1,1.0
2017-4,S01010277,B25,1,1,1.0
2017-4,S01010316,B26,1,1,1.0
2017-4,S01010319,B6,1,1,1.0
2017-4,S01010375,B13,1,1,1.0
2017-4,S01010378,B16,1,1,1.0
2017-4,S01010386,B26,1,1,1.0
2017-4,S01010401,B1,1,1,1.0
2017-4,S01010407,B26,1,1,1.0
2017-4,S01010433,B25,1,1,1.0
2017-4,S01010457,B4,1,1,1.0
2017-4,S01010467,B26,2,2,1.0
2017-4,S01010473,B13,1,1,1.0
2017-4,S01010476,B16,1,1,1.0
2017-4,S01010519,B25,1,1,1.0
2017-4,S01010526,B13,1,1,1.0
2017-4,S01010596,B26,1,1,1.0
2017-4,S01010719,B25,1,1,1.0
2017-4,S01010720,B25,1,1,1.0
2017-4,S01010725,B18,1,1,1.0
2017-4,S01010741,B13,3,1,3.0
2017-4,S01010741,B16,2,1,2.0
2017-4,S01010741,B19,1,1,1.0
2017-4,S01010741,B25,6,1,6.0
2017-4,S01010772,B26,1,1,1.0
2017-4,S01010774,B25,1,1,1.0
2017-4,S01010775,B25,1,1,1.0
2017-4,S01010781,B19,1,1,1.0
2017-4,S01010786,B16,1,1,1.0
2017-4,S01010794,B16,1,1,1.0
2017-4,S01010796,B25,1,1,1.0
2017-4,S01010804,B13,1,1,1.0
2017-4,S01010805,B13,1,1,1.0
2017-4,S01010806,B25,1,1,1.0
2017-4,S01010816,B25,1,1,1.0
2017-4,S01010820,B25,1,1,1.0
2017-4,S01010865,B18,1,1,1.0
2017-4,S01010890,B24,1,1,1.0
2017-4,S01010895,B24,1,1,1.0
2017-4,S01010895,B26,1,1,1.0
2017-4,S01010949,B28,1,1,1.0
2017-4,S01010956,B19,1,1,1.0
2017-4,S01010956,B25,1,1,1.0
2017-4,S01010970,B28,2,1,2.0
2017-4,S01010982,B24,1,1,1.0
2017-4,S01010982,B25,1,1,1.0
2017-4,S01011000,B26,1,1,1.0
2017-4,S01011017,B4,1,1,1.0
2017-4,S01011019,B25,1,1,1.0
2017-4,S01011181,B26,1,1,1.0
2017-4,S01011182,B26,2,1,2.0
2017-4,S01011218,B6,1,1,1.0
2017-4,S01011220,B13,1,1,1.0
2017-4,S01011242,B15,1,1,1.0
2017-4,S01011242,B25,1,1,1.0
2017-4,S01011307,B25,1,1,1.0
2017-4,S01011337,B28,1,1,1.0
2017-4,S01011356,B25,1,1,1.0
2017-4,S01011400,B28,1,1,1.0
2017-4,S01011400,B6,1,1,1.0
2017-4,S01011412,B19,1,1,1.0
2017-4,S01011426,B24,1,1,1.0
2017-4,S01011446,B26,1,1,1.0
2017-4,S01011486,B28,1,1,1.0
2017-4,S01011574,B25,1,1,1.0
2017-4,S01011597,B26,1,1,1.0
2017-4,S01011600,B28,1,1,1.0
2017-4,S01011601,B25,1,1,1.0
2017-4,S01011637,B13,1,1,1.0
2017-4,S01011654,B25,1,1,1.0
2017-4,S01011677,B26,1,1,1.0
2017-4,S01011678,B26,1,1,1.0
2017-4,S01011679,B26,1,1,1.0
2017-4,S01011683,B25,1,1,1.0
2017-4,S01011688,B24,1,1,1.0
2017-4,S01011738,B26,1,1,1.0
2017-4,S01011779,B28,1,1,1.0
2017-4,S01011832,B26,1,1,1.0
2017-4,S01011836,B25,1,1,1.0
2017-4,S01011863,B17,1,1,1.0
2017-4,S01011893,B16,1,1,1.0
2017-4,S01011899,B28,1,1,1.0
2017-4,S01011983,B28,1,1,1.0
2017-4,S01012015,B26,1,1,1.0
2017-4,S01012023,B25,4,2,2.0
2017-4,S01012027,B16,1,1,1.0
2017-4,S01012027,B25,2,2,1.0
2017-4,S01012029,B26,1,1,1.0
2017-4,S01012030,B25,3,1,3.0
2017-4,S01012030,B28,1,1,1.0
2017-4,S01012060,B16,1,1,1.0
2017-4,S01012064,B25,1,1,1.0
2017-4,S01012074,B13,1,1,1.0
2017-4,S01012084,B25,1,1,1.0
2017-4,S01012098,B25,1,1,1.0
2017-4,S01012100,B25,1,1,1.0
2017-4,S01012101,B28,2,1,2.0
2017-4,S01012107,B25,2,2,1.0
2017-4,S01012110,B26,1,1,1.0
2017-4,S01012111,B25,1,1,1.0
2017-4,S01012112,B25,1,1,1.0
2017-4,S01012113,B25,1,1,1.0
2017-4,S01012114,B28,5,1,5.0
2017-4,S01012121,B25,1,1,1.0
2017-4,S01012130,B25,1,1,1.0
2017-4,S01012137,B16,1,1,1.0
2017-4,S01012146,B19,1,1,1.0
2017-4,S01012162,B13,1,1,1.0
2017-4,S01012165,B16,1,1,1.0
2017-4,S01012165,B18,1,1,1.0
2017-4,S01012165,B26,1,1,1.0
2017-4,S01012166,B26,1,1,1.0
2017-4,S01012169,B24,1,1,1.0
2017-4,S01012182,B25,1,1,1.0
2017-4,S01012222,B25,1,1,1.0
2017-4,S01012225,B26,2,1,2.0
2017-4,S01012227,B19,1,1,1.0
2017-4,S01012227,B25,1,1,1.0
2017-4,S01012235,B25,1,1,1.0
2017-4,S01012235,B28,1,1,1.0
2017-4,S01012238,B16,1,1,1.0
2017-4,S01012243,B25,4,2,2.0
2017-4,S01012250,B26,1,1,1.0
2017-4,S01012251,B13,1,1,1.0
2017-4,S01012272,B25,1,1,1.0
2017-4,S01012379,B25,1,1,1.0
2017-4,S01012453,B25,1,1,1.0
2017-4,S01012462,B16,1,1,1.0
2017-4,S01012470,B25,1,1,1.0
2017-4,S01012478,B25,1,1,1.0
2017-4,S01012489,B24,1,1,1.0
2017-4,S01012508,B26,1,1,1.0
2017-4,S01012531,B25,1,1,1.0
2017-4,S01012538,B6,1,1,1.0
2017-4,S01012542,B25,1,1,1.0
2017-4,S01012548,B25,1,1,1.0
2017-4,S01012555,B25,1,1,1.0
2017-4,S01012556,B25,1,1,1.0
2017-4,S01012563,B25,1,1,1.0
2017-4,S01012565,B25,1,1,1.0
2017-4,S01012569,B19,1,1,1.0
2017-4,S01012632,B16,2,2,1.0
2017-4,S01012912,B16,1,1,1.0
2017-4,S01013020,B19,1,1,1.0
2017-4,S01013063,B18,1,1,1.0
2017-4,S01013089,B25,1,1,1.0
2017-4,S01013097,B25,1,1,1.0
2017-4,S01013108,B25,1,1,1.0
2017-4,S01013110,B13,1,1,1.0
2017-4,S01013113,B25,1,1,1.0
2017-4,S01013114,B13,1,1,1.0
2017-4,S01013129,B14,1,1,1.0
2017-4,S01013202,B13,1,1,1.0
2017-4,S01013207,B26,1,1,1.0
2017-4,S01013231,B25,1,1,1.0
2017-4,S01013242,B26,1,1,1.0
2017-4,S01013250,B25,1,1,1.0
2017-4,S01013250,B26,2,1,2.0
2017-4,S01013262,B19,1,1,1.0
2017-4,S01013263,B19,2,1,2.0
2017-4,S01013286,B1,1,1,1.0
2017-4,S01013289,B19,1,1,1.0
2017-4,S01013289,B26,1,1,1.0
2017-4,S01013298,B16,1,1,1.0
2017-4,S01013298,B26,1,1,1.0
2017-4,S01013298,B27,1,1,1.0
2017-4,S01013302,B19,2,2,1.0
2017-4,S01013311,B28,1,1,1.0
2017-4,S01013336,B28,1,1,1.0
2017-4,S01013337,B1,1,1,1.0
2017-4,S01013343,B28,1,1,1.0
2017-4,S01013356,B26,1,1,1.0
2017-4,S01013368,B19,1,1,1.0
2017-4,S01013399,B19,1,1,1.0
2017-4,S01013400,B24,1,1,1.0
2017-4,S01013401,B28,1,1,1.0
2017-4,S01013407,B16,1,1,1.0
2017-4,S01013444,B25,1,1,1.0
2017-4,S01013454,B25,1,1,1.0
2017-4,S01013477,B26,1,1,1.0
2017-4,S01013481,B26,1,1,1.0
2017-4,W01000025,B25,1,1,1.0
2017-4,W01000030,B17,1,1,1.0
2017-4,W01000074,B16,1,1,1.0
2017-4,W01000084,B25,1,1,1.0
2017-4,W01000094,B25,1,1,1.0
2017-4,W01000100,B19,2,2,1.0
2017-4,W01000121,B16,1,1,1.0
2017-4,W01000126,B15,1,1,1.0
2017-4,W01000150,B17,2,1,2.0
2017-4,W01000151,B13,1,1,1.0
2017-4,W01000151,B26,1,1,1.0
2017-4,W01000152,B14,1,1,1.0
2017-4,W01000152,B19,1,1,1.0
2017-4,W01000164,B15,1,1,1.0
2017-4,W01000166,B16,1,1,1.0
2017-4,W01000166,B19,1,1,1.0
2017-4,W01000177,B26,1,1,1.0
2017-4,W01000197,B25,1,1,1.0
2017-4,W01000223,B26,1,1,1.0
2017-4,W01000253,B19,1,1,1.0
2017-4,W01000255,B28,1,1,1.0
2017-4,W01000267,B26,1,1,1.0
2017-4,W01000294,B18,1,1,1.0
2017-4,W01000300,B16,1,1,1.0
2017-4,W01000316,B16,1,1,1.0
2017-4,W01000327,B1,1,1,1.0
2017-4,W01000346,B25,1,1,1.0
2017-4,W01000368,B1,1,1,1.0
2017-4,W01000372,B19,1,1,1.0
2017-4,W01000374,B13,1,1,1.0
2017-4,W01000375,B19,1,1,1.0
2017-4,W01000375,B25,3,1,3.0
2017-4,W01000375,B28,1,1,1.0
2017-4,W01000377,B25,1,1,1.0
2017-4,W01000378,B13,1,1,1.0
2017-4,W01000378,B19,1,1,1.0
2017-4,W01000394,B25,1,1,1.0
2017-4,W01000402,B19,2,1,2.0
2017-4,W01000414,B15,1,1,1.0
2017-4,W01000414,B25,1,1,1.0
2017-4,W01000419,B16,1,1,1.0
2017-4,W01000460,B25,1,1,1.0
2017-4,W01000485,B13,1,1,1.0
2017-4,W01000488,B25,1,1,1.0
2017-4,W01000515,B14,1,1,1.0
2017-4,W01000515,B16,1,1,1.0
2017-4,W01000515,B27,1,1,1.0
2017-4,W01000516,B14,1,1,1.0
2017-4,W01000516,B19,1,1,1.0
2017-4,W01000516,B27,1,1,1.0
2017-4,W01000517,B1,1,1,1.0
2017-4,W01000518,B26,1,1,1.0
2017-4,W01000542,B28,1,1,1.0
2017-4,W01000564,B18,1,1,1.0
2017-4,W01000567,B13,1,1,1.0
2017-4,W01000568,B25,1,1,1.0
2017-4,W01000573,B24,1,1,1.0
2017-4,W01000623,B13,1,1,1.0
2017-4,W01000629,B26,1,1,1.0
2017-4,W01000646,B25,1,1,1.0
2017-4,W01000688,B13,1,1,1.0
2017-4,W01000744,B26,1,1,1.0
2017-4,W01000745,B26,1,1,1.0
2017-4,W01000747,B26,3,1,3.0
2017-4,W01000757,B13,1,1,1.0
2017-4,W01000763,B26,1,1,1.0
2017-4,W01000768,B17,1,1,1.0
2017-4,W01000768,B25,1,1,1.0
2017-4,W01000773,B19,1,1,1.0
2017-4,W01000786,B18,1,1,1.0
2017-4,W01000809,B26,1,1,1.0
2017-4,W01000826,B19,1,1,1.0
2017-4,W01000828,B19,1,1,1.0
2017-4,W01000850,B18,1,1,1.0
2017-4,W01000851,B17,1,1,1.0
2017-4,W01000871,B26,1,1,1.0
2017-4,W01000884,B26,4,1,4.0
2017-4,W01000886,B26,1,1,1.0
2017-4,W01000889,B25,1,1,1.0
2017-4,W01000890,B18,1,1,1.0
2017-4,W01000913,B19,1,1,1.0
2017-4,W01000917,B25,1,1,1.0
2017-4,W01000926,B28,1,1,1.0
2017-4,W01000933,B25,1,1,1.0
2017-4,W01000938,B6,1,1,1.0
2017-4,W01000950,B26,2,1,2.0
2017-4,W01000959,B6,1,1,1.0
2017-4,W01000967,B13,1,1,1.0
2017-4,W01000974,B15,1,1,1.0
2017-4,W01000974,B19,1,1,1.0
2017-4,W01000977,B28,1,1,1.0
2017-4,W01000979,B18,1,1,1.0
2017-4,W01000986,B17,1,1,1.0
2017-4,W01000986,B26,1,1,1.0
2017-4,W01000989,B15,1,1,1.0
2017-4,W01000989,B25,4,1,4.0
2017-4,W01000990,B1,1,1,1.0
2017-4,W01000990,B19,2,1,2.0
2017-4,W01001001,B25,1,1,1.0
2017-4,W01001001,B26,1,1,1.0
2017-4,W01001002,B26,2,2,1.0
2017-4,W01001009,B19,1,1,1.0
2017-4,W01001011,B26,1,1,1.0
2017-4,W01001015,B26,1,1,1.0
2017-4,W01001016,B6,1,1,1.0
2017-4,W01001026,B16,1,1,1.0
2017-4,W01001026,B28,1,1,1.0
2017-4,W01001027,B18,1,1,1.0
2017-4,W01001027,B19,1,1,1.0
2017-4,W01001031,B26,1,1,1.0
2017-4,W01001035,B19,1,1,1.0
2017-4,W01001038,B25,2,1,2.0
2017-4,W01001041,B1,1,1,1.0
2017-4,W01001041,B13,1,1,1.0
2017-4,W01001041,B16,1,1,1.0
2017-4,W01001041,B26,2,2,1.0
2017-4,W01001043,B26,1,1,1.0
2017-4,W01001044,B1,1,1,1.0
2017-4,W01001044,B16,1,1,1.0
2017-4,W01001053,B26,1,1,1.0
2017-4,W01001071,B25,1,1,1.0
2017-4,W01001075,B19,1,1,1.0
2017-4,W01001078,B15,1,1,1.0
2017-4,W01001078,B28,1,1,1.0
2017-4,W01001085,B17,1,1,1.0
2017-4,W01001092,B25,1,1,1.0
2017-4,W01001092,B26,1,1,1.0
2017-4,W01001099,B1,1,1,1.0
2017-4,W01001107,B19,1,1,1.0
2017-4,W01001110,B18,1,1,1.0
2017-4,W01001110,B26,1,1,1.0
2017-4,W01001113,B26,1,1,1.0
2017-4,W01001114,B26,2,1,2.0
2017-4,W01001119,B13,1,1,1.0
2017-4,W01001124,B16,1,1,1.0
2017-4,W01001125,B25,1,1,1.0
2017-4,W01001125,B26,2,2,1.0
2017-4,W01001126,B13,1,1,1.0
2017-4,W01001126,B14,1,1,1.0
2017-4,W01001135,B17,1,1,1.0
2017-4,W01001136,B13,1,1,1.0
2017-4,W01001136,B25,2,1,2.0
2017-4,W01001161,B16,1,1,1.0
2017-4,W01001161,B19,1,1,1.0
2017-4,W01001161,B25,1,1,1.0
2017-4,W01001166,B18,1,1,1.0
2017-4,W01001178,B25,1,1,1.0
2017-4,W01001183,B1,1,1,1.0
2017-4,W01001184,B24,1,1,1.0
2017-4,W01001191,B25,1,1,1.0
2017-4,W01001224,B19,1,1,1.0
2017-4,W01001242,B13,1,1,1.0
2017-4,W01001243,B19,1,1,1.0
2017-4,W01001255,B28,1,1,1.0
2017-4,W01001268,B26,1,1,1.0
2017-4,W01001273,B16,1,1,1.0
2017-4,W01001297,B1,1,1,1.0
2017-4,W01001303,B26,1,1,1.0
2017-4,W01001307,B25,1,1,1.0
2017-4,W01001312,B26,1,1,1.0
2017-4,W01001315,B26,1,1,1.0
2017-4,W01001316,B25,1,1,1.0
2017-4,W01001317,B25,1,1,1.0
2017-4,W01001330,B19,1,1,1.0
2017-4,W01001335,B16,1,1,1.0
2017-4,W01001340,B25,1,1,1.0
2017-4,W01001341,B18,1,1,1.0
2017-4,W01001355,B26,1,1,1.0
2017-4,W01001359,B25,1,1,1.0
2017-4,W01001363,B26,1,1,1.0
2017-4,W01001368,B25,1,1,1.0
2017-4,W01001372,B25,1,1,1.0
2017-4,W01001440,B1,1,1,1.0
2017-4,W01001442,B25,1,1,1.0
2017-4,W01001465,B26,1,1,1.0
2017-4,W01001479,B25,1,1,1.0
2017-4,W01001483,B24,1,1,1.0
2017-4,W01001494,B19,1,1,1.0
2017-4,W01001501,B6,1,1,1.0
2017-4,W01001505,B13,3,1,3.0
2017-4,W01001532,B26,1,1,1.0
2017-4,W01001533,B25,1,1,1.0
2017-4,W01001534,B25,1,1,1.0
2017-4,W01001539,B19,1,1,1.0
2017-4,W01001546,B26,1,1,1.0
2017-4,W01001549,B16,1,1,1.0
2017-4,W01001555,B25,1,1,1.0
2017-4,W01001559,B16,1,1,1.0
2017-4,W01001560,B13,2,1,2.0
2017-4,W01001560,B25,1,1,1.0
2017-4,W01001560,B28,1,1,1.0
2017-4,W01001561,B16,1,1,1.0
2017-4,W01001565,B25,1,1,1.0
2017-4,W01001580,B15,1,1,1.0
2017-4,W01001583,B26,1,1,1.0
2017-4,W01001586,B19,1,1,1.0
2017-4,W01001586,B6,1,1,1.0
2017-4,W01001588,B18,1,1,1.0
2017-4,W01001591,B18,1,1,1.0
2017-4,W01001592,B13,1,1,1.0
2017-4,W01001592,B28,1,1,1.0
2017-4,W01001597,B26,1,1,1.0
2017-4,W01001597,B28,1,1,1.0
2017-4,W01001599,B28,1,1,1.0
2017-4,W01001607,B26,1,1,1.0
2017-4,W01001612,B18,1,1,1.0
2017-4,W01001616,B26,1,1,1.0
2017-4,W01001627,B17,1,1,1.0
2017-4,W01001628,B25,1,1,1.0
2017-4,W01001642,B1,1,1,1.0
2017-4,W01001642,B18,1,1,1.0
2017-4,W01001644,B1,1,1,1.0
2017-4,W01001644,B18,3,1,3.0
2017-4,W01001647,B13,1,1,1.0
2017-4,W01001647,B19,1,1,1.0
2017-4,W01001660,B16,1,1,1.0
2017-4,W01001660,B28,1,1,1.0
2017-4,W01001662,B18,5,2,2.5
2017-4,W01001662,B26,1,1,1.0
2017-4,W01001665,B18,1,1,1.0
2017-4,W01001686,B26,1,1,1.0
2017-4,W01001687,B1,1,1,1.0
2017-4,W01001687,B16,1,1,1.0
2017-4,W01001691,B1,1,1,1.0
2017-4,W01001693,B18,2,2,1.0
2017-4,W01001694,B26,4,3,1.3333333333333333
2017-4,W01001695,B13,2,1,2.0
2017-4,W01001695,B14,1,1,1.0
2017-4,W01001695,B25,1,1,1.0
2017-4,W01001695,B26,1,1,1.0
2017-4,W01001696,B26,5,2,2.5
2017-4,W01001697,B26,2,2,1.0
2017-4,W01001698,B26,1,1,1.0
2017-4,W01001702,B13,1,1,1.0
2017-4,W01001709,B15,2,1,2.0
2017-4,W01001711,B25,1,1,1.0
2017-4,W01001714,B26,1,1,1.0
2017-4,W01001715,B15,1,1,1.0
2017-4,W01001715,B26,1,1,1.0
2017-4,W01001717,B26,1,1,1.0
2017-4,W01001718,B26,1,1,1.0
2017-4,W01001719,B26,1,1,1.0
2017-4,W01001720,B26,1,1,1.0
2017-4,W01001725,B26,3,2,1.5
2017-4,W01001726,B26,1,1,1.0
2017-4,W01001727,B13,1,1,1.0
2017-4,W01001732,B19,1,1,1.0
2017-4,W01001734,B16,1,1,1.0
2017-4,W01001734,B19,1,1,1.0
2017-4,W01001742,B26,1,1,1.0
2017-4,W01001746,B26,1,1,1.0
2017-4,W01001755,B26,1,1,1.0
2017-4,W01001757,B26,2,2,1.0
2017-4,W01001759,B25,1,1,1.0
2017-4,W01001761,B18,2,2,1.0
2017-4,W01001762,B28,1,1,1.0
2017-4,W01001768,B16,1,1,1.0
2017-4,W01001768,B26,1,1,1.0
2017-4,W01001769,B19,1,1,1.0
2017-4,W01001770,B15,1,1,1.0
2017-4,W01001770,B19,1,1,1.0
2017-4,W01001774,B17,1,1,1.0
2017-4,W01001777,B25,1,1,1.0
2017-4,W01001789,B26,1,1,1.0
2017-4,W01001790,B18,1,1,1.0
2017-4,W01001792,B28,1,1,1.0
2017-4,W01001805,B25,1,1,1.0
2017-4,W01001805,B26,1,1,1.0
2017-4,W01001807,B18,1,1,1.0
2017-4,W01001809,B16,1,1,1.0
2017-4,W01001809,B18,2,1,2.0
2017-4,W01001811,B26,1,1,1.0
2017-4,W01001815,B15,1,1,1.0
2017-4,W01001817,B16,1,1,1.0
2017-4,W01001818,B18,1,1,1.0
2017-4,W01001823,B26,1,1,1.0
2017-4,W01001824,B26,5,3,1.6666666666666667
2017-4,W01001825,B25,1,1,1.0
2017-4,W01001825,B26,2,2,1.0
2017-4,W01001829,B26,2,2,1.0
2017-4,W01001830,B26,3,2,1.5
2017-4,W01001831,B16,1,1,1.0
2017-4,W01001831,B26,2,2,1.0
2017-4,W01001834,B13,1,1,1.0
2017-4,W01001834,B26,2,2,1.0
2017-4,W01001835,B26,2,2,1.0
2017-4,W01001837,B26,1,1,1.0
2017-4,W01001838,B26,1,1,1.0
2017-4,W01001839,B26,2,2,1.0
2017-4,W01001839,B6,1,1,1.0
2017-4,W01001840,B25,1,1,1.0
2017-4,W01001843,B13,1,1,1.0
2017-4,W01001852,B25,1,1,1.0
2017-4,W01001853,B13,1,1,1.0
2017-4,W01001856,B26,1,1,1.0
2017-4,W01001857,B18,1,1,1.0
2017-4,W01001858,B26,1,1,1.0
2017-4,W01001860,B17,1,1,1.0
2017-4,W01001861,B26,4,2,2.0
2017-4,W01001862,B25,2,2,1.0
2017-4,W01001869,B25,1,1,1.0
2017-4,W01001870,B6,1,1,1.0
2017-4,W01001873,B13,1,1,1.0
2017-4,W01001873,B26,1,1,1.0
2017-4,W01001878,B17,1,1,1.0
2017-4,W01001885,B16,1,1,1.0
2017-4,W01001885,B26,1,1,1.0
2017-4,W01001888,B26,1,1,1.0
2017-4,W01001888,B28,1,1,1.0
2017-4,W01001889,B28,1,1,1.0
2017-4,W01001890,B25,1,1,1.0
2017-4,W01001891,B17,1,1,1.0
2017-4,W01001892,B14,1,1,1.0
2017-4,W01001896,B26,1,1,1.0
2017-4,W01001899,B13,1,1,1.0
2017-4,W01001905,B28,3,3,1.0
2017-4,W01001906,B18,1,1,1.0
2017-4,W01001907,B25,1,1,1.0
2017-4,W01001919,B26,1,1,1.0
2017-4,W01001919,B28,1,1,1.0
2017-4,W01001920,B26,2,2,1.0
2017-4,W01001923,B15,1,1,1.0
2017-4,W01001926,B13,2,1,2.0
2017-4,W01001926,B14,1,1,1.0
2017-4,W01001930,B16,1,1,1.0
2017-4,W01001935,B14,1,1,1.0
2017-4,W01001935,B15,1,1,1.0
2017-4,W01001939,B19,5,1,5.0
2017-4,W01001939,B24,1,1,1.0
2017-4,W01001941,B19,1,1,1.0
2017-4,W01001941,B26,2,2,1.0
2017-4,W01001943,B16,1,1,1.0
2017-4,W01001944,B28,1,1,1.0
2017-4,W01001945,B16,1,1,1.0
2017-4,W01001945,B18,1,1,1.0
2017-4,W01001945,B26,1,1,1.0
2017-4,W01001946,B16,1,1,1.0
2017-4,W01001946,B26,1,1,1.0
2017-4,W01001947,B16,1,1,1.0
2017-4,W01001947,B26,2,1,2.0
2017-4,W01001947,B28,2,1,2.0
2017-4,W01001949,B18,1,1,1.0
2017-4,W01001951,B28,1,1,1.0
2017-4,W01001953,B25,1,1,1.0
2017-4,W01001955,B16,1,1,1.0
2017-4,W01001955,B19,1,1,1.0
2017-4,W01001955,B25,1,1,1.0
