period,LSOA,SHEF_B_CODE,report_count,user_count,average
2017-5,,B14,1,1,1.0
2017-5,,B24,1,1,1.0
2017-5,,B28,1,1,1.0
2017-5,95CC19W1,B28,1,1,1.0
2017-5,95DD03W1,B28,1,1,1.0
2017-5,95FF03W1,B1,1,1,1.0
2017-5,95FF03W1,B16,1,1,1.0
2017-5,95GG06S3,B15,1,1,1.0
2017-5,95GG12S1,B19,1,1,1.0
2017-5,95GG22S1,B26,1,1,1.0
2017-5,95GG22S2,B18,1,1,1.0
2017-5,95GG47S1,B1,1,1,1.0
2017-5,95GG50S1,B26,1,1,1.0
2017-5,95GG50S2,B26,1,1,1.0
2017-5,95LL13S2,B19,1,1,1.0
2017-5,95NN05W1,B26,1,1,1.0
2017-5,95NN09S2,B19,1,1,1.0
2017-5,95NN09S2,B24,1,1,1.0
2017-5,95NN22W1,B27,3,1,3.0
2017-5,95OO06W1,B26,1,1,1.0
2017-5,95SS06S1,B28,1,1,1.0
2017-5,95SS18S2,B26,1,1,1.0
2017-5,95WW02S1,B28,1,1,1.0
2017-5,95XX02W1,B26,1,1,1.0
2017-5,95XX02W1,B28,1,1,1.0
2017-5,95XX05W1,B19,1,1,1.0
2017-5,E01000001,B14,1,1,1.0
2017-5,E01000007,B25,1,1,1.0
2017-5,E01000017,B26,1,1,1.0
2017-5,E01000025,B26,1,1,1.0
2017-5,E01000029,B19,1,1,1.0
2017-5,E01000042,B1,2,1,2.0
2017-5,E01000050,B25,1,1,1.0
2017-5,E01000054,B19,1,1,1.0
2017-5,E01000056,B19,1,1,1.0
2017-5,E01000062,B1,1,1,1.0
2017-5,E01000072,B19,1,1,1.0
2017-5,E01000085,B26,1,1,1.0
2017-5,E01000091,B19,1,1,1.0
2017-5,E01000112,B25,1,1,1.0
2017-5,E01000116,B25,1,1,1.0
2017-5,E01000117,B26,2,1,2.0
2017-5,E01000119,B12,1,1,1.0
2017-5,E01000125,B1,2,1,2.0
2017-5,E01000125,B26,5,2,2.5
2017-5,E01000125,B6,1,1,1.0
2017-5,E01000127,B1,1,1,1.0
2017-5,E01000127,B25,1,1,1.0
2017-5,E01000127,B26,3,2,1.5
2017-5,E01000128,B1,1,1,1.0
2017-5,E01000128,B26,3,3,1.0
2017-5,E01000129,B12,1,1,1.0
2017-5,E01000132,B25,1,1,1.0
2017-5,E01000132,B26,9,2,4.5
2017-5,E01000133,B26,1,1,1.0
2017-5,E01000134,B1,1,1,1.0
2017-5,E01000136,B7,1,1,1.0
2017-5,E01000140,B25,1,1,1.0
2017-5,E01000142,B26,1,1,1.0
2017-5,E01000143,B13,1,1,1.0
2017-5,E01000146,B19,1,1,1.0
2017-5,E01000147,B25,1,1,1.0
2017-5,E01000147,B26,1,1,1.0
2017-5,E01000148,B19,1,1,1.0
2017-5,E01000148,B25,2,2,1.0
2017-5,E01000150,B26,1,1,1.0
2017-5,E01000153,B1,1,1,1.0
2017-5,E01000153,B26,2,1,2.0
2017-5,E01000158,B19,1,1,1.0
2017-5,E01000158,B26,1,1,1.0
2017-5,E01000160,B17,1,1,1.0
2017-5,E01000160,B26,5,3,1.6666666666666667
2017-5,E01000160,B7,1,1,1.0
2017-5,E01000161,B25,1,1,1.0
2017-5,E01000162,B26,1,1,1.0
2017-5,E01000164,B25,1,1,1.0
2017-5,E01000165,B26,1,1,1.0
2017-5,E01000170,B26,2,1,2.0
2017-5,E01000173,B17,1,1,1.0
2017-5,E01000175,B17,1,1,1.0
2017-5,E01000177,B13,1,1,1.0
2017-5,E01000177,B26,1,1,1.0
2017-5,E01000178,B17,1,1,1.0
2017-5,E01000179,B26,2,2,1.0
2017-5,E01000180,B26,1,1,1.0
2017-5,E01000181,B17,1,1,1.0
2017-5,E01000189,B25,1,1,1.0
2017-5,E01000190,B25,4,1,4.0
2017-5,E01000193,B17,1,1,1.0
2017-5,E01000193,B19,1,1,1.0
2017-5,E01000194,B17,1,1,1.0
2017-5,E01000194,B6,1,1,1.0
2017-5,E01000196,B25,2,2,1.0
2017-5,E01000198,B7,1,1,1.0
2017-5,E01000201,B25,1,1,1.0
2017-5,E01000202,B13,1,1,1.0
2017-5,E01000207,B26,1,1,1.0
2017-5,E01000208,B26,1,1,1.0
2017-5,E01000211,B19,1,1,1.0
2017-5,E01000211,B26,1,1,1.0
2017-5,E01000212,B24,1,1,1.0
2017-5,E01000214,B25,1,1,1.0
2017-5,E01000218,B17,1,1,1.0
2017-5,E01000223,B26,1,1,1.0
2017-5,E01000226,B25,1,1,1.0
2017-5,E01000227,B17,1,1,1.0
2017-5,E01000228,B17,1,1,1.0
2017-5,E01000228,B7,1,1,1.0
2017-5,E01000231,B24,1,1,1.0
2017-5,E01000232,B26,1,1,1.0
2017-5,E01000233,B19,1,1,1.0
2017-5,E01000234,B26,1,1,1.0
2017-5,E01000235,B25,1,1,1.0
2017-5,E01000235,B26,2,1,2.0
2017-5,E01000236,B26,1,1,1.0
2017-5,E01000238,B25,1,1,1.0
2017-5,E01000238,B26,1,1,1.0
2017-5,E01000242,B25,1,1,1.0
2017-5,E01000242,B26,1,1,1.0
2017-5,E01000243,B26,2,2,1.0
2017-5,E01000244,B26,1,1,1.0
2017-5,E01000246,B17,1,1,1.0
2017-5,E01000246,B26,2,2,1.0
2017-5,E01000247,B14,1,1,1.0
2017-5,E01000248,B13,4,2,2.0
2017-5,E01000248,B19,1,1,1.0
2017-5,E01000250,B12,1,1,1.0
2017-5,E01000250,B13,5,1,5.0
2017-5,E01000250,B25,1,1,1.0
2017-5,E01000250,B26,5,3,1.6666666666666667
2017-5,E01000250,B28,1,1,1.0
2017-5,E01000251,B19,2,1,2.0
2017-5,E01000252,B28,1,1,1.0
2017-5,E01000253,B1,1,1,1.0
2017-5,E01000254,B13,1,1,1.0
2017-5,E01000254,B2,1,1,1.0
2017-5,E01000255,B26,1,1,1.0
2017-5,E01000259,B25,1,1,1.0
2017-5,E01000260,B26,4,1,4.0
2017-5,E01000262,B25,2,1,2.0
2017-5,E01000263,B28,1,1,1.0
2017-5,E01000266,B19,1,1,1.0
2017-5,E01000268,B1,1,1,1.0
2017-5,E01000269,B19,1,1,1.0
2017-5,E01000270,B17,2,2,1.0
2017-5,E01000271,B19,2,1,2.0
2017-5,E01000271,B7,1,1,1.0
2017-5,E01000273,B17,2,2,1.0
2017-5,E01000273,B19,1,1,1.0
2017-5,E01000275,B25,1,1,1.0
2017-5,E01000279,B17,1,1,1.0
2017-5,E01000280,B17,1,1,1.0
2017-5,E01000280,B26,1,1,1.0
2017-5,E01000281,B26,1,1,1.0
2017-5,E01000282,B13,1,1,1.0
2017-5,E01000283,B17,1,1,1.0
2017-5,E01000283,B26,1,1,1.0
2017-5,E01000284,B26,1,1,1.0
2017-5,E01000285,B25,1,1,1.0
2017-5,E01000287,B13,1,1,1.0
2017-5,E01000288,B24,1,1,1.0
2017-5,E01000289,B26,2,2,1.0
2017-5,E01000289,B7,1,1,1.0
2017-5,E01000291,B14,1,1,1.0
2017-5,E01000292,B13,1,1,1.0
2017-5,E01000292,B17,1,1,1.0
2017-5,E01000296,B13,1,1,1.0
2017-5,E01000298,B25,1,1,1.0
2017-5,E01000303,B17,1,1,1.0
2017-5,E01000304,B26,3,2,1.5
2017-5,E01000305,B1,1,1,1.0
2017-5,E01000306,B13,1,1,1.0
2017-5,E01000308,B17,2,1,2.0
2017-5,E01000309,B19,1,1,1.0
2017-5,E01000309,B25,1,1,1.0
2017-5,E01000311,B17,1,1,1.0
2017-5,E01000312,B26,2,2,1.0
2017-5,E01000315,B17,1,1,1.0
2017-5,E01000315,B25,1,1,1.0
2017-5,E01000316,B13,1,1,1.0
2017-5,E01000316,B25,2,1,2.0
2017-5,E01000317,B25,1,1,1.0
2017-5,E01000324,B25,2,2,1.0
2017-5,E01000326,B26,1,1,1.0
2017-5,E01000328,B14,1,1,1.0
2017-5,E01000331,B19,1,1,1.0
2017-5,E01000333,B19,1,1,1.0
2017-5,E01000335,B26,1,1,1.0
2017-5,E01000336,B26,4,1,4.0
2017-5,E01000342,B16,1,1,1.0
2017-5,E01000343,B16,1,1,1.0
2017-5,E01000355,B14,1,1,1.0
2017-5,E01000357,B13,1,1,1.0
2017-5,E01000361,B16,1,1,1.0
2017-5,E01000367,B26,1,1,1.0
2017-5,E01000368,B19,1,1,1.0
2017-5,E01000368,B26,1,1,1.0
2017-5,E01000372,B25,1,1,1.0
2017-5,E01000375,B16,1,1,1.0
2017-5,E01000375,B19,1,1,1.0
2017-5,E01000378,B1,1,1,1.0
2017-5,E01000378,B13,1,1,1.0
2017-5,E01000379,B13,1,1,1.0
2017-5,E01000379,B26,1,1,1.0
2017-5,E01000387,B26,1,1,1.0
2017-5,E01000389,B19,1,1,1.0
2017-5,E01000390,B24,1,1,1.0
2017-5,E01000406,B13,1,1,1.0
2017-5,E01000418,B26,1,1,1.0
2017-5,E01000424,B28,1,1,1.0
2017-5,E01000428,B14,4,1,4.0
2017-5,E01000428,B15,1,1,1.0
2017-5,E01000428,B16,4,1,4.0
2017-5,E01000428,B17,1,1,1.0
2017-5,E01000428,B24,2,1,2.0
2017-5,E01000428,B26,2,1,2.0
2017-5,E01000428,B6,2,1,2.0
2017-5,E01000437,B13,1,1,1.0
2017-5,E01000438,B26,1,1,1.0
2017-5,E01000441,B26,1,1,1.0
2017-5,E01000445,B1,1,1,1.0
2017-5,E01000445,B19,1,1,1.0
2017-5,E01000447,B26,2,1,2.0
2017-5,E01000450,B25,1,1,1.0
2017-5,E01000454,B1,1,1,1.0
2017-5,E01000457,B25,1,1,1.0
2017-5,E01000458,B26,1,1,1.0
2017-5,E01000459,B26,1,1,1.0
2017-5,E01000460,B28,1,1,1.0
2017-5,E01000466,B19,1,1,1.0
2017-5,E01000470,B6,1,1,1.0
2017-5,E01000471,B25,1,1,1.0
2017-5,E01000473,B13,1,1,1.0
2017-5,E01000497,B26,1,1,1.0
2017-5,E01000508,B26,1,1,1.0
2017-5,E01000525,B13,1,1,1.0
2017-5,E01000530,B26,1,1,1.0
2017-5,E01000541,B25,1,1,1.0
2017-5,E01000545,B26,1,1,1.0
2017-5,E01000546,B14,1,1,1.0
2017-5,E01000546,B16,1,1,1.0
2017-5,E01000547,B24,1,1,1.0
2017-5,E01000550,B26,1,1,1.0
2017-5,E01000550,B28,1,1,1.0
2017-5,E01000569,B1,1,1,1.0
2017-5,E01000576,B26,1,1,1.0
2017-5,E01000578,B17,1,1,1.0
2017-5,E01000588,B26,1,1,1.0
2017-5,E01000592,B19,1,1,1.0
2017-5,E01000594,B25,1,1,1.0
2017-5,E01000600,B13,1,1,1.0
2017-5,E01000605,B26,1,1,1.0
2017-5,E01000624,B15,1,1,1.0
2017-5,E01000624,B19,1,1,1.0
2017-5,E01000638,B26,1,1,1.0
2017-5,E01000645,B1,3,3,1.0
2017-5,E01000645,B23,2,2,1.0
2017-5,E01000645,B25,2,1,2.0
2017-5,E01000645,B26,2,2,1.0
2017-5,E01000646,B25,1,1,1.0
2017-5,E01000646,B26,2,2,1.0
2017-5,E01000646,B28,2,2,1.0
2017-5,E01000646,B8,1,1,1.0
2017-5,E01000647,B1,1,1,1.0
2017-5,E01000647,B14,1,1,1.0
2017-5,E01000647,B17,1,1,1.0
2017-5,E01000647,B26,2,2,1.0
2017-5,E01000648,B1,1,1,1.0
2017-5,E01000648,B25,2,2,1.0
2017-5,E01000648,B26,1,1,1.0
2017-5,E01000649,B19,1,1,1.0
2017-5,E01000649,B26,2,2,1.0
2017-5,E01000650,B15,1,1,1.0
2017-5,E01000650,B17,1,1,1.0
2017-5,E01000650,B23,1,1,1.0
2017-5,E01000650,B24,1,1,1.0
2017-5,E01000650,B25,2,2,1.0
2017-5,E01000650,B7,1,1,1.0
2017-5,E01000651,B1,2,2,1.0
2017-5,E01000651,B19,1,1,1.0
2017-5,E01000651,B25,1,1,1.0
2017-5,E01000651,B26,1,1,1.0
2017-5,E01000652,B14,1,1,1.0
2017-5,E01000652,B26,2,2,1.0
2017-5,E01000652,B28,1,1,1.0
2017-5,E01000653,B1,2,2,1.0
2017-5,E01000653,B17,1,1,1.0
2017-5,E01000653,B25,1,1,1.0
2017-5,E01000653,B26,1,1,1.0
2017-5,E01000654,B17,2,2,1.0
2017-5,E01000654,B28,1,1,1.0
2017-5,E01000655,B1,1,1,1.0
2017-5,E01000655,B17,1,1,1.0
2017-5,E01000655,B19,2,2,1.0
2017-5,E01000655,B25,1,1,1.0
2017-5,E01000655,B7,2,1,2.0
2017-5,E01000656,B17,3,3,1.0
2017-5,E01000656,B23,1,1,1.0
2017-5,E01000656,B25,1,1,1.0
2017-5,E01000656,B26,4,4,1.0
2017-5,E01000656,B8,2,2,1.0
2017-5,E01000657,B26,2,2,1.0
2017-5,E01000658,B14,1,1,1.0
2017-5,E01000658,B23,1,1,1.0
2017-5,E01000658,B26,2,2,1.0
2017-5,E01000659,B17,1,1,1.0
2017-5,E01000659,B28,1,1,1.0
2017-5,E01000661,B14,3,2,1.5
2017-5,E01000661,B17,2,2,1.0
2017-5,E01000661,B24,3,1,3.0
2017-5,E01000661,B26,13,2,6.5
2017-5,E01000661,B28,2,2,1.0
2017-5,E01000661,B7,1,1,1.0
2017-5,E01000662,B14,1,1,1.0
2017-5,E01000662,B25,2,2,1.0
2017-5,E01000662,B26,1,1,1.0
2017-5,E01000662,B28,2,2,1.0
2017-5,E01000663,B17,1,1,1.0
2017-5,E01000663,B26,3,3,1.0
2017-5,E01000664,B1,1,1,1.0
2017-5,E01000664,B15,1,1,1.0
2017-5,E01000664,B17,1,1,1.0
2017-5,E01000664,B19,2,2,1.0
2017-5,E01000664,B24,1,1,1.0
2017-5,E01000664,B26,3,3,1.0
2017-5,E01000665,B1,2,2,1.0
2017-5,E01000665,B14,1,1,1.0
2017-5,E01000665,B17,1,1,1.0
2017-5,E01000665,B19,2,2,1.0
2017-5,E01000665,B24,1,1,1.0
2017-5,E01000665,B26,5,1,5.0
2017-5,E01000666,B1,1,1,1.0
2017-5,E01000666,B14,1,1,1.0
2017-5,E01000666,B15,3,2,1.5
2017-5,E01000666,B17,2,2,1.0
2017-5,E01000666,B19,1,1,1.0
2017-5,E01000666,B25,2,2,1.0
2017-5,E01000666,B26,4,3,1.3333333333333333
2017-5,E01000666,B28,2,2,1.0
2017-5,E01000666,B8,2,2,1.0
2017-5,E01000667,B1,6,6,1.0
2017-5,E01000667,B15,1,1,1.0
2017-5,E01000667,B17,2,2,1.0
2017-5,E01000667,B19,1,1,1.0
2017-5,E01000667,B25,3,3,1.0
2017-5,E01000667,B26,2,1,2.0
2017-5,E01000667,B28,2,2,1.0
2017-5,E01000668,B1,1,1,1.0
2017-5,E01000668,B14,3,1,3.0
2017-5,E01000668,B15,2,2,1.0
2017-5,E01000668,B17,4,1,4.0
2017-5,E01000668,B25,1,1,1.0
2017-5,E01000668,B26,18,4,4.5
2017-5,E01000668,B28,2,2,1.0
2017-5,E01000669,B17,4,2,2.0
2017-5,E01000669,B19,2,2,1.0
2017-5,E01000669,B26,7,2,3.5
2017-5,E01000669,B28,1,1,1.0
2017-5,E01000670,B17,1,1,1.0
2017-5,E01000670,B19,1,1,1.0
2017-5,E01000670,B25,1,1,1.0
2017-5,E01000670,B26,2,2,1.0
2017-5,E01000670,B8,3,2,1.5
2017-5,E01000671,B14,1,1,1.0
2017-5,E01000671,B17,1,1,1.0
2017-5,E01000671,B24,1,1,1.0
2017-5,E01000671,B26,4,3,1.3333333333333333
2017-5,E01000671,B28,1,1,1.0
2017-5,E01000672,B1,1,1,1.0
2017-5,E01000672,B17,1,1,1.0
2017-5,E01000672,B26,11,3,3.6666666666666665
2017-5,E01000673,B17,3,3,1.0
2017-5,E01000673,B19,1,1,1.0
2017-5,E01000673,B24,1,1,1.0
2017-5,E01000673,B25,3,3,1.0
2017-5,E01000673,B26,6,4,1.5
2017-5,E01000673,B28,2,2,1.0
2017-5,E01000674,B17,4,2,2.0
2017-5,E01000674,B25,1,1,1.0
2017-5,E01000674,B26,3,3,1.0
2017-5,E01000675,B14,2,1,2.0
2017-5,E01000675,B17,1,1,1.0
2017-5,E01000675,B19,4,3,1.3333333333333333
2017-5,E01000675,B23,4,2,2.0
2017-5,E01000675,B24,2,2,1.0
2017-5,E01000675,B25,2,2,1.0
2017-5,E01000675,B26,7,4,1.75
2017-5,E01000675,B28,3,3,1.0
2017-5,E01000675,B7,1,1,1.0
2017-5,E01000676,B1,2,2,1.0
2017-5,E01000676,B10,1,1,1.0
2017-5,E01000676,B14,2,2,1.0
2017-5,E01000676,B17,1,1,1.0
2017-5,E01000676,B19,5,4,1.25
2017-5,E01000676,B25,1,1,1.0
2017-5,E01000676,B26,9,8,1.125
2017-5,E01000676,B28,1,1,1.0
2017-5,E01000676,B7,1,1,1.0
2017-5,E01000677,B1,1,1,1.0
2017-5,E01000677,B15,1,1,1.0
2017-5,E01000677,B17,6,6,1.0
2017-5,E01000677,B19,3,2,1.5
2017-5,E01000677,B26,4,3,1.3333333333333333
2017-5,E01000678,B17,1,1,1.0
2017-5,E01000678,B19,1,1,1.0
2017-5,E01000678,B23,1,1,1.0
2017-5,E01000678,B26,5,4,1.25
2017-5,E01000678,B28,2,2,1.0
2017-5,E01000678,B8,1,1,1.0
2017-5,E01000679,B1,1,1,1.0
2017-5,E01000679,B15,1,1,1.0
2017-5,E01000679,B17,1,1,1.0
2017-5,E01000679,B23,1,1,1.0
2017-5,E01000679,B28,1,1,1.0
2017-5,E01000679,B7,1,1,1.0
2017-5,E01000680,B1,1,1,1.0
2017-5,E01000680,B17,2,2,1.0
2017-5,E01000680,B19,1,1,1.0
2017-5,E01000680,B24,1,1,1.0
2017-5,E01000680,B25,1,1,1.0
2017-5,E01000680,B26,7,6,1.1666666666666667
2017-5,E01000680,B28,4,3,1.3333333333333333
2017-5,E01000680,B8,2,1,2.0
2017-5,E01000681,B14,1,1,1.0
2017-5,E01000681,B17,2,2,1.0
2017-5,E01000681,B19,1,1,1.0
2017-5,E01000681,B26,3,3,1.0
2017-5,E01000682,B1,1,1,1.0
2017-5,E01000682,B26,2,2,1.0
2017-5,E01000683,B17,5,5,1.0
2017-5,E01000683,B19,1,1,1.0
2017-5,E01000683,B26,1,1,1.0
2017-5,E01000683,B28,2,1,2.0
2017-5,E01000684,B17,1,1,1.0
2017-5,E01000685,B15,1,1,1.0
2017-5,E01000685,B17,1,1,1.0
2017-5,E01000685,B23,3,2,1.5
2017-5,E01000685,B26,3,3,1.0
2017-5,E01000685,B28,1,1,1.0
2017-5,E01000686,B1,1,1,1.0
2017-5,E01000686,B14,1,1,1.0
2017-5,E01000686,B17,2,2,1.0
2017-5,E01000686,B23,4,4,1.0
2017-5,E01000686,B26,5,5,1.0
2017-5,E01000686,B28,1,1,1.0
2017-5,E01000687,B17,1,1,1.0
2017-5,E01000687,B23,1,1,1.0
2017-5,E01000687,B25,1,1,1.0
2017-5,E01000687,B26,2,2,1.0
2017-5,E01000687,B28,1,1,1.0
2017-5,E01000688,B17,1,1,1.0
2017-5,E01000688,B19,1,1,1.0
2017-5,E01000688,B24,1,1,1.0
2017-5,E01000688,B26,1,1,1.0
2017-5,E01000688,B28,2,2,1.0
2017-5,E01000689,B17,2,2,1.0
2017-5,E01000689,B19,1,1,1.0
2017-5,E01000689,B26,6,6,1.0
2017-5,E01000690,B1,1,1,1.0
2017-5,E01000690,B17,1,1,1.0
2017-5,E01000690,B26,3,3,1.0
2017-5,E01000690,B28,2,2,1.0
2017-5,E01000691,B14,1,1,1.0
2017-5,E01000691,B17,1,1,1.0
2017-5,E01000691,B26,1,1,1.0
2017-5,E01000691,B28,2,2,1.0
2017-5,E01000692,B1,2,2,1.0
2017-5,E01000692,B17,2,1,2.0
2017-5,E01000692,B19,1,1,1.0
2017-5,E01000692,B24,1,1,1.0
2017-5,E01000692,B26,3,3,1.0
2017-5,E01000693,B1,4,2,2.0
2017-5,E01000693,B17,1,1,1.0
2017-5,E01000693,B19,1,1,1.0
2017-5,E01000693,B23,1,1,1.0
2017-5,E01000693,B25,1,1,1.0
2017-5,E01000693,B26,7,2,3.5
2017-5,E01000693,B7,1,1,1.0
2017-5,E01000694,B17,2,2,1.0
2017-5,E01000694,B19,3,3,1.0
2017-5,E01000694,B24,1,1,1.0
2017-5,E01000694,B25,2,2,1.0
2017-5,E01000694,B28,2,2,1.0
2017-5,E01000695,B1,1,1,1.0
2017-5,E01000695,B17,1,1,1.0
2017-5,E01000695,B19,1,1,1.0
2017-5,E01000695,B26,1,1,1.0
2017-5,E01000696,B10,1,1,1.0
2017-5,E01000696,B19,1,1,1.0
2017-5,E01000696,B26,1,1,1.0
2017-5,E01000696,B7,1,1,1.0
2017-5,E01000696,B8,1,1,1.0
2017-5,E01000697,B14,1,1,1.0
2017-5,E01000697,B17,1,1,1.0
2017-5,E01000697,B19,3,3,1.0
2017-5,E01000697,B25,2,2,1.0
2017-5,E01000697,B26,2,2,1.0
2017-5,E01000697,B28,1,1,1.0
2017-5,E01000698,B14,1,1,1.0
2017-5,E01000698,B19,1,1,1.0
2017-5,E01000698,B26,3,3,1.0
2017-5,E01000698,B8,1,1,1.0
2017-5,E01000699,B17,3,2,1.5
2017-5,E01000699,B19,2,1,2.0
2017-5,E01000699,B25,1,1,1.0
2017-5,E01000699,B26,8,6,1.3333333333333333
2017-5,E01000699,B28,1,1,1.0
2017-5,E01000700,B1,1,1,1.0
2017-5,E01000700,B14,1,1,1.0
2017-5,E01000700,B17,1,1,1.0
2017-5,E01000700,B26,3,2,1.5
2017-5,E01000700,B28,1,1,1.0
2017-5,E01000701,B1,1,1,1.0
2017-5,E01000701,B17,2,2,1.0
2017-5,E01000701,B23,1,1,1.0
2017-5,E01000701,B26,9,2,4.5
2017-5,E01000702,B14,2,1,2.0
2017-5,E01000702,B25,1,1,1.0
2017-5,E01000702,B26,1,1,1.0
2017-5,E01000702,B28,1,1,1.0
2017-5,E01000703,B14,2,2,1.0
2017-5,E01000703,B17,1,1,1.0
2017-5,E01000703,B19,1,1,1.0
2017-5,E01000703,B23,1,1,1.0
2017-5,E01000703,B25,1,1,1.0
2017-5,E01000703,B26,5,3,1.6666666666666667
2017-5,E01000704,B1,1,1,1.0
2017-5,E01000704,B17,1,1,1.0
2017-5,E01000704,B19,1,1,1.0
2017-5,E01000704,B25,1,1,1.0
2017-5,E01000704,B26,1,1,1.0
2017-5,E01000704,B28,1,1,1.0
2017-5,E01000705,B17,2,1,2.0
2017-5,E01000705,B26,3,3,1.0
2017-5,E01000705,B8,1,1,1.0
2017-5,E01000706,B1,2,2,1.0
2017-5,E01000706,B17,1,1,1.0
2017-5,E01000706,B19,1,1,1.0
2017-5,E01000706,B26,5,4,1.25
2017-5,E01000706,B7,1,1,1.0
2017-5,E01000707,B17,1,1,1.0
2017-5,E01000707,B19,1,1,1.0
2017-5,E01000707,B23,1,1,1.0
2017-5,E01000707,B26,1,1,1.0
2017-5,E01000707,B8,1,1,1.0
2017-5,E01000708,B26,4,4,1.0
2017-5,E01000708,B28,1,1,1.0
2017-5,E01000708,B7,2,2,1.0
2017-5,E01000709,B17,2,2,1.0
2017-5,E01000709,B19,1,1,1.0
2017-5,E01000709,B26,3,3,1.0
2017-5,E01000710,B1,1,1,1.0
2017-5,E01000710,B17,1,1,1.0
2017-5,E01000710,B25,1,1,1.0
2017-5,E01000710,B26,6,6,1.0
2017-5,E01000711,B17,3,3,1.0
2017-5,E01000711,B25,1,1,1.0
2017-5,E01000711,B26,3,3,1.0
2017-5,E01000712,B17,3,2,1.5
2017-5,E01000712,B24,1,1,1.0
2017-5,E01000712,B25,3,2,1.5
2017-5,E01000713,B1,3,3,1.0
2017-5,E01000713,B17,1,1,1.0
2017-5,E01000713,B23,1,1,1.0
2017-5,E01000713,B7,2,1,2.0
2017-5,E01000714,B1,1,1,1.0
2017-5,E01000714,B17,1,1,1.0
2017-5,E01000714,B19,1,1,1.0
2017-5,E01000714,B25,2,2,1.0
2017-5,E01000714,B26,3,3,1.0
2017-5,E01000714,B28,2,2,1.0
2017-5,E01000715,B1,2,2,1.0
2017-5,E01000715,B17,2,2,1.0
2017-5,E01000715,B19,1,1,1.0
2017-5,E01000715,B26,1,1,1.0
2017-5,E01000716,B19,2,2,1.0
2017-5,E01000717,B14,1,1,1.0
2017-5,E01000717,B26,2,1,2.0
2017-5,E01000718,B1,3,3,1.0
2017-5,E01000718,B26,4,4,1.0
2017-5,E01000719,B1,1,1,1.0
2017-5,E01000719,B17,3,2,1.5
2017-5,E01000719,B19,1,1,1.0
2017-5,E01000719,B25,2,2,1.0
2017-5,E01000719,B26,9,4,2.25
2017-5,E01000719,B28,1,1,1.0
2017-5,E01000720,B1,1,1,1.0
2017-5,E01000720,B25,1,1,1.0
2017-5,E01000720,B26,11,8,1.375
2017-5,E01000721,B1,1,1,1.0
2017-5,E01000721,B19,1,1,1.0
2017-5,E01000721,B26,3,2,1.5
2017-5,E01000722,B1,2,2,1.0
2017-5,E01000722,B17,3,3,1.0
2017-5,E01000722,B19,2,2,1.0
2017-5,E01000722,B23,1,1,1.0
2017-5,E01000722,B25,1,1,1.0
2017-5,E01000722,B26,8,7,1.1428571428571428
2017-5,E01000723,B17,1,1,1.0
2017-5,E01000723,B23,1,1,1.0
2017-5,E01000723,B26,2,2,1.0
2017-5,E01000724,B1,2,2,1.0
2017-5,E01000724,B14,1,1,1.0
2017-5,E01000724,B17,1,1,1.0
2017-5,E01000724,B19,1,1,1.0
2017-5,E01000724,B25,1,1,1.0
2017-5,E01000724,B26,3,3,1.0
2017-5,E01000724,B28,2,2,1.0
2017-5,E01000725,B1,1,1,1.0
2017-5,E01000725,B15,1,1,1.0
2017-5,E01000725,B19,1,1,1.0
2017-5,E01000725,B23,1,1,1.0
2017-5,E01000725,B25,2,1,2.0
2017-5,E01000725,B26,5,2,2.5
2017-5,E01000726,B1,1,1,1.0
2017-5,E01000726,B17,3,3,1.0
2017-5,E01000726,B23,2,2,1.0
2017-5,E01000726,B25,1,1,1.0
2017-5,E01000726,B26,4,3,1.3333333333333333
2017-5,E01000727,B1,4,2,2.0
2017-5,E01000727,B14,1,1,1.0
2017-5,E01000727,B15,2,2,1.0
2017-5,E01000727,B17,1,1,1.0
2017-5,E01000727,B24,1,1,1.0
2017-5,E01000727,B26,2,2,1.0
2017-5,E01000727,B8,1,1,1.0
2017-5,E01000728,B17,1,1,1.0
2017-5,E01000728,B19,1,1,1.0
2017-5,E01000728,B26,7,7,1.0
2017-5,E01000729,B1,1,1,1.0
2017-5,E01000729,B17,1,1,1.0
2017-5,E01000729,B26,7,4,1.75
2017-5,E01000730,B1,2,1,2.0
2017-5,E01000730,B14,1,1,1.0
2017-5,E01000730,B17,4,4,1.0
2017-5,E01000730,B19,2,1,2.0
2017-5,E01000730,B24,1,1,1.0
2017-5,E01000730,B25,2,2,1.0
2017-5,E01000730,B26,11,7,1.5714285714285714
2017-5,E01000730,B28,2,2,1.0
2017-5,E01000731,B10,1,1,1.0
2017-5,E01000731,B17,1,1,1.0
2017-5,E01000731,B28,1,1,1.0
2017-5,E01000732,B14,1,1,1.0
2017-5,E01000732,B17,4,4,1.0
2017-5,E01000732,B25,1,1,1.0
2017-5,E01000732,B26,3,3,1.0
2017-5,E01000733,B1,2,2,1.0
2017-5,E01000733,B17,3,3,1.0
2017-5,E01000733,B19,1,1,1.0
2017-5,E01000733,B26,5,5,1.0
2017-5,E01000733,B28,1,1,1.0
2017-5,E01000733,B7,1,1,1.0
2017-5,E01000733,B8,1,1,1.0
2017-5,E01000734,B1,2,2,1.0
2017-5,E01000734,B15,1,1,1.0
2017-5,E01000734,B17,3,3,1.0
2017-5,E01000734,B25,1,1,1.0
2017-5,E01000734,B26,2,2,1.0
2017-5,E01000735,B14,1,1,1.0
2017-5,E01000735,B17,2,2,1.0
2017-5,E01000735,B26,6,6,1.0
2017-5,E01000735,B28,1,1,1.0
2017-5,E01000735,B7,1,1,1.0
2017-5,E01000736,B1,2,2,1.0
2017-5,E01000736,B14,1,1,1.0
2017-5,E01000736,B17,1,1,1.0
2017-5,E01000736,B19,1,1,1.0
2017-5,E01000736,B25,1,1,1.0
2017-5,E01000736,B26,3,3,1.0
2017-5,E01000736,B8,2,2,1.0
2017-5,E01000737,B1,1,1,1.0
2017-5,E01000737,B14,1,1,1.0
2017-5,E01000737,B17,1,1,1.0
2017-5,E01000737,B25,1,1,1.0
2017-5,E01000737,B26,4,4,1.0
2017-5,E01000737,B28,1,1,1.0
2017-5,E01000738,B1,3,3,1.0
2017-5,E01000738,B14,1,1,1.0
2017-5,E01000738,B24,1,1,1.0
2017-5,E01000738,B25,1,1,1.0
2017-5,E01000738,B26,2,2,1.0
2017-5,E01000739,B1,1,1,1.0
2017-5,E01000739,B26,3,3,1.0
2017-5,E01000740,B14,4,2,2.0
2017-5,E01000740,B17,1,1,1.0
2017-5,E01000740,B25,1,1,1.0
2017-5,E01000740,B26,3,2,1.5
2017-5,E01000741,B1,1,1,1.0
2017-5,E01000741,B10,1,1,1.0
2017-5,E01000741,B14,1,1,1.0
2017-5,E01000741,B17,1,1,1.0
2017-5,E01000741,B23,2,2,1.0
2017-5,E01000741,B25,1,1,1.0
2017-5,E01000741,B26,7,5,1.4
2017-5,E01000742,B1,4,3,1.3333333333333333
2017-5,E01000742,B14,1,1,1.0
2017-5,E01000742,B15,1,1,1.0
2017-5,E01000742,B17,1,1,1.0
2017-5,E01000742,B19,1,1,1.0
2017-5,E01000742,B25,1,1,1.0
2017-5,E01000742,B26,10,10,1.0
2017-5,E01000743,B1,1,1,1.0
2017-5,E01000743,B14,1,1,1.0
2017-5,E01000743,B17,1,1,1.0
2017-5,E01000743,B26,4,4,1.0
2017-5,E01000744,B1,1,1,1.0
2017-5,E01000744,B15,1,1,1.0
2017-5,E01000744,B17,1,1,1.0
2017-5,E01000744,B25,1,1,1.0
2017-5,E01000744,B26,8,5,1.6
2017-5,E01000744,B28,2,2,1.0
2017-5,E01000745,B14,1,1,1.0
2017-5,E01000745,B15,1,1,1.0
2017-5,E01000745,B17,3,2,1.5
2017-5,E01000745,B26,4,3,1.3333333333333333
2017-5,E01000746,B14,3,2,1.5
2017-5,E01000746,B17,1,1,1.0
2017-5,E01000746,B19,1,1,1.0
2017-5,E01000746,B25,1,1,1.0
2017-5,E01000746,B26,2,2,1.0
2017-5,E01000747,B14,2,2,1.0
2017-5,E01000747,B17,1,1,1.0
2017-5,E01000747,B23,1,1,1.0
2017-5,E01000747,B25,1,1,1.0
2017-5,E01000747,B26,1,1,1.0
2017-5,E01000747,B28,1,1,1.0
2017-5,E01000748,B15,1,1,1.0
2017-5,E01000748,B17,1,1,1.0
2017-5,E01000748,B19,1,1,1.0
2017-5,E01000748,B23,1,1,1.0
2017-5,E01000748,B26,4,4,1.0
2017-5,E01000748,B28,2,2,1.0
2017-5,E01000749,B15,1,1,1.0
2017-5,E01000749,B17,5,3,1.6666666666666667
2017-5,E01000749,B19,1,1,1.0
2017-5,E01000749,B24,1,1,1.0
2017-5,E01000749,B25,1,1,1.0
2017-5,E01000749,B26,14,7,2.0
2017-5,E01000749,B8,2,2,1.0
2017-5,E01000750,B1,2,1,2.0
2017-5,E01000750,B24,1,1,1.0
2017-5,E01000750,B26,3,3,1.0
2017-5,E01000751,B17,4,4,1.0
2017-5,E01000751,B25,2,2,1.0
2017-5,E01000751,B8,3,3,1.0
2017-5,E01000752,B1,1,1,1.0
2017-5,E01000752,B15,5,4,1.25
2017-5,E01000752,B17,1,1,1.0
2017-5,E01000752,B19,1,1,1.0
2017-5,E01000752,B23,1,1,1.0
2017-5,E01000752,B25,1,1,1.0
2017-5,E01000752,B26,3,3,1.0
2017-5,E01000752,B28,1,1,1.0
2017-5,E01000753,B19,1,1,1.0
2017-5,E01000753,B25,1,1,1.0
2017-5,E01000753,B26,1,1,1.0
2017-5,E01000753,B7,2,1,2.0
2017-5,E01000754,B17,2,2,1.0
2017-5,E01000754,B23,2,2,1.0
2017-5,E01000754,B25,1,1,1.0
2017-5,E01000754,B28,1,1,1.0
2017-5,E01000755,B17,1,1,1.0
2017-5,E01000755,B19,1,1,1.0
2017-5,E01000755,B23,1,1,1.0
2017-5,E01000755,B26,1,1,1.0
2017-5,E01000755,B28,1,1,1.0
2017-5,E01000756,B17,2,2,1.0
2017-5,E01000756,B23,1,1,1.0
2017-5,E01000756,B25,1,1,1.0
2017-5,E01000757,B17,3,3,1.0
2017-5,E01000757,B26,2,2,1.0
2017-5,E01000757,B8,1,1,1.0
2017-5,E01000758,B17,2,2,1.0
2017-5,E01000758,B23,1,1,1.0
2017-5,E01000758,B26,3,3,1.0
2017-5,E01000758,B28,2,2,1.0
2017-5,E01000759,B17,2,2,1.0
2017-5,E01000759,B25,1,1,1.0
2017-5,E01000759,B26,6,3,2.0
2017-5,E01000759,B28,2,2,1.0
2017-5,E01000759,B8,1,1,1.0
2017-5,E01000760,B10,1,1,1.0
2017-5,E01000760,B17,4,4,1.0
2017-5,E01000760,B26,4,4,1.0
2017-5,E01000760,B8,1,1,1.0
2017-5,E01000761,B17,3,2,1.5
2017-5,E01000761,B19,4,3,1.3333333333333333
2017-5,E01000761,B23,1,1,1.0
2017-5,E01000761,B7,1,1,1.0
2017-5,E01000762,B17,1,1,1.0
2017-5,E01000762,B19,1,1,1.0
2017-5,E01000762,B23,1,1,1.0
2017-5,E01000762,B25,2,2,1.0
2017-5,E01000763,B1,2,2,1.0
2017-5,E01000763,B14,2,1,2.0
2017-5,E01000763,B15,1,1,1.0
2017-5,E01000763,B19,3,3,1.0
2017-5,E01000763,B25,1,1,1.0
2017-5,E01000763,B26,2,2,1.0
2017-5,E01000764,B15,1,1,1.0
2017-5,E01000764,B25,1,1,1.0
2017-5,E01000764,B26,1,1,1.0
2017-5,E01000765,B1,3,3,1.0
2017-5,E01000765,B15,1,1,1.0
2017-5,E01000765,B17,1,1,1.0
2017-5,E01000765,B19,1,1,1.0
2017-5,E01000765,B23,1,1,1.0
2017-5,E01000765,B25,2,2,1.0
2017-5,E01000765,B26,3,3,1.0
2017-5,E01000765,B28,1,1,1.0
2017-5,E01000765,B7,1,1,1.0
2017-5,E01000766,B17,1,1,1.0
2017-5,E01000766,B25,2,2,1.0
2017-5,E01000767,B1,2,2,1.0
2017-5,E01000767,B15,1,1,1.0
2017-5,E01000767,B17,3,3,1.0
2017-5,E01000767,B19,1,1,1.0
2017-5,E01000767,B23,1,1,1.0
2017-5,E01000767,B25,1,1,1.0
2017-5,E01000767,B28,2,1,2.0
2017-5,E01000768,B23,3,2,1.5
2017-5,E01000768,B25,2,2,1.0
2017-5,E01000768,B26,1,1,1.0
2017-5,E01000769,B17,4,4,1.0
2017-5,E01000769,B23,1,1,1.0
2017-5,E01000769,B26,1,1,1.0
2017-5,E01000769,B28,2,2,1.0
2017-5,E01000769,B8,3,3,1.0
2017-5,E01000770,B1,2,2,1.0
2017-5,E01000770,B26,5,4,1.25
2017-5,E01000771,B17,4,2,2.0
2017-5,E01000771,B25,1,1,1.0
2017-5,E01000771,B26,7,4,1.75
2017-5,E01000771,B28,1,1,1.0
2017-5,E01000771,B8,1,1,1.0
2017-5,E01000772,B23,1,1,1.0
2017-5,E01000772,B26,2,2,1.0
2017-5,E01000772,B28,1,1,1.0
2017-5,E01000773,B26,3,3,1.0
2017-5,E01000774,B17,1,1,1.0
2017-5,E01000774,B26,5,3,1.6666666666666667
2017-5,E01000775,B1,1,1,1.0
2017-5,E01000775,B17,3,3,1.0
2017-5,E01000775,B23,1,1,1.0
2017-5,E01000775,B25,1,1,1.0
2017-5,E01000775,B26,2,2,1.0
2017-5,E01000775,B28,1,1,1.0
2017-5,E01000777,B17,2,2,1.0
2017-5,E01000778,B28,1,1,1.0
2017-5,E01000779,B17,1,1,1.0
2017-5,E01000779,B26,2,2,1.0
2017-5,E01000779,B28,1,1,1.0
2017-5,E01000780,B1,1,1,1.0
2017-5,E01000780,B26,2,2,1.0
2017-5,E01000781,B26,4,4,1.0
2017-5,E01000782,B26,6,4,1.5
2017-5,E01000782,B8,1,1,1.0
2017-5,E01000783,B17,1,1,1.0
2017-5,E01000783,B26,4,1,4.0
2017-5,E01000784,B1,1,1,1.0
2017-5,E01000784,B17,1,1,1.0
2017-5,E01000784,B25,1,1,1.0
2017-5,E01000785,B1,1,1,1.0
2017-5,E01000785,B26,1,1,1.0
2017-5,E01000786,B1,3,3,1.0
2017-5,E01000786,B14,2,1,2.0
2017-5,E01000786,B15,1,1,1.0
2017-5,E01000786,B17,2,2,1.0
2017-5,E01000786,B24,1,1,1.0
2017-5,E01000786,B25,2,1,2.0
2017-5,E01000787,B1,1,1,1.0
2017-5,E01000787,B26,5,3,1.6666666666666667
2017-5,E01000787,B28,1,1,1.0
2017-5,E01000788,B15,1,1,1.0
2017-5,E01000788,B17,1,1,1.0
2017-5,E01000788,B19,1,1,1.0
2017-5,E01000788,B26,2,1,2.0
2017-5,E01000788,B8,1,1,1.0
2017-5,E01000789,B1,3,3,1.0
2017-5,E01000789,B26,2,2,1.0
2017-5,E01000790,B17,1,1,1.0
2017-5,E01000790,B23,1,1,1.0
2017-5,E01000790,B24,1,1,1.0
2017-5,E01000790,B25,2,2,1.0
2017-5,E01000790,B26,4,4,1.0
2017-5,E01000790,B28,1,1,1.0
2017-5,E01000790,B7,1,1,1.0
2017-5,E01000791,B17,3,3,1.0
2017-5,E01000791,B26,1,1,1.0
2017-5,E01000791,B28,1,1,1.0
2017-5,E01000792,B17,3,2,1.5
2017-5,E01000792,B25,1,1,1.0
2017-5,E01000792,B26,3,3,1.0
2017-5,E01000792,B28,1,1,1.0
2017-5,E01000793,B28,1,1,1.0
2017-5,E01000793,B7,1,1,1.0
2017-5,E01000794,B1,1,1,1.0
2017-5,E01000794,B14,1,1,1.0
2017-5,E01000794,B26,1,1,1.0
2017-5,E01000794,B8,1,1,1.0
2017-5,E01000795,B14,1,1,1.0
2017-5,E01000795,B17,1,1,1.0
2017-5,E01000795,B23,1,1,1.0
2017-5,E01000795,B7,1,1,1.0
2017-5,E01000796,B17,2,2,1.0
2017-5,E01000796,B26,2,2,1.0
2017-5,E01000797,B14,2,2,1.0
2017-5,E01000797,B15,1,1,1.0
2017-5,E01000797,B17,1,1,1.0
2017-5,E01000797,B19,1,1,1.0
2017-5,E01000797,B24,1,1,1.0
2017-5,E01000797,B26,6,4,1.5
2017-5,E01000797,B28,1,1,1.0
2017-5,E01000797,B8,1,1,1.0
2017-5,E01000798,B1,1,1,1.0
2017-5,E01000798,B26,4,4,1.0
2017-5,E01000798,B28,1,1,1.0
2017-5,E01000799,B1,4,4,1.0
2017-5,E01000799,B17,3,3,1.0
2017-5,E01000799,B23,1,1,1.0
2017-5,E01000799,B25,1,1,1.0
2017-5,E01000799,B26,7,6,1.1666666666666667
2017-5,E01000799,B8,1,1,1.0
2017-5,E01000800,B1,1,1,1.0
2017-5,E01000800,B17,2,1,2.0
2017-5,E01000800,B23,1,1,1.0
2017-5,E01000800,B26,8,8,1.0
2017-5,E01000800,B8,1,1,1.0
2017-5,E01000801,B1,1,1,1.0
2017-5,E01000801,B14,1,1,1.0
2017-5,E01000801,B23,1,1,1.0
2017-5,E01000801,B26,2,2,1.0
2017-5,E01000801,B7,1,1,1.0
2017-5,E01000802,B1,1,1,1.0
2017-5,E01000802,B17,4,4,1.0
2017-5,E01000802,B23,1,1,1.0
2017-5,E01000802,B24,1,1,1.0
2017-5,E01000802,B26,17,12,1.4166666666666667
2017-5,E01000802,B7,1,1,1.0
2017-5,E01000803,B26,5,4,1.25
2017-5,E01000804,B1,3,3,1.0
2017-5,E01000804,B10,2,2,1.0
2017-5,E01000804,B17,2,1,2.0
2017-5,E01000804,B25,2,2,1.0
2017-5,E01000804,B26,8,7,1.1428571428571428
2017-5,E01000804,B7,1,1,1.0
2017-5,E01000805,B10,1,1,1.0
2017-5,E01000805,B14,1,1,1.0
2017-5,E01000805,B17,2,2,1.0
2017-5,E01000805,B26,8,6,1.3333333333333333
2017-5,E01000805,B8,1,1,1.0
2017-5,E01000806,B1,1,1,1.0
2017-5,E01000806,B14,4,2,2.0
2017-5,E01000806,B15,1,1,1.0
2017-5,E01000806,B17,2,2,1.0
2017-5,E01000806,B19,2,2,1.0
2017-5,E01000806,B25,1,1,1.0
2017-5,E01000806,B26,7,4,1.75
2017-5,E01000807,B1,1,1,1.0
2017-5,E01000807,B15,1,1,1.0
2017-5,E01000807,B17,3,2,1.5
2017-5,E01000807,B19,1,1,1.0
2017-5,E01000807,B23,1,1,1.0
2017-5,E01000807,B24,1,1,1.0
2017-5,E01000807,B25,4,3,1.3333333333333333
2017-5,E01000807,B26,1,1,1.0
2017-5,E01000807,B28,2,2,1.0
2017-5,E01000807,B7,1,1,1.0
2017-5,E01000808,B1,1,1,1.0
2017-5,E01000808,B17,3,3,1.0
2017-5,E01000808,B19,1,1,1.0
2017-5,E01000808,B24,2,1,2.0
2017-5,E01000808,B7,1,1,1.0
2017-5,E01000809,B1,2,2,1.0
2017-5,E01000809,B17,3,2,1.5
2017-5,E01000809,B19,2,2,1.0
2017-5,E01000809,B23,1,1,1.0
2017-5,E01000809,B24,1,1,1.0
2017-5,E01000809,B25,2,1,2.0
2017-5,E01000809,B28,2,2,1.0
2017-5,E01000810,B1,1,1,1.0
2017-5,E01000810,B23,2,2,1.0
2017-5,E01000810,B25,1,1,1.0
2017-5,E01000810,B26,2,2,1.0
2017-5,E01000810,B28,1,1,1.0
2017-5,E01000811,B26,2,2,1.0
2017-5,E01000812,B14,1,1,1.0
2017-5,E01000812,B17,1,1,1.0
2017-5,E01000812,B19,1,1,1.0
2017-5,E01000812,B23,1,1,1.0
2017-5,E01000812,B24,2,2,1.0
2017-5,E01000812,B26,4,3,1.3333333333333333
2017-5,E01000812,B8,2,2,1.0
2017-5,E01000813,B1,1,1,1.0
2017-5,E01000813,B15,1,1,1.0
2017-5,E01000813,B17,1,1,1.0
2017-5,E01000813,B19,3,3,1.0
2017-5,E01000813,B23,1,1,1.0
2017-5,E01000813,B25,5,4,1.25
2017-5,E01000813,B26,1,1,1.0
2017-5,E01000813,B28,1,1,1.0
2017-5,E01000814,B1,2,2,1.0
2017-5,E01000814,B17,2,1,2.0
2017-5,E01000814,B19,1,1,1.0
2017-5,E01000814,B23,1,1,1.0
2017-5,E01000814,B8,2,2,1.0
2017-5,E01000815,B15,2,1,2.0
2017-5,E01000815,B17,1,1,1.0
2017-5,E01000815,B19,1,1,1.0
2017-5,E01000815,B25,2,2,1.0
2017-5,E01000815,B26,2,2,1.0
2017-5,E01000815,B7,2,2,1.0
2017-5,E01000816,B1,1,1,1.0
2017-5,E01000816,B17,2,2,1.0
2017-5,E01000816,B19,1,1,1.0
2017-5,E01000816,B26,2,1,2.0
2017-5,E01000818,B1,1,1,1.0
2017-5,E01000818,B17,1,1,1.0
2017-5,E01000818,B19,2,2,1.0
2017-5,E01000818,B26,4,4,1.0
2017-5,E01000818,B7,1,1,1.0
2017-5,E01000819,B14,1,1,1.0
2017-5,E01000819,B17,1,1,1.0
2017-5,E01000819,B25,1,1,1.0
2017-5,E01000819,B26,3,3,1.0
2017-5,E01000820,B1,1,1,1.0
2017-5,E01000820,B23,1,1,1.0
2017-5,E01000820,B26,1,1,1.0
2017-5,E01000822,B1,3,2,1.5
2017-5,E01000822,B17,1,1,1.0
2017-5,E01000822,B23,1,1,1.0
2017-5,E01000822,B26,2,2,1.0
2017-5,E01000822,B8,3,3,1.0
2017-5,E01000823,B17,1,1,1.0
2017-5,E01000823,B19,1,1,1.0
2017-5,E01000823,B26,1,1,1.0
2017-5,E01000824,B17,3,3,1.0
2017-5,E01000824,B26,7,6,1.1666666666666667
2017-5,E01000825,B17,1,1,1.0
2017-5,E01000825,B26,1,1,1.0
2017-5,E01000826,B19,2,2,1.0
2017-5,E01000827,B1,2,2,1.0
2017-5,E01000827,B17,1,1,1.0
2017-5,E01000827,B19,2,2,1.0
2017-5,E01000827,B25,3,3,1.0
2017-5,E01000827,B26,1,1,1.0
2017-5,E01000827,B7,1,1,1.0
2017-5,E01000828,B17,3,1,3.0
2017-5,E01000828,B25,1,1,1.0
2017-5,E01000828,B26,5,1,5.0
2017-5,E01000828,B8,2,2,1.0
2017-5,E01000829,B25,1,1,1.0
2017-5,E01000829,B26,2,2,1.0
2017-5,E01000830,B25,2,2,1.0
2017-5,E01000830,B26,3,3,1.0
2017-5,E01000831,B1,1,1,1.0
2017-5,E01000831,B17,2,2,1.0
2017-5,E01000831,B19,1,1,1.0
2017-5,E01000831,B25,2,2,1.0
2017-5,E01000831,B26,1,1,1.0
2017-5,E01000831,B28,1,1,1.0
2017-5,E01000832,B17,2,1,2.0
2017-5,E01000832,B19,2,2,1.0
2017-5,E01000832,B26,2,2,1.0
2017-5,E01000832,B28,3,3,1.0
2017-5,E01000833,B17,1,1,1.0
2017-5,E01000833,B25,1,1,1.0
2017-5,E01000834,B19,1,1,1.0
2017-5,E01000834,B8,2,1,2.0
2017-5,E01000835,B1,1,1,1.0
2017-5,E01000835,B17,1,1,1.0
2017-5,E01000835,B19,2,2,1.0
2017-5,E01000835,B24,3,3,1.0
2017-5,E01000835,B26,1,1,1.0
2017-5,E01000836,B17,2,2,1.0
2017-5,E01000836,B19,1,1,1.0
2017-5,E01000836,B26,1,1,1.0
2017-5,E01000837,B1,2,2,1.0
2017-5,E01000837,B14,1,1,1.0
2017-5,E01000837,B17,3,3,1.0
2017-5,E01000837,B26,4,3,1.3333333333333333
2017-5,E01000837,B7,1,1,1.0
2017-5,E01000837,B8,1,1,1.0
2017-5,E01000838,B1,1,1,1.0
2017-5,E01000838,B17,2,2,1.0
2017-5,E01000838,B19,1,1,1.0
2017-5,E01000838,B25,1,1,1.0
2017-5,E01000838,B26,2,1,2.0
2017-5,E01000838,B28,1,1,1.0
2017-5,E01000839,B1,1,1,1.0
2017-5,E01000839,B17,3,3,1.0
2017-5,E01000839,B19,1,1,1.0
2017-5,E01000839,B25,1,1,1.0
2017-5,E01000840,B1,1,1,1.0
2017-5,E01000841,B1,1,1,1.0
2017-5,E01000841,B19,1,1,1.0
2017-5,E01000841,B26,1,1,1.0
2017-5,E01000855,B1,2,1,2.0
2017-5,E01000855,B26,1,1,1.0
2017-5,E01000856,B26,2,1,2.0
2017-5,E01000869,B1,1,1,1.0
2017-5,E01000870,B17,1,1,1.0
2017-5,E01000871,B26,1,1,1.0
2017-5,E01000873,B26,7,1,7.0
2017-5,E01000875,B26,1,1,1.0
2017-5,E01000881,B7,1,1,1.0
2017-5,E01000894,B13,1,1,1.0
2017-5,E01000896,B13,1,1,1.0
2017-5,E01000899,B26,5,2,2.5
2017-5,E01000900,B26,3,1,3.0
2017-5,E01000901,B27,1,1,1.0
2017-5,E01000905,B4,1,1,1.0
2017-5,E01000908,B26,1,1,1.0
2017-5,E01000914,B16,1,1,1.0
2017-5,E01000914,B19,3,2,1.5
2017-5,E01000914,B24,3,1,3.0
2017-5,E01000914,B26,4,3,1.3333333333333333
2017-5,E01000914,B28,3,1,3.0
2017-5,E01000914,B7,1,1,1.0
2017-5,E01000915,B28,1,1,1.0
2017-5,E01000916,B24,3,1,3.0
2017-5,E01000916,B28,1,1,1.0
2017-5,E01000917,B16,1,1,1.0
2017-5,E01000918,B24,1,1,1.0
2017-5,E01000918,B28,2,1,2.0
2017-5,E01000919,B19,1,1,1.0
2017-5,E01000919,B25,1,1,1.0
2017-5,E01000921,B26,2,1,2.0
2017-5,E01000924,B16,1,1,1.0
2017-5,E01000924,B26,1,1,1.0
2017-5,E01000928,B26,4,1,4.0
2017-5,E01000936,B13,1,1,1.0
2017-5,E01000938,B19,2,1,2.0
2017-5,E01000938,B26,1,1,1.0
2017-5,E01000938,B28,1,1,1.0
2017-5,E01000942,B28,1,1,1.0
2017-5,E01000943,B24,1,1,1.0
2017-5,E01000945,B26,1,1,1.0
2017-5,E01000946,B13,1,1,1.0
2017-5,E01000956,B28,1,1,1.0
2017-5,E01000958,B26,1,1,1.0
2017-5,E01000959,B26,1,1,1.0
2017-5,E01000959,B7,1,1,1.0
2017-5,E01000960,B19,1,1,1.0
2017-5,E01000960,B26,1,1,1.0
2017-5,E01000960,B7,1,1,1.0
2017-5,E01000979,B26,1,1,1.0
2017-5,E01000989,B16,1,1,1.0
2017-5,E01000992,B16,1,1,1.0
2017-5,E01000998,B26,1,1,1.0
2017-5,E01001000,B26,1,1,1.0
2017-5,E01001014,B13,1,1,1.0
2017-5,E01001014,B14,2,1,2.0
2017-5,E01001014,B15,3,1,3.0
2017-5,E01001014,B26,1,1,1.0
2017-5,E01001017,B19,1,1,1.0
2017-5,E01001022,B25,2,1,2.0
2017-5,E01001024,B1,1,1,1.0
2017-5,E01001031,B1,1,1,1.0
2017-5,E01001033,B18,1,1,1.0
2017-5,E01001042,B14,7,1,7.0
2017-5,E01001043,B26,1,1,1.0
2017-5,E01001045,B14,1,1,1.0
2017-5,E01001045,B4,1,1,1.0
2017-5,E01001049,B15,1,1,1.0
2017-5,E01001058,B13,1,1,1.0
2017-5,E01001065,B16,1,1,1.0
2017-5,E01001068,B25,1,1,1.0
2017-5,E01001075,B17,1,1,1.0
2017-5,E01001075,B26,2,1,2.0
2017-5,E01001084,B13,1,1,1.0
2017-5,E01001084,B19,1,1,1.0
2017-5,E01001084,B25,1,1,1.0
2017-5,E01001084,B26,1,1,1.0
2017-5,E01001085,B26,2,1,2.0
2017-5,E01001086,B26,1,1,1.0
2017-5,E01001088,B26,1,1,1.0
2017-5,E01001090,B26,1,1,1.0
2017-5,E01001097,B1,1,1,1.0
2017-5,E01001109,B13,1,1,1.0
2017-5,E01001109,B19,1,1,1.0
2017-5,E01001109,B26,1,1,1.0
2017-5,E01001112,B26,1,1,1.0
2017-5,E01001126,B26,1,1,1.0
2017-5,E01001128,B26,1,1,1.0
2017-5,E01001135,B19,1,1,1.0
2017-5,E01001137,B1,1,1,1.0
2017-5,E01001137,B26,2,1,2.0
2017-5,E01001140,B14,1,1,1.0
2017-5,E01001140,B15,1,1,1.0
2017-5,E01001140,B16,1,1,1.0
2017-5,E01001140,B17,1,1,1.0
2017-5,E01001140,B18,1,1,1.0
2017-5,E01001142,B15,1,1,1.0
2017-5,E01001144,B15,1,1,1.0
2017-5,E01001150,B14,1,1,1.0
2017-5,E01001150,B19,1,1,1.0
2017-5,E01001150,B26,1,1,1.0
2017-5,E01001151,B16,1,1,1.0
2017-5,E01001153,B26,1,1,1.0
2017-5,E01001154,B26,1,1,1.0
2017-5,E01001155,B16,1,1,1.0
2017-5,E01001156,B19,1,1,1.0
2017-5,E01001156,B25,1,1,1.0
2017-5,E01001156,B26,3,1,3.0
2017-5,E01001158,B14,6,1,6.0
2017-5,E01001158,B19,1,1,1.0
2017-5,E01001158,B26,3,1,3.0
2017-5,E01001159,B19,1,1,1.0
2017-5,E01001160,B18,1,1,1.0
2017-5,E01001160,B26,1,1,1.0
2017-5,E01001162,B14,1,1,1.0
2017-5,E01001162,B26,1,1,1.0
2017-5,E01001163,B13,2,1,2.0
2017-5,E01001163,B14,1,1,1.0
2017-5,E01001165,B26,1,1,1.0
2017-5,E01001166,B14,2,1,2.0
2017-5,E01001192,B26,3,1,3.0
2017-5,E01001192,B6,1,1,1.0
2017-5,E01001203,B26,1,1,1.0
2017-5,E01001212,B19,1,1,1.0
2017-5,E01001218,B26,1,1,1.0
2017-5,E01001222,B13,1,1,1.0
2017-5,E01001230,B1,1,1,1.0
2017-5,E01001231,B26,2,1,2.0
2017-5,E01001234,B26,1,1,1.0
2017-5,E01001238,B16,1,1,1.0
2017-5,E01001239,B17,1,1,1.0
2017-5,E01001239,B24,1,1,1.0
2017-5,E01001242,B26,2,1,2.0
2017-5,E01001244,B26,2,1,2.0
2017-5,E01001245,B26,2,1,2.0
2017-5,E01001247,B1,2,1,2.0
2017-5,E01001247,B15,1,1,1.0
2017-5,E01001250,B26,1,1,1.0
2017-5,E01001252,B1,1,1,1.0
2017-5,E01001252,B16,1,1,1.0
2017-5,E01001253,B1,1,1,1.0
2017-5,E01001253,B25,1,1,1.0
2017-5,E01001258,B26,1,1,1.0
2017-5,E01001261,B26,1,1,1.0
2017-5,E01001268,B26,1,1,1.0
2017-5,E01001285,B19,1,1,1.0
2017-5,E01001301,B26,1,1,1.0
2017-5,E01001302,B15,1,1,1.0
2017-5,E01001304,B26,1,1,1.0
2017-5,E01001305,B26,2,1,2.0
2017-5,E01001306,B26,1,1,1.0
2017-5,E01001318,B26,1,1,1.0
2017-5,E01001335,B15,1,1,1.0
2017-5,E01001337,B26,2,1,2.0
2017-5,E01001339,B1,1,1,1.0
2017-5,E01001346,B26,1,1,1.0
2017-5,E01001347,B19,1,1,1.0
2017-5,E01001351,B26,1,1,1.0
2017-5,E01001355,B14,1,1,1.0
2017-5,E01001381,B26,1,1,1.0
2017-5,E01001389,B26,1,1,1.0
2017-5,E01001390,B1,2,2,1.0
2017-5,E01001391,B28,1,1,1.0
2017-5,E01001394,B26,1,1,1.0
2017-5,E01001396,B18,1,1,1.0
2017-5,E01001399,B16,1,1,1.0
2017-5,E01001401,B19,1,1,1.0
2017-5,E01001403,B26,1,1,1.0
2017-5,E01001412,B15,1,1,1.0
2017-5,E01001412,B26,2,1,2.0
2017-5,E01001415,B15,1,1,1.0
2017-5,E01001417,B13,1,1,1.0
2017-5,E01001417,B16,1,1,1.0
2017-5,E01001417,B26,1,1,1.0
2017-5,E01001419,B19,1,1,1.0
2017-5,E01001419,B24,1,1,1.0
2017-5,E01001419,B26,2,2,1.0
2017-5,E01001421,B1,1,1,1.0
2017-5,E01001425,B25,1,1,1.0
2017-5,E01001426,B26,1,1,1.0
2017-5,E01001427,B26,5,3,1.6666666666666667
2017-5,E01001433,B13,1,1,1.0
2017-5,E01001433,B15,1,1,1.0
2017-5,E01001439,B26,1,1,1.0
2017-5,E01001444,B17,1,1,1.0
2017-5,E01001448,B15,1,1,1.0
2017-5,E01001449,B18,1,1,1.0
2017-5,E01001451,B19,1,1,1.0
2017-5,E01001452,B26,1,1,1.0
2017-5,E01001458,B25,1,1,1.0
2017-5,E01001463,B1,1,1,1.0
2017-5,E01001463,B26,1,1,1.0
2017-5,E01001467,B26,1,1,1.0
2017-5,E01001468,B25,1,1,1.0
2017-5,E01001470,B26,1,1,1.0
2017-5,E01001472,B1,2,1,2.0
2017-5,E01001476,B28,1,1,1.0
2017-5,E01001484,B26,1,1,1.0
2017-5,E01001491,B26,1,1,1.0
2017-5,E01001496,B1,1,1,1.0
2017-5,E01001496,B26,2,2,1.0
2017-5,E01001497,B13,1,1,1.0
2017-5,E01001498,B13,1,1,1.0
2017-5,E01001498,B19,2,1,2.0
2017-5,E01001500,B24,1,1,1.0
2017-5,E01001500,B26,1,1,1.0
2017-5,E01001501,B26,1,1,1.0
2017-5,E01001502,B26,5,1,5.0
2017-5,E01001507,B25,2,1,2.0
2017-5,E01001512,B26,1,1,1.0
2017-5,E01001513,B18,1,1,1.0
2017-5,E01001519,B26,2,1,2.0
2017-5,E01001525,B13,1,1,1.0
2017-5,E01001530,B1,1,1,1.0
2017-5,E01001532,B17,1,1,1.0
2017-5,E01001532,B26,1,1,1.0
2017-5,E01001534,B25,1,1,1.0
2017-5,E01001535,B1,1,1,1.0
2017-5,E01001540,B26,4,1,4.0
2017-5,E01001559,B1,1,1,1.0
2017-5,E01001559,B19,1,1,1.0
2017-5,E01001563,B19,1,1,1.0
2017-5,E01001563,B26,2,1,2.0
2017-5,E01001564,B19,1,1,1.0
2017-5,E01001564,B26,1,1,1.0
2017-5,E01001569,B19,1,1,1.0
2017-5,E01001571,B26,1,1,1.0
2017-5,E01001572,B1,1,1,1.0
2017-5,E01001572,B26,5,2,2.5
2017-5,E01001573,B1,1,1,1.0
2017-5,E01001573,B26,1,1,1.0
2017-5,E01001575,B15,2,2,1.0
2017-5,E01001575,B18,1,1,1.0
2017-5,E01001576,B7,1,1,1.0
2017-5,E01001576,B8,1,1,1.0
2017-5,E01001577,B1,2,2,1.0
2017-5,E01001577,B17,1,1,1.0
2017-5,E01001577,B18,1,1,1.0
2017-5,E01001577,B19,1,1,1.0
2017-5,E01001577,B26,2,2,1.0
2017-5,E01001578,B14,1,1,1.0
2017-5,E01001579,B1,1,1,1.0
2017-5,E01001579,B16,1,1,1.0
2017-5,E01001579,B26,1,1,1.0
2017-5,E01001580,B26,1,1,1.0
2017-5,E01001581,B13,2,2,1.0
2017-5,E01001581,B26,1,1,1.0
2017-5,E01001582,B1,1,1,1.0
2017-5,E01001582,B26,4,4,1.0
2017-5,E01001583,B1,1,1,1.0
2017-5,E01001583,B26,1,1,1.0
2017-5,E01001585,B1,2,2,1.0
2017-5,E01001585,B16,1,1,1.0
2017-5,E01001585,B19,1,1,1.0
2017-5,E01001585,B6,1,1,1.0
2017-5,E01001586,B19,1,1,1.0
2017-5,E01001586,B26,1,1,1.0
2017-5,E01001587,B1,2,2,1.0
2017-5,E01001587,B14,2,2,1.0
2017-5,E01001587,B18,1,1,1.0
2017-5,E01001587,B19,1,1,1.0
2017-5,E01001588,B16,1,1,1.0
2017-5,E01001588,B17,1,1,1.0
2017-5,E01001588,B26,2,2,1.0
2017-5,E01001589,B1,1,1,1.0
2017-5,E01001589,B26,1,1,1.0
2017-5,E01001590,B26,1,1,1.0
2017-5,E01001591,B19,1,1,1.0
2017-5,E01001591,B26,2,2,1.0
2017-5,E01001592,B1,2,2,1.0
2017-5,E01001592,B13,1,1,1.0
2017-5,E01001592,B19,1,1,1.0
2017-5,E01001592,B24,2,1,2.0
2017-5,E01001592,B25,1,1,1.0
2017-5,E01001592,B26,4,4,1.0
2017-5,E01001592,B28,2,2,1.0
2017-5,E01001593,B26,6,4,1.5
2017-5,E01001593,B6,2,1,2.0
2017-5,E01001594,B26,1,1,1.0
2017-5,E01001595,B16,2,2,1.0
2017-5,E01001595,B26,1,1,1.0
2017-5,E01001596,B16,1,1,1.0
2017-5,E01001597,B13,1,1,1.0
2017-5,E01001597,B26,1,1,1.0
2017-5,E01001597,B8,1,1,1.0
2017-5,E01001599,B26,2,2,1.0
2017-5,E01001600,B1,1,1,1.0
2017-5,E01001600,B26,2,2,1.0
2017-5,E01001601,B26,1,1,1.0
2017-5,E01001602,B15,1,1,1.0
2017-5,E01001602,B18,1,1,1.0
2017-5,E01001602,B26,2,2,1.0
2017-5,E01001603,B26,3,1,3.0
2017-5,E01001604,B1,1,1,1.0
2017-5,E01001604,B13,1,1,1.0
2017-5,E01001604,B16,1,1,1.0
2017-5,E01001604,B26,1,1,1.0
2017-5,E01001605,B26,5,4,1.25
2017-5,E01001606,B1,2,1,2.0
2017-5,E01001606,B16,1,1,1.0
2017-5,E01001606,B6,1,1,1.0
2017-5,E01001607,B17,1,1,1.0
2017-5,E01001607,B26,1,1,1.0
2017-5,E01001608,B1,1,1,1.0
2017-5,E01001608,B26,1,1,1.0
2017-5,E01001609,B16,2,2,1.0
2017-5,E01001610,B1,1,1,1.0
2017-5,E01001610,B26,3,3,1.0
2017-5,E01001611,B16,1,1,1.0
2017-5,E01001611,B26,4,2,2.0
2017-5,E01001613,B26,1,1,1.0
2017-5,E01001614,B13,1,1,1.0
2017-5,E01001615,B13,1,1,1.0
2017-5,E01001615,B16,1,1,1.0
2017-5,E01001615,B26,4,3,1.3333333333333333
2017-5,E01001617,B1,1,1,1.0
2017-5,E01001617,B18,1,1,1.0
2017-5,E01001617,B19,1,1,1.0
2017-5,E01001618,B1,1,1,1.0
2017-5,E01001618,B16,1,1,1.0
2017-5,E01001618,B19,1,1,1.0
2017-5,E01001618,B26,1,1,1.0
2017-5,E01001619,B26,2,1,2.0
2017-5,E01001620,B16,2,1,2.0
2017-5,E01001621,B26,1,1,1.0
2017-5,E01001623,B18,1,1,1.0
2017-5,E01001623,B26,3,2,1.5
2017-5,E01001624,B13,1,1,1.0
2017-5,E01001625,B1,1,1,1.0
2017-5,E01001625,B13,1,1,1.0
2017-5,E01001625,B16,2,2,1.0
2017-5,E01001625,B25,1,1,1.0
2017-5,E01001625,B26,1,1,1.0
2017-5,E01001629,B26,3,2,1.5
2017-5,E01001631,B13,1,1,1.0
2017-5,E01001631,B19,1,1,1.0
2017-5,E01001632,B1,2,2,1.0
2017-5,E01001632,B19,1,1,1.0
2017-5,E01001632,B26,1,1,1.0
2017-5,E01001632,B6,1,1,1.0
2017-5,E01001633,B26,1,1,1.0
2017-5,E01001634,B18,1,1,1.0
2017-5,E01001634,B26,5,4,1.25
2017-5,E01001634,B28,1,1,1.0
2017-5,E01001635,B1,1,1,1.0
2017-5,E01001635,B15,1,1,1.0
2017-5,E01001635,B16,1,1,1.0
2017-5,E01001635,B17,2,1,2.0
2017-5,E01001635,B26,3,3,1.0
2017-5,E01001635,B6,3,1,3.0
2017-5,E01001636,B26,2,2,1.0
2017-5,E01001637,B1,2,2,1.0
2017-5,E01001637,B19,3,1,3.0
2017-5,E01001637,B26,7,5,1.4
2017-5,E01001638,B19,1,1,1.0
2017-5,E01001638,B26,3,2,1.5
2017-5,E01001641,B19,1,1,1.0
2017-5,E01001641,B26,2,2,1.0
2017-5,E01001642,B26,1,1,1.0
2017-5,E01001644,B26,2,2,1.0
2017-5,E01001645,B1,1,1,1.0
2017-5,E01001647,B16,2,2,1.0
2017-5,E01001647,B26,6,3,2.0
2017-5,E01001648,B25,1,1,1.0
2017-5,E01001649,B13,1,1,1.0
2017-5,E01001649,B17,1,1,1.0
2017-5,E01001649,B6,1,1,1.0
2017-5,E01001650,B13,1,1,1.0
2017-5,E01001650,B16,1,1,1.0
2017-5,E01001650,B26,1,1,1.0
2017-5,E01001651,B26,1,1,1.0
2017-5,E01001652,B17,1,1,1.0
2017-5,E01001652,B26,3,3,1.0
2017-5,E01001653,B17,1,1,1.0
2017-5,E01001653,B19,1,1,1.0
2017-5,E01001654,B1,2,2,1.0
2017-5,E01001655,B15,1,1,1.0
2017-5,E01001655,B19,1,1,1.0
2017-5,E01001655,B26,1,1,1.0
2017-5,E01001656,B6,1,1,1.0
2017-5,E01001657,B1,1,1,1.0
2017-5,E01001657,B16,1,1,1.0
2017-5,E01001657,B26,4,3,1.3333333333333333
2017-5,E01001658,B1,2,2,1.0
2017-5,E01001658,B16,1,1,1.0
2017-5,E01001658,B26,2,2,1.0
2017-5,E01001659,B26,1,1,1.0
2017-5,E01001660,B26,1,1,1.0
2017-5,E01001661,B1,2,2,1.0
2017-5,E01001661,B26,2,1,2.0
2017-5,E01001662,B1,1,1,1.0
2017-5,E01001662,B16,2,2,1.0
2017-5,E01001662,B26,5,2,2.5
2017-5,E01001664,B1,2,2,1.0
2017-5,E01001664,B14,1,1,1.0
2017-5,E01001664,B16,1,1,1.0
2017-5,E01001664,B19,2,1,2.0
2017-5,E01001664,B26,11,5,2.2
2017-5,E01001665,B19,1,1,1.0
2017-5,E01001665,B25,1,1,1.0
2017-5,E01001665,B26,4,4,1.0
2017-5,E01001666,B26,1,1,1.0
2017-5,E01001667,B1,1,1,1.0
2017-5,E01001667,B15,1,1,1.0
2017-5,E01001667,B17,1,1,1.0
2017-5,E01001667,B26,2,2,1.0
2017-5,E01001667,B8,1,1,1.0
2017-5,E01001668,B1,1,1,1.0
2017-5,E01001668,B14,3,2,1.5
2017-5,E01001668,B26,5,4,1.25
2017-5,E01001669,B1,1,1,1.0
2017-5,E01001669,B15,2,2,1.0
2017-5,E01001669,B16,1,1,1.0
2017-5,E01001669,B26,3,3,1.0
2017-5,E01001671,B15,1,1,1.0
2017-5,E01001671,B26,1,1,1.0
2017-5,E01001672,B26,2,1,2.0
2017-5,E01001673,B1,1,1,1.0
2017-5,E01001673,B13,1,1,1.0
2017-5,E01001673,B6,2,1,2.0
2017-5,E01001674,B13,1,1,1.0
2017-5,E01001675,B16,1,1,1.0
2017-5,E01001675,B17,1,1,1.0
2017-5,E01001675,B19,1,1,1.0
2017-5,E01001675,B26,2,2,1.0
2017-5,E01001675,B6,2,1,2.0
2017-5,E01001676,B1,1,1,1.0
2017-5,E01001676,B26,4,4,1.0
2017-5,E01001677,B1,2,2,1.0
2017-5,E01001677,B15,1,1,1.0
2017-5,E01001677,B17,1,1,1.0
2017-5,E01001677,B26,1,1,1.0
2017-5,E01001677,B7,1,1,1.0
2017-5,E01001678,B16,1,1,1.0
2017-5,E01001679,B16,1,1,1.0
2017-5,E01001679,B17,1,1,1.0
2017-5,E01001679,B26,4,4,1.0
2017-5,E01001679,B6,1,1,1.0
2017-5,E01001680,B18,1,1,1.0
2017-5,E01001680,B26,1,1,1.0
2017-5,E01001681,B14,1,1,1.0
2017-5,E01001681,B26,2,2,1.0
2017-5,E01001682,B1,1,1,1.0
2017-5,E01001682,B19,1,1,1.0
2017-5,E01001682,B26,2,2,1.0
2017-5,E01001683,B1,1,1,1.0
2017-5,E01001683,B25,1,1,1.0
2017-5,E01001683,B26,3,3,1.0
2017-5,E01001684,B26,2,1,2.0
2017-5,E01001685,B26,1,1,1.0
2017-5,E01001685,B6,1,1,1.0
2017-5,E01001686,B1,1,1,1.0
2017-5,E01001686,B16,1,1,1.0
2017-5,E01001686,B19,1,1,1.0
2017-5,E01001686,B26,1,1,1.0
2017-5,E01001686,B8,1,1,1.0
2017-5,E01001687,B26,2,2,1.0
2017-5,E01001688,B26,4,3,1.3333333333333333
2017-5,E01001694,B1,1,1,1.0
2017-5,E01001694,B26,2,2,1.0
2017-5,E01001695,B1,1,1,1.0
2017-5,E01001695,B16,1,1,1.0
2017-5,E01001695,B25,1,1,1.0
2017-5,E01001696,B26,1,1,1.0
2017-5,E01001697,B1,3,1,3.0
2017-5,E01001697,B14,1,1,1.0
2017-5,E01001697,B26,1,1,1.0
2017-5,E01001698,B26,1,1,1.0
2017-5,E01001699,B13,1,1,1.0
2017-5,E01001699,B17,1,1,1.0
2017-5,E01001699,B26,1,1,1.0
2017-5,E01001700,B1,6,3,2.0
2017-5,E01001700,B26,2,2,1.0
2017-5,E01001701,B1,2,2,1.0
2017-5,E01001701,B13,1,1,1.0
2017-5,E01001701,B19,1,1,1.0
2017-5,E01001701,B25,1,1,1.0
2017-5,E01001703,B7,1,1,1.0
2017-5,E01001704,B26,1,1,1.0
2017-5,E01001705,B13,1,1,1.0
2017-5,E01001705,B16,1,1,1.0
2017-5,E01001705,B17,1,1,1.0
2017-5,E01001705,B26,4,2,2.0
2017-5,E01001706,B1,1,1,1.0
2017-5,E01001706,B26,1,1,1.0
2017-5,E01001708,B15,1,1,1.0
2017-5,E01001708,B19,1,1,1.0
2017-5,E01001708,B26,4,4,1.0
2017-5,E01001709,B13,1,1,1.0
2017-5,E01001709,B15,1,1,1.0
2017-5,E01001709,B19,1,1,1.0
2017-5,E01001709,B25,1,1,1.0
2017-5,E01001709,B26,7,5,1.4
2017-5,E01001710,B1,1,1,1.0
2017-5,E01001710,B26,2,2,1.0
2017-5,E01001711,B19,1,1,1.0
2017-5,E01001711,B26,2,2,1.0
2017-5,E01001712,B1,3,3,1.0
2017-5,E01001712,B19,1,1,1.0
2017-5,E01001713,B25,1,1,1.0
2017-5,E01001716,B16,1,1,1.0
2017-5,E01001725,B13,1,1,1.0
2017-5,E01001737,B25,1,1,1.0
2017-5,E01001749,B26,1,1,1.0
2017-5,E01001772,B1,1,1,1.0
2017-5,E01001774,B13,1,1,1.0
2017-5,E01001781,B17,1,1,1.0
2017-5,E01001784,B13,1,1,1.0
2017-5,E01001787,B24,1,1,1.0
2017-5,E01001795,B1,1,1,1.0
2017-5,E01001825,B18,1,1,1.0
2017-5,E01001836,B26,1,1,1.0
2017-5,E01001849,B19,2,2,1.0
2017-5,E01001849,B26,1,1,1.0
2017-5,E01001861,B26,1,1,1.0
2017-5,E01001864,B17,1,1,1.0
2017-5,E01001869,B16,1,1,1.0
2017-5,E01001889,B13,1,1,1.0
2017-5,E01001891,B25,1,1,1.0
2017-5,E01001900,B19,1,1,1.0
2017-5,E01001900,B24,1,1,1.0
2017-5,E01001902,B26,1,1,1.0
2017-5,E01001905,B26,1,1,1.0
2017-5,E01001906,B26,1,1,1.0
2017-5,E01001920,B24,1,1,1.0
2017-5,E01001927,B13,1,1,1.0
2017-5,E01001935,B16,1,1,1.0
2017-5,E01001935,B17,1,1,1.0
2017-5,E01001943,B16,1,1,1.0
2017-5,E01001943,B26,1,1,1.0
2017-5,E01001959,B26,2,1,2.0
2017-5,E01001962,B17,1,1,1.0
2017-5,E01001970,B1,1,1,1.0
2017-5,E01001974,B25,1,1,1.0
2017-5,E01001979,B14,1,1,1.0
2017-5,E01001979,B16,1,1,1.0
2017-5,E01001979,B26,2,1,2.0
2017-5,E01001982,B26,4,2,2.0
2017-5,E01001990,B14,1,1,1.0
2017-5,E01001993,B13,1,1,1.0
2017-5,E01001994,B18,1,1,1.0
2017-5,E01002002,B16,1,1,1.0
2017-5,E01002002,B24,1,1,1.0
2017-5,E01002002,B26,3,3,1.0
2017-5,E01002003,B25,1,1,1.0
2017-5,E01002003,B26,2,1,2.0
2017-5,E01002009,B19,1,1,1.0
2017-5,E01002020,B26,1,1,1.0
2017-5,E01002028,B26,1,1,1.0
2017-5,E01002031,B26,2,1,2.0
2017-5,E01002033,B26,1,1,1.0
2017-5,E01002034,B13,1,1,1.0
2017-5,E01002034,B16,1,1,1.0
2017-5,E01002034,B25,1,1,1.0
2017-5,E01002039,B25,1,1,1.0
2017-5,E01002039,B26,1,1,1.0
2017-5,E01002043,B26,2,1,2.0
2017-5,E01002057,B13,2,1,2.0
2017-5,E01002062,B4,1,1,1.0
2017-5,E01002063,B16,1,1,1.0
2017-5,E01002064,B13,1,1,1.0
2017-5,E01002067,B25,1,1,1.0
2017-5,E01002069,B26,1,1,1.0
2017-5,E01002070,B26,1,1,1.0
2017-5,E01002074,B1,1,1,1.0
2017-5,E01002077,B26,1,1,1.0
2017-5,E01002080,B19,1,1,1.0
2017-5,E01002080,B26,1,1,1.0
2017-5,E01002081,B26,2,1,2.0
2017-5,E01002085,B26,4,3,1.3333333333333333
2017-5,E01002086,B26,3,2,1.5
2017-5,E01002088,B19,1,1,1.0
2017-5,E01002090,B28,1,1,1.0
2017-5,E01002091,B26,1,1,1.0
2017-5,E01002095,B26,1,1,1.0
2017-5,E01002118,B14,1,1,1.0
2017-5,E01002118,B16,1,1,1.0
2017-5,E01002129,B26,1,1,1.0
2017-5,E01002142,B13,1,1,1.0
2017-5,E01002144,B25,1,1,1.0
2017-5,E01002145,B19,1,1,1.0
2017-5,E01002145,B24,2,1,2.0
2017-5,E01002145,B28,1,1,1.0
2017-5,E01002147,B13,1,1,1.0
2017-5,E01002147,B19,1,1,1.0
2017-5,E01002148,B25,1,1,1.0
2017-5,E01002154,B13,1,1,1.0
2017-5,E01002157,B1,1,1,1.0
2017-5,E01002157,B13,1,1,1.0
2017-5,E01002158,B13,1,1,1.0
2017-5,E01002158,B27,1,1,1.0
2017-5,E01002163,B26,1,1,1.0
2017-5,E01002166,B13,1,1,1.0
2017-5,E01002176,B25,1,1,1.0
2017-5,E01002179,B16,1,1,1.0
2017-5,E01002179,B24,1,1,1.0
2017-5,E01002186,B13,1,1,1.0
2017-5,E01002192,B13,1,1,1.0
2017-5,E01002213,B1,1,1,1.0
2017-5,E01002218,B26,2,1,2.0
2017-5,E01002219,B26,1,1,1.0
2017-5,E01002228,B28,1,1,1.0
2017-5,E01002231,B1,1,1,1.0
2017-5,E01002231,B4,1,1,1.0
2017-5,E01002232,B25,1,1,1.0
2017-5,E01002233,B16,2,1,2.0
2017-5,E01002233,B19,1,1,1.0
2017-5,E01002236,B16,1,1,1.0
2017-5,E01002237,B16,1,1,1.0
2017-5,E01002252,B24,1,1,1.0
2017-5,E01002299,B19,1,1,1.0
2017-5,E01002392,B26,1,1,1.0
2017-5,E01002405,B15,2,1,2.0
2017-5,E01002406,B16,1,1,1.0
2017-5,E01002406,B19,1,1,1.0
2017-5,E01002431,B28,1,1,1.0
2017-5,E01002432,B19,1,1,1.0
2017-5,E01002432,B24,1,1,1.0
2017-5,E01002439,B19,1,1,1.0
2017-5,E01002441,B25,1,1,1.0
2017-5,E01002443,B24,1,1,1.0
2017-5,E01002443,B26,1,1,1.0
2017-5,E01002444,B13,2,1,2.0
2017-5,E01002444,B25,4,3,1.3333333333333333
2017-5,E01002444,B28,1,1,1.0
2017-5,E01002448,B26,1,1,1.0
2017-5,E01002462,B15,1,1,1.0
2017-5,E01002469,B19,1,1,1.0
2017-5,E01002478,B16,1,1,1.0
2017-5,E01002480,B13,1,1,1.0
2017-5,E01002506,B13,1,1,1.0
2017-5,E01002506,B26,1,1,1.0
2017-5,E01002512,B24,1,1,1.0
2017-5,E01002515,B24,1,1,1.0
2017-5,E01002515,B25,1,1,1.0
2017-5,E01002518,B13,1,1,1.0
2017-5,E01002521,B16,1,1,1.0
2017-5,E01002525,B18,1,1,1.0
2017-5,E01002527,B18,1,1,1.0
2017-5,E01002531,B26,1,1,1.0
2017-5,E01002541,B1,1,1,1.0
2017-5,E01002544,B14,1,1,1.0
2017-5,E01002549,B13,1,1,1.0
2017-5,E01002549,B26,1,1,1.0
2017-5,E01002550,B24,1,1,1.0
2017-5,E01002555,B26,2,2,1.0
2017-5,E01002557,B25,1,1,1.0
2017-5,E01002561,B19,2,1,2.0
2017-5,E01002561,B26,2,1,2.0
2017-5,E01002562,B15,1,1,1.0
2017-5,E01002562,B26,1,1,1.0
2017-5,E01002564,B26,2,1,2.0
2017-5,E01002565,B24,1,1,1.0
2017-5,E01002565,B26,1,1,1.0
2017-5,E01002566,B18,1,1,1.0
2017-5,E01002566,B19,1,1,1.0
2017-5,E01002566,B26,1,1,1.0
2017-5,E01002569,B13,1,1,1.0
2017-5,E01002569,B17,1,1,1.0
2017-5,E01002575,B13,1,1,1.0
2017-5,E01002575,B26,1,1,1.0
2017-5,E01002578,B26,1,1,1.0
2017-5,E01002581,B19,1,1,1.0
2017-5,E01002589,B26,1,1,1.0
2017-5,E01002590,B26,1,1,1.0
2017-5,E01002592,B1,1,1,1.0
2017-5,E01002593,B25,1,1,1.0
2017-5,E01002594,B26,1,1,1.0
2017-5,E01002606,B1,1,1,1.0
2017-5,E01002606,B19,1,1,1.0
2017-5,E01002606,B25,1,1,1.0
2017-5,E01002608,B26,1,1,1.0
2017-5,E01002620,B1,1,1,1.0
2017-5,E01002623,B26,12,1,12.0
2017-5,E01002629,B1,1,1,1.0
2017-5,E01002632,B19,1,1,1.0
2017-5,E01002633,B26,1,1,1.0
2017-5,E01002634,B18,1,1,1.0
2017-5,E01002636,B18,2,1,2.0
2017-5,E01002637,B13,1,1,1.0
2017-5,E01002637,B25,1,1,1.0
2017-5,E01002639,B26,1,1,1.0
2017-5,E01002646,B16,1,1,1.0
2017-5,E01002646,B26,1,1,1.0
2017-5,E01002648,B19,2,1,2.0
2017-5,E01002648,B26,3,3,1.0
2017-5,E01002650,B26,5,2,2.5
2017-5,E01002660,B26,1,1,1.0
2017-5,E01002661,B16,1,1,1.0
2017-5,E01002661,B26,7,1,7.0
2017-5,E01002662,B19,1,1,1.0
2017-5,E01002664,B26,1,1,1.0
2017-5,E01002665,B26,1,1,1.0
2017-5,E01002667,B1,1,1,1.0
2017-5,E01002667,B13,1,1,1.0
2017-5,E01002667,B25,1,1,1.0
2017-5,E01002671,B19,1,1,1.0
2017-5,E01002671,B26,1,1,1.0
2017-5,E01002672,B24,1,1,1.0
2017-5,E01002672,B26,6,2,3.0
2017-5,E01002673,B26,2,1,2.0
2017-5,E01002675,B1,1,1,1.0
2017-5,E01002676,B17,1,1,1.0
2017-5,E01002683,B26,1,1,1.0
2017-5,E01002684,B26,1,1,1.0
2017-5,E01002689,B26,1,1,1.0
2017-5,E01002692,B26,1,1,1.0
2017-5,E01002693,B26,7,2,3.5
2017-5,E01002695,B16,1,1,1.0
2017-5,E01002702,B13,1,1,1.0
2017-5,E01002703,B16,1,1,1.0
2017-5,E01002704,B1,1,1,1.0
2017-5,E01002704,B13,1,1,1.0
2017-5,E01002706,B13,1,1,1.0
2017-5,E01002706,B19,1,1,1.0
2017-5,E01002706,B26,1,1,1.0
2017-5,E01002708,B15,1,1,1.0
2017-5,E01002708,B26,1,1,1.0
2017-5,E01002712,B26,1,1,1.0
2017-5,E01002723,B13,1,1,1.0
2017-5,E01002726,B28,2,1,2.0
2017-5,E01002729,B1,1,1,1.0
2017-5,E01002734,B26,1,1,1.0
2017-5,E01002739,B26,1,1,1.0
2017-5,E01002739,B6,1,1,1.0
2017-5,E01002740,B19,1,1,1.0
2017-5,E01002752,B13,1,1,1.0
2017-5,E01002759,B19,1,1,1.0
2017-5,E01002772,B16,2,1,2.0
2017-5,E01002774,B17,1,1,1.0
2017-5,E01002791,B26,1,1,1.0
2017-5,E01002803,B26,1,1,1.0
2017-5,E01002805,B13,1,1,1.0
2017-5,E01002805,B19,1,1,1.0
2017-5,E01002810,B26,1,1,1.0
2017-5,E01002835,B19,1,1,1.0
2017-5,E01002854,B13,1,1,1.0
2017-5,E01002873,B17,1,1,1.0
2017-5,E01002873,B26,1,1,1.0
2017-5,E01002886,B16,1,1,1.0
2017-5,E01002935,B1,1,1,1.0
2017-5,E01002938,B19,1,1,1.0
2017-5,E01002939,B16,1,1,1.0
2017-5,E01002948,B26,1,1,1.0
2017-5,E01002949,B26,1,1,1.0
2017-5,E01002959,B28,1,1,1.0
2017-5,E01002967,B26,1,1,1.0
2017-5,E01002971,B26,1,1,1.0
2017-5,E01002972,B13,1,1,1.0
2017-5,E01002972,B26,1,1,1.0
2017-5,E01002981,B1,1,1,1.0
2017-5,E01002984,B16,2,2,1.0
2017-5,E01002988,B16,1,1,1.0
2017-5,E01002989,B26,1,1,1.0
2017-5,E01003002,B13,1,1,1.0
2017-5,E01003002,B28,1,1,1.0
2017-5,E01003004,B13,1,1,1.0
2017-5,E01003013,B19,1,1,1.0
2017-5,E01003013,B25,1,1,1.0
2017-5,E01003013,B26,4,1,4.0
2017-5,E01003014,B24,1,1,1.0
2017-5,E01003015,B25,1,1,1.0
2017-5,E01003024,B14,1,1,1.0
2017-5,E01003024,B18,1,1,1.0
2017-5,E01003024,B26,3,1,3.0
2017-5,E01003025,B26,4,1,4.0
2017-5,E01003029,B26,1,1,1.0
2017-5,E01003030,B18,2,1,2.0
2017-5,E01003032,B26,1,1,1.0
2017-5,E01003036,B19,1,1,1.0
2017-5,E01003037,B25,1,1,1.0
2017-5,E01003053,B19,1,1,1.0
2017-5,E01003053,B26,1,1,1.0
2017-5,E01003055,B1,1,1,1.0
2017-5,E01003055,B24,1,1,1.0
2017-5,E01003056,B26,1,1,1.0
2017-5,E01003062,B19,2,1,2.0
2017-5,E01003065,B16,1,1,1.0
2017-5,E01003065,B26,1,1,1.0
2017-5,E01003066,B24,1,1,1.0
2017-5,E01003066,B26,1,1,1.0
2017-5,E01003067,B19,1,1,1.0
2017-5,E01003068,B26,1,1,1.0
2017-5,E01003069,B26,1,1,1.0
2017-5,E01003070,B19,1,1,1.0
2017-5,E01003071,B26,1,1,1.0
2017-5,E01003074,B26,1,1,1.0
2017-5,E01003079,B13,1,1,1.0
2017-5,E01003079,B26,1,1,1.0
2017-5,E01003081,B28,1,1,1.0
2017-5,E01003082,B1,1,1,1.0
2017-5,E01003082,B25,1,1,1.0
2017-5,E01003086,B14,1,1,1.0
2017-5,E01003086,B28,1,1,1.0
2017-5,E01003087,B25,1,1,1.0
2017-5,E01003091,B19,2,1,2.0
2017-5,E01003091,B26,4,1,4.0
2017-5,E01003100,B26,1,1,1.0
2017-5,E01003102,B24,1,1,1.0
2017-5,E01003106,B13,1,1,1.0
2017-5,E01003110,B13,1,1,1.0
2017-5,E01003110,B26,1,1,1.0
2017-5,E01003115,B19,1,1,1.0
2017-5,E01003120,B13,2,1,2.0
2017-5,E01003123,B26,1,1,1.0
2017-5,E01003126,B26,1,1,1.0
2017-5,E01003128,B26,1,1,1.0
2017-5,E01003133,B13,2,2,1.0
2017-5,E01003137,B25,1,1,1.0
2017-5,E01003139,B26,5,2,2.5
2017-5,E01003140,B26,15,2,7.5
2017-5,E01003141,B17,1,1,1.0
2017-5,E01003141,B26,7,2,3.5
2017-5,E01003142,B26,2,2,1.0
2017-5,E01003144,B13,1,1,1.0
2017-5,E01003145,B1,4,1,4.0
2017-5,E01003145,B13,1,1,1.0
2017-5,E01003145,B26,3,1,3.0
2017-5,E01003147,B19,1,1,1.0
2017-5,E01003147,B26,7,2,3.5
2017-5,E01003149,B13,1,1,1.0
2017-5,E01003149,B25,1,1,1.0
2017-5,E01003149,B26,1,1,1.0
2017-5,E01003161,B19,1,1,1.0
2017-5,E01003164,B13,1,1,1.0
2017-5,E01003164,B19,2,1,2.0
2017-5,E01003164,B26,2,1,2.0
2017-5,E01003169,B13,1,1,1.0
2017-5,E01003174,B1,1,1,1.0
2017-5,E01003174,B19,1,1,1.0
2017-5,E01003175,B26,1,1,1.0
2017-5,E01003177,B26,1,1,1.0
2017-5,E01003178,B26,1,1,1.0
2017-5,E01003181,B1,1,1,1.0
2017-5,E01003181,B13,1,1,1.0
2017-5,E01003183,B24,1,1,1.0
2017-5,E01003185,B26,1,1,1.0
2017-5,E01003186,B19,2,2,1.0
2017-5,E01003186,B26,1,1,1.0
2017-5,E01003189,B26,5,2,2.5
2017-5,E01003190,B1,1,1,1.0
2017-5,E01003190,B14,2,1,2.0
2017-5,E01003190,B26,5,3,1.6666666666666667
2017-5,E01003191,B13,1,1,1.0
2017-5,E01003191,B17,1,1,1.0
2017-5,E01003191,B26,16,4,4.0
2017-5,E01003192,B13,2,1,2.0
2017-5,E01003192,B17,1,1,1.0
2017-5,E01003192,B25,1,1,1.0
2017-5,E01003192,B26,5,4,1.25
2017-5,E01003193,B1,1,1,1.0
2017-5,E01003193,B26,5,3,1.6666666666666667
2017-5,E01003194,B13,1,1,1.0
2017-5,E01003194,B26,1,1,1.0
2017-5,E01003195,B26,1,1,1.0
2017-5,E01003196,B18,1,1,1.0
2017-5,E01003196,B26,7,4,1.75
2017-5,E01003197,B26,5,2,2.5
2017-5,E01003198,B26,1,1,1.0
2017-5,E01003198,B6,3,1,3.0
2017-5,E01003199,B13,1,1,1.0
2017-5,E01003199,B26,3,2,1.5
2017-5,E01003200,B13,1,1,1.0
2017-5,E01003201,B26,4,2,2.0
2017-5,E01003203,B26,6,4,1.5
2017-5,E01003204,B26,2,2,1.0
2017-5,E01003205,B16,1,1,1.0
2017-5,E01003206,B26,1,1,1.0
2017-5,E01003207,B14,1,1,1.0
2017-5,E01003207,B26,1,1,1.0
2017-5,E01003207,B28,1,1,1.0
2017-5,E01003209,B1,1,1,1.0
2017-5,E01003209,B14,1,1,1.0
2017-5,E01003209,B26,11,4,2.75
2017-5,E01003210,B14,1,1,1.0
2017-5,E01003210,B15,1,1,1.0
2017-5,E01003210,B18,5,1,5.0
2017-5,E01003210,B26,19,10,1.9
2017-5,E01003211,B14,1,1,1.0
2017-5,E01003211,B26,2,1,2.0
2017-5,E01003212,B1,1,1,1.0
2017-5,E01003212,B17,1,1,1.0
2017-5,E01003212,B26,5,5,1.0
2017-5,E01003213,B13,1,1,1.0
2017-5,E01003213,B26,6,4,1.5
2017-5,E01003214,B26,1,1,1.0
2017-5,E01003215,B1,1,1,1.0
2017-5,E01003215,B14,6,2,3.0
2017-5,E01003215,B26,2,2,1.0
2017-5,E01003216,B14,1,1,1.0
2017-5,E01003216,B26,6,4,1.5
2017-5,E01003217,B26,1,1,1.0
2017-5,E01003218,B26,10,6,1.6666666666666667
2017-5,E01003219,B13,1,1,1.0
2017-5,E01003219,B16,4,1,4.0
2017-5,E01003219,B26,5,3,1.6666666666666667
2017-5,E01003220,B26,1,1,1.0
2017-5,E01003221,B1,2,2,1.0
2017-5,E01003221,B14,1,1,1.0
2017-5,E01003221,B26,6,5,1.2
2017-5,E01003222,B26,10,6,1.6666666666666667
2017-5,E01003223,B26,9,6,1.5
2017-5,E01003224,B13,1,1,1.0
2017-5,E01003224,B26,4,4,1.0
2017-5,E01003225,B13,1,1,1.0
2017-5,E01003226,B1,1,1,1.0
2017-5,E01003226,B26,4,3,1.3333333333333333
2017-5,E01003227,B26,1,1,1.0
2017-5,E01003228,B1,1,1,1.0
2017-5,E01003228,B26,5,3,1.6666666666666667
2017-5,E01003229,B13,2,2,1.0
2017-5,E01003229,B14,1,1,1.0
2017-5,E01003229,B26,3,3,1.0
2017-5,E01003230,B13,2,2,1.0
2017-5,E01003230,B14,3,2,1.5
2017-5,E01003230,B26,2,2,1.0
2017-5,E01003231,B26,6,4,1.5
2017-5,E01003232,B1,1,1,1.0
2017-5,E01003232,B13,1,1,1.0
2017-5,E01003232,B26,2,2,1.0
2017-5,E01003233,B25,1,1,1.0
2017-5,E01003235,B13,1,1,1.0
2017-5,E01003235,B14,2,1,2.0
2017-5,E01003235,B15,1,1,1.0
2017-5,E01003235,B24,1,1,1.0
2017-5,E01003235,B26,8,6,1.3333333333333333
2017-5,E01003236,B26,4,4,1.0
2017-5,E01003237,B26,4,2,2.0
2017-5,E01003237,B6,1,1,1.0
2017-5,E01003238,B26,1,1,1.0
2017-5,E01003239,B26,2,2,1.0
2017-5,E01003240,B13,2,1,2.0
2017-5,E01003240,B2,1,1,1.0
2017-5,E01003240,B24,1,1,1.0
2017-5,E01003240,B26,6,3,2.0
2017-5,E01003240,B6,1,1,1.0
2017-5,E01003241,B14,1,1,1.0
2017-5,E01003241,B15,1,1,1.0
2017-5,E01003241,B26,2,2,1.0
2017-5,E01003243,B1,1,1,1.0
2017-5,E01003243,B13,2,2,1.0
2017-5,E01003243,B26,6,2,3.0
2017-5,E01003244,B16,2,1,2.0
2017-5,E01003244,B26,3,2,1.5
2017-5,E01003245,B26,3,2,1.5
2017-5,E01003246,B15,1,1,1.0
2017-5,E01003246,B26,1,1,1.0
2017-5,E01003248,B26,5,1,5.0
2017-5,E01003249,B1,8,2,4.0
2017-5,E01003251,B13,1,1,1.0
2017-5,E01003251,B15,1,1,1.0
2017-5,E01003251,B25,1,1,1.0
2017-5,E01003251,B26,3,1,3.0
2017-5,E01003252,B26,7,2,3.5
2017-5,E01003252,B6,1,1,1.0
2017-5,E01003253,B1,1,1,1.0
2017-5,E01003253,B26,7,4,1.75
2017-5,E01003255,B1,2,1,2.0
2017-5,E01003255,B13,1,1,1.0
2017-5,E01003255,B18,2,1,2.0
2017-5,E01003255,B2,1,1,1.0
2017-5,E01003255,B26,1,1,1.0
2017-5,E01003256,B1,1,1,1.0
2017-5,E01003256,B26,1,1,1.0
2017-5,E01003257,B13,1,1,1.0
2017-5,E01003257,B26,1,1,1.0
2017-5,E01003258,B13,1,1,1.0
2017-5,E01003258,B17,2,1,2.0
2017-5,E01003258,B26,1,1,1.0
2017-5,E01003259,B26,1,1,1.0
2017-5,E01003260,B15,1,1,1.0
2017-5,E01003260,B18,1,1,1.0
2017-5,E01003260,B26,1,1,1.0
2017-5,E01003261,B1,2,1,2.0
2017-5,E01003261,B13,2,1,2.0
2017-5,E01003261,B26,1,1,1.0
2017-5,E01003262,B26,1,1,1.0
2017-5,E01003263,B1,1,1,1.0
2017-5,E01003263,B26,3,3,1.0
2017-5,E01003264,B1,1,1,1.0
2017-5,E01003264,B26,4,3,1.3333333333333333
2017-5,E01003264,B28,1,1,1.0
2017-5,E01003265,B26,3,3,1.0
2017-5,E01003266,B26,1,1,1.0
2017-5,E01003267,B26,4,3,1.3333333333333333
2017-5,E01003268,B1,1,1,1.0
2017-5,E01003268,B16,1,1,1.0
2017-5,E01003268,B26,3,1,3.0
2017-5,E01003269,B13,1,1,1.0
2017-5,E01003270,B13,1,1,1.0
2017-5,E01003270,B15,1,1,1.0
2017-5,E01003270,B26,1,1,1.0
2017-5,E01003271,B24,1,1,1.0
2017-5,E01003271,B26,1,1,1.0
2017-5,E01003272,B26,10,3,3.3333333333333335
2017-5,E01003273,B1,1,1,1.0
2017-5,E01003273,B26,2,1,2.0
2017-5,E01003274,B1,1,1,1.0
2017-5,E01003274,B14,1,1,1.0
2017-5,E01003274,B2,1,1,1.0
2017-5,E01003274,B26,3,3,1.0
2017-5,E01003274,B6,1,1,1.0
2017-5,E01003275,B13,1,1,1.0
2017-5,E01003276,B1,2,2,1.0
2017-5,E01003276,B15,1,1,1.0
2017-5,E01003276,B18,1,1,1.0
2017-5,E01003276,B26,2,1,2.0
2017-5,E01003277,B1,1,1,1.0
2017-5,E01003277,B18,1,1,1.0
2017-5,E01003277,B26,4,3,1.3333333333333333
2017-5,E01003278,B1,1,1,1.0
2017-5,E01003278,B14,1,1,1.0
2017-5,E01003278,B26,7,6,1.1666666666666667
2017-5,E01003279,B26,4,2,2.0
2017-5,E01003280,B26,1,1,1.0
2017-5,E01003281,B18,1,1,1.0
2017-5,E01003281,B26,4,4,1.0
2017-5,E01003282,B2,1,1,1.0
2017-5,E01003283,B26,5,4,1.25
2017-5,E01003284,B16,1,1,1.0
2017-5,E01003284,B2,1,1,1.0
2017-5,E01003284,B26,6,3,2.0
2017-5,E01003285,B26,6,5,1.2
2017-5,E01003286,B26,1,1,1.0
2017-5,E01003287,B17,2,1,2.0
2017-5,E01003287,B26,3,3,1.0
2017-5,E01003288,B14,1,1,1.0
2017-5,E01003288,B26,3,2,1.5
2017-5,E01003290,B26,1,1,1.0
2017-5,E01003291,B13,1,1,1.0
2017-5,E01003291,B14,2,1,2.0
2017-5,E01003291,B26,5,4,1.25
2017-5,E01003291,B28,1,1,1.0
2017-5,E01003292,B26,5,2,2.5
2017-5,E01003293,B1,1,1,1.0
2017-5,E01003293,B26,4,2,2.0
2017-5,E01003295,B17,1,1,1.0
2017-5,E01003295,B26,10,5,2.0
2017-5,E01003296,B14,2,1,2.0
2017-5,E01003296,B15,2,1,2.0
2017-5,E01003296,B26,5,4,1.25
2017-5,E01003296,B28,4,2,2.0
2017-5,E01003297,B1,1,1,1.0
2017-5,E01003297,B26,1,1,1.0
2017-5,E01003297,B28,1,1,1.0
2017-5,E01003298,B26,9,2,4.5
2017-5,E01003299,B13,1,1,1.0
2017-5,E01003299,B26,6,3,2.0
2017-5,E01003300,B15,1,1,1.0
2017-5,E01003300,B26,7,1,7.0
2017-5,E01003301,B26,2,2,1.0
2017-5,E01003301,B28,1,1,1.0
2017-5,E01003302,B1,1,1,1.0
2017-5,E01003302,B16,1,1,1.0
2017-5,E01003302,B26,4,2,2.0
2017-5,E01003303,B14,1,1,1.0
2017-5,E01003303,B15,3,3,1.0
2017-5,E01003303,B26,3,2,1.5
2017-5,E01003304,B1,1,1,1.0
2017-5,E01003304,B13,1,1,1.0
2017-5,E01003304,B14,1,1,1.0
2017-5,E01003304,B26,5,4,1.25
2017-5,E01003305,B26,2,2,1.0
2017-5,E01003305,B28,1,1,1.0
2017-5,E01003307,B26,1,1,1.0
2017-5,E01003308,B18,2,1,2.0
2017-5,E01003309,B26,2,1,2.0
2017-5,E01003310,B26,4,3,1.3333333333333333
2017-5,E01003311,B13,1,1,1.0
2017-5,E01003311,B24,1,1,1.0
2017-5,E01003311,B26,2,2,1.0
2017-5,E01003311,B28,1,1,1.0
2017-5,E01003312,B1,2,2,1.0
2017-5,E01003312,B13,1,1,1.0
2017-5,E01003313,B1,1,1,1.0
2017-5,E01003313,B18,1,1,1.0
2017-5,E01003313,B26,4,4,1.0
2017-5,E01003314,B26,3,2,1.5
2017-5,E01003315,B13,1,1,1.0
2017-5,E01003315,B26,1,1,1.0
2017-5,E01003316,B24,1,1,1.0
2017-5,E01003316,B26,3,2,1.5
2017-5,E01003317,B13,1,1,1.0
2017-5,E01003317,B14,1,1,1.0
2017-5,E01003317,B17,1,1,1.0
2017-5,E01003317,B26,4,3,1.3333333333333333
2017-5,E01003318,B13,3,3,1.0
2017-5,E01003318,B14,7,2,3.5
2017-5,E01003318,B24,1,1,1.0
2017-5,E01003318,B26,9,6,1.5
2017-5,E01003319,B14,1,1,1.0
2017-5,E01003319,B26,10,7,1.4285714285714286
2017-5,E01003320,B1,1,1,1.0
2017-5,E01003320,B14,2,1,2.0
2017-5,E01003320,B15,1,1,1.0
2017-5,E01003320,B26,5,4,1.25
2017-5,E01003321,B13,1,1,1.0
2017-5,E01003321,B26,3,2,1.5
2017-5,E01003322,B13,3,1,3.0
2017-5,E01003322,B14,1,1,1.0
2017-5,E01003322,B26,15,5,3.0
2017-5,E01003323,B26,5,1,5.0
2017-5,E01003324,B13,2,1,2.0
2017-5,E01003324,B14,2,1,2.0
2017-5,E01003324,B26,2,2,1.0
2017-5,E01003325,B26,13,8,1.625
2017-5,E01003326,B1,1,1,1.0
2017-5,E01003326,B26,3,3,1.0
2017-5,E01003327,B26,5,4,1.25
2017-5,E01003328,B14,1,1,1.0
2017-5,E01003328,B15,1,1,1.0
2017-5,E01003328,B17,1,1,1.0
2017-5,E01003328,B26,2,2,1.0
2017-5,E01003330,B1,1,1,1.0
2017-5,E01003330,B13,1,1,1.0
2017-5,E01003330,B14,1,1,1.0
2017-5,E01003330,B17,1,1,1.0
2017-5,E01003330,B26,1,1,1.0
2017-5,E01003331,B1,1,1,1.0
2017-5,E01003331,B26,1,1,1.0
2017-5,E01003332,B13,1,1,1.0
2017-5,E01003332,B15,1,1,1.0
2017-5,E01003332,B26,2,1,2.0
2017-5,E01003333,B17,1,1,1.0
2017-5,E01003333,B2,1,1,1.0
2017-5,E01003333,B26,2,2,1.0
2017-5,E01003334,B14,1,1,1.0
2017-5,E01003334,B26,2,2,1.0
2017-5,E01003335,B14,1,1,1.0
2017-5,E01003336,B26,1,1,1.0
2017-5,E01003337,B26,8,5,1.6
2017-5,E01003338,B26,2,2,1.0
2017-5,E01003339,B26,2,2,1.0
2017-5,E01003340,B14,1,1,1.0
2017-5,E01003340,B26,10,3,3.3333333333333335
2017-5,E01003341,B15,3,1,3.0
2017-5,E01003341,B26,10,6,1.6666666666666667
2017-5,E01003342,B14,2,1,2.0
2017-5,E01003342,B26,3,2,1.5
2017-5,E01003343,B26,9,4,2.25
2017-5,E01003344,B1,1,1,1.0
2017-5,E01003344,B14,1,1,1.0
2017-5,E01003344,B26,11,4,2.75
2017-5,E01003345,B14,2,1,2.0
2017-5,E01003345,B15,1,1,1.0
2017-5,E01003345,B26,2,2,1.0
2017-5,E01003345,B6,1,1,1.0
2017-5,E01003346,B26,2,1,2.0
2017-5,E01003347,B26,3,3,1.0
2017-5,E01003348,B14,1,1,1.0
2017-5,E01003348,B26,10,1,10.0
2017-5,E01003348,B28,1,1,1.0
2017-5,E01003350,B26,2,1,2.0
2017-5,E01003352,B1,2,2,1.0
2017-5,E01003352,B14,3,3,1.0
2017-5,E01003352,B15,1,1,1.0
2017-5,E01003352,B26,4,4,1.0
2017-5,E01003352,B6,1,1,1.0
2017-5,E01003353,B13,2,2,1.0
2017-5,E01003353,B26,2,1,2.0
2017-5,E01003354,B13,1,1,1.0
2017-5,E01003354,B26,7,4,1.75
2017-5,E01003367,B24,1,1,1.0
2017-5,E01003373,B18,1,1,1.0
2017-5,E01003375,B13,1,1,1.0
2017-5,E01003408,B19,1,1,1.0
2017-5,E01003408,B28,1,1,1.0
2017-5,E01003431,B26,1,1,1.0
2017-5,E01003456,B26,1,1,1.0
2017-5,E01003482,B15,1,1,1.0
2017-5,E01003484,B15,1,1,1.0
2017-5,E01003502,B15,1,1,1.0
2017-5,E01003530,B15,1,1,1.0
2017-5,E01003548,B15,1,1,1.0
2017-5,E01003550,B15,2,1,2.0
2017-5,E01003619,B24,1,1,1.0
2017-5,E01003631,B15,1,1,1.0
2017-5,E01003812,B28,1,1,1.0
2017-5,E01003816,B13,1,1,1.0
2017-5,E01003818,B26,1,1,1.0
2017-5,E01003818,B28,1,1,1.0
2017-5,E01003820,B1,1,1,1.0
2017-5,E01003831,B15,1,1,1.0
2017-5,E01003831,B26,1,1,1.0
2017-5,E01003839,B24,1,1,1.0
2017-5,E01003851,B24,1,1,1.0
2017-5,E01003870,B24,1,1,1.0
2017-5,E01003872,B26,1,1,1.0
2017-5,E01003883,B6,1,1,1.0
2017-5,E01003888,B28,1,1,1.0
2017-5,E01003891,B19,1,1,1.0
2017-5,E01003891,B26,1,1,1.0
2017-5,E01003897,B26,2,2,1.0
2017-5,E01003900,B13,1,1,1.0
2017-5,E01003902,B15,1,1,1.0
2017-5,E01003904,B13,1,1,1.0
2017-5,E01003909,B26,1,1,1.0
2017-5,E01003919,B26,1,1,1.0
2017-5,E01003921,B13,1,1,1.0
2017-5,E01003921,B27,1,1,1.0
2017-5,E01003926,B16,1,1,1.0
2017-5,E01003927,B25,1,1,1.0
2017-5,E01003933,B26,2,1,2.0
2017-5,E01003934,B13,2,2,1.0
2017-5,E01003935,B14,1,1,1.0
2017-5,E01003943,B18,1,1,1.0
2017-5,E01003945,B14,1,1,1.0
2017-5,E01003945,B17,1,1,1.0
2017-5,E01003945,B26,2,1,2.0
2017-5,E01003947,B15,1,1,1.0
2017-5,E01003948,B13,1,1,1.0
2017-5,E01003948,B26,1,1,1.0
2017-5,E01003953,B26,1,1,1.0
2017-5,E01003955,B19,1,1,1.0
2017-5,E01003958,B16,1,1,1.0
2017-5,E01003964,B13,1,1,1.0
2017-5,E01003964,B25,1,1,1.0
2017-5,E01003966,B1,1,1,1.0
2017-5,E01003969,B16,1,1,1.0
2017-5,E01003977,B26,1,1,1.0
2017-5,E01003979,B13,1,1,1.0
2017-5,E01003993,B26,1,1,1.0
2017-5,E01003994,B26,1,1,1.0
2017-5,E01003995,B26,1,1,1.0
2017-5,E01004000,B26,1,1,1.0
2017-5,E01004016,B26,2,2,1.0
2017-5,E01004017,B15,1,1,1.0
2017-5,E01004022,B17,1,1,1.0
2017-5,E01004022,B19,1,1,1.0
2017-5,E01004027,B13,1,1,1.0
2017-5,E01004042,B26,2,1,2.0
2017-5,E01004051,B16,1,1,1.0
2017-5,E01004067,B24,1,1,1.0
2017-5,E01004067,B26,4,2,2.0
2017-5,E01004068,B26,1,1,1.0
2017-5,E01004073,B14,1,1,1.0
2017-5,E01004074,B25,1,1,1.0
2017-5,E01004075,B15,1,1,1.0
2017-5,E01004077,B13,1,1,1.0
2017-5,E01004077,B18,2,1,2.0
2017-5,E01004077,B26,4,2,2.0
2017-5,E01004078,B13,1,1,1.0
2017-5,E01004078,B26,3,1,3.0
2017-5,E01004080,B1,1,1,1.0
2017-5,E01004095,B26,1,1,1.0
2017-5,E01004097,B13,1,1,1.0
2017-5,E01004098,B19,1,1,1.0
2017-5,E01004100,B17,1,1,1.0
2017-5,E01004103,B16,1,1,1.0
2017-5,E01004104,B16,1,1,1.0
2017-5,E01004107,B26,1,1,1.0
2017-5,E01004108,B16,1,1,1.0
2017-5,E01004130,B19,1,1,1.0
2017-5,E01004137,B14,1,1,1.0
2017-5,E01004142,B13,4,1,4.0
2017-5,E01004142,B14,13,1,13.0
2017-5,E01004142,B16,1,1,1.0
2017-5,E01004142,B28,1,1,1.0
2017-5,E01004143,B26,1,1,1.0
2017-5,E01004146,B14,6,1,6.0
2017-5,E01004148,B26,1,1,1.0
2017-5,E01004150,B28,1,1,1.0
2017-5,E01004155,B1,2,1,2.0
2017-5,E01004156,B14,1,1,1.0
2017-5,E01004162,B26,2,1,2.0
2017-5,E01004168,B1,1,1,1.0
2017-5,E01004181,B18,2,1,2.0
2017-5,E01004188,B13,1,1,1.0
2017-5,E01004189,B26,1,1,1.0
2017-5,E01004191,B13,1,1,1.0
2017-5,E01004192,B19,1,1,1.0
2017-5,E01004195,B18,1,1,1.0
2017-5,E01004197,B26,1,1,1.0
2017-5,E01004205,B16,1,1,1.0
2017-5,E01004205,B28,1,1,1.0
2017-5,E01004211,B16,1,1,1.0
2017-5,E01004211,B25,1,1,1.0
2017-5,E01004211,B28,1,1,1.0
2017-5,E01004217,B25,1,1,1.0
2017-5,E01004222,B26,1,1,1.0
2017-5,E01004224,B6,1,1,1.0
2017-5,E01004247,B26,1,1,1.0
2017-5,E01004255,B13,1,1,1.0
2017-5,E01004255,B15,1,1,1.0
2017-5,E01004255,B19,1,1,1.0
2017-5,E01004258,B15,1,1,1.0
2017-5,E01004271,B26,1,1,1.0
2017-5,E01004277,B1,1,1,1.0
2017-5,E01004277,B13,1,1,1.0
2017-5,E01004281,B26,1,1,1.0
2017-5,E01004290,B24,1,1,1.0
2017-5,E01004293,B13,1,1,1.0
2017-5,E01004307,B26,1,1,1.0
2017-5,E01004308,B17,1,1,1.0
2017-5,E01004308,B28,2,1,2.0
2017-5,E01004311,B13,1,1,1.0
2017-5,E01004312,B17,1,1,1.0
2017-5,E01004315,B1,1,1,1.0
2017-5,E01004317,B1,1,1,1.0
2017-5,E01004317,B26,5,2,2.5
2017-5,E01004322,B26,2,2,1.0
2017-5,E01004324,B26,1,1,1.0
2017-5,E01004325,B24,1,1,1.0
2017-5,E01004326,B16,1,1,1.0
2017-5,E01004328,B26,1,1,1.0
2017-5,E01004331,B13,1,1,1.0
2017-5,E01004331,B26,1,1,1.0
2017-5,E01004341,B18,1,1,1.0
2017-5,E01004348,B16,1,1,1.0
2017-5,E01004354,B26,1,1,1.0
2017-5,E01004362,B26,1,1,1.0
2017-5,E01004366,B26,1,1,1.0
2017-5,E01004370,B26,1,1,1.0
2017-5,E01004372,B26,2,1,2.0
2017-5,E01004380,B16,1,1,1.0
2017-5,E01004380,B27,1,1,1.0
2017-5,E01004381,B16,1,1,1.0
2017-5,E01004401,B26,2,2,1.0
2017-5,E01004403,B26,1,1,1.0
2017-5,E01004407,B16,1,1,1.0
2017-5,E01004430,B16,2,1,2.0
2017-5,E01004436,B13,1,1,1.0
2017-5,E01004437,B26,1,1,1.0
2017-5,E01004438,B13,1,1,1.0
2017-5,E01004446,B26,1,1,1.0
2017-5,E01004448,B16,1,1,1.0
2017-5,E01004448,B26,1,1,1.0
2017-5,E01004452,B16,1,1,1.0
2017-5,E01004454,B26,1,1,1.0
2017-5,E01004459,B1,1,1,1.0
2017-5,E01004466,B26,1,1,1.0
2017-5,E01004467,B26,1,1,1.0
2017-5,E01004472,B16,1,1,1.0
2017-5,E01004474,B13,2,2,1.0
2017-5,E01004474,B25,1,1,1.0
2017-5,E01004476,B14,1,1,1.0
2017-5,E01004477,B26,1,1,1.0
2017-5,E01004485,B14,3,1,3.0
2017-5,E01004485,B26,1,1,1.0
2017-5,E01004499,B13,1,1,1.0
2017-5,E01004500,B19,1,1,1.0
2017-5,E01004501,B26,1,1,1.0
2017-5,E01004506,B13,1,1,1.0
2017-5,E01004507,B13,1,1,1.0
2017-5,E01004508,B1,1,1,1.0
2017-5,E01004521,B1,1,1,1.0
2017-5,E01004522,B16,2,1,2.0
2017-5,E01004523,B24,1,1,1.0
2017-5,E01004536,B26,1,1,1.0
2017-5,E01004537,B19,1,1,1.0
2017-5,E01004538,B19,1,1,1.0
2017-5,E01004541,B13,1,1,1.0
2017-5,E01004548,B16,1,1,1.0
2017-5,E01004550,B27,1,1,1.0
2017-5,E01004552,B27,1,1,1.0
2017-5,E01004558,B27,1,1,1.0
2017-5,E01004564,B15,1,1,1.0
2017-5,E01004577,B13,1,1,1.0
2017-5,E01004580,B26,1,1,1.0
2017-5,E01004587,B19,1,1,1.0
2017-5,E01004588,B27,1,1,1.0
2017-5,E01004588,B28,1,1,1.0
2017-5,E01004596,B19,2,1,2.0
2017-5,E01004596,B25,1,1,1.0
2017-5,E01004597,B19,1,1,1.0
2017-5,E01004623,B16,1,1,1.0
2017-5,E01004640,B24,1,1,1.0
2017-5,E01004641,B15,1,1,1.0
2017-5,E01004642,B26,2,2,1.0
2017-5,E01004656,B19,1,1,1.0
2017-5,E01004661,B13,1,1,1.0
2017-5,E01004691,B26,1,1,1.0
2017-5,E01004719,B26,2,1,2.0
2017-5,E01004730,B24,1,1,1.0
2017-5,E01004731,B13,1,1,1.0
2017-5,E01004733,B25,1,1,1.0
2017-5,E01004733,B26,1,1,1.0
2017-5,E01004734,B26,1,1,1.0
2017-5,E01004735,B26,1,1,1.0
2017-5,E01004736,B16,1,1,1.0
2017-5,E01004736,B4,1,1,1.0
2017-5,E01004744,B13,1,1,1.0
2017-5,E01004745,B26,1,1,1.0
2017-5,E01004754,B19,1,1,1.0
2017-5,E01004762,B26,1,1,1.0
2017-5,E01004763,B6,1,1,1.0
2017-5,E01004768,B26,1,1,1.0
2017-5,E01004780,B25,1,1,1.0
2017-5,E01004781,B17,1,1,1.0
2017-5,E01004781,B25,1,1,1.0
2017-5,E01004781,B26,3,1,3.0
2017-5,E01004786,B25,1,1,1.0
2017-5,E01004786,B27,1,1,1.0
2017-5,E01004788,B13,1,1,1.0
2017-5,E01004788,B19,1,1,1.0
2017-5,E01004790,B26,1,1,1.0
2017-5,E01004811,B1,1,1,1.0
2017-5,E01004819,B13,1,1,1.0
2017-5,E01004829,B26,1,1,1.0
2017-5,E01004836,B25,1,1,1.0
2017-5,E01004840,B19,1,1,1.0
2017-5,E01004845,B13,1,1,1.0
2017-5,E01004855,B26,1,1,1.0
2017-5,E01004864,B28,1,1,1.0
2017-5,E01004880,B26,1,1,1.0
2017-5,E01004884,B13,1,1,1.0
2017-5,E01004884,B25,1,1,1.0
2017-5,E01004884,B26,2,2,1.0
2017-5,E01004886,B13,1,1,1.0
2017-5,E01004886,B16,2,2,1.0
2017-5,E01004886,B26,1,1,1.0
2017-5,E01004894,B19,1,1,1.0
2017-5,E01004919,B13,1,1,1.0
2017-5,E01004921,B26,1,1,1.0
2017-5,E01004927,B19,1,1,1.0
2017-5,E01004932,B25,1,1,1.0
2017-5,E01004934,B15,1,1,1.0
2017-5,E01004957,B24,1,1,1.0
2017-5,E01004957,B26,1,1,1.0
2017-5,E01004959,B24,2,1,2.0
2017-5,E01004984,B17,1,1,1.0
2017-5,E01004991,B16,1,1,1.0
2017-5,E01004995,B25,1,1,1.0
2017-5,E01005000,B19,1,1,1.0
2017-5,E01005003,B13,1,1,1.0
2017-5,E01005004,B1,1,1,1.0
2017-5,E01005007,B25,1,1,1.0
2017-5,E01005009,B26,1,1,1.0
2017-5,E01005010,B26,2,1,2.0
2017-5,E01005012,B25,1,1,1.0
2017-5,E01005013,B17,1,1,1.0
2017-5,E01005013,B24,1,1,1.0
2017-5,E01005014,B25,1,1,1.0
2017-5,E01005018,B13,1,1,1.0
2017-5,E01005018,B27,1,1,1.0
2017-5,E01005019,B25,1,1,1.0
2017-5,E01005020,B17,1,1,1.0
2017-5,E01005021,B25,1,1,1.0
2017-5,E01005026,B26,1,1,1.0
2017-5,E01005037,B26,1,1,1.0
2017-5,E01005037,B28,1,1,1.0
2017-5,E01005038,B16,1,1,1.0
2017-5,E01005042,B18,1,1,1.0
2017-5,E01005043,B26,1,1,1.0
2017-5,E01005044,B26,1,1,1.0
2017-5,E01005047,B25,1,1,1.0
2017-5,E01005047,B26,1,1,1.0
2017-5,E01005048,B25,1,1,1.0
2017-5,E01005051,B25,2,1,2.0
2017-5,E01005054,B13,2,1,2.0
2017-5,E01005054,B25,2,2,1.0
2017-5,E01005055,B25,1,1,1.0
2017-5,E01005057,B18,1,1,1.0
2017-5,E01005060,B25,2,1,2.0
2017-5,E01005062,B25,1,1,1.0
2017-5,E01005066,B13,2,1,2.0
2017-5,E01005069,B15,1,1,1.0
2017-5,E01005070,B25,1,1,1.0
2017-5,E01005075,B13,1,1,1.0
2017-5,E01005075,B25,1,1,1.0
2017-5,E01005079,B25,3,2,1.5
2017-5,E01005089,B25,8,1,8.0
2017-5,E01005099,B19,1,1,1.0
2017-5,E01005101,B26,1,1,1.0
2017-5,E01005108,B26,2,2,1.0
2017-5,E01005111,B13,1,1,1.0
2017-5,E01005112,B26,1,1,1.0
2017-5,E01005120,B19,1,1,1.0
2017-5,E01005120,B25,1,1,1.0
2017-5,E01005121,B24,1,1,1.0
2017-5,E01005126,B25,1,1,1.0
2017-5,E01005130,B26,3,1,3.0
2017-5,E01005135,B25,1,1,1.0
2017-5,E01005136,B26,4,1,4.0
2017-5,E01005140,B26,1,1,1.0
2017-5,E01005142,B25,8,2,4.0
2017-5,E01005143,B25,10,1,10.0
2017-5,E01005143,B26,1,1,1.0
2017-5,E01005146,B26,1,1,1.0
2017-5,E01005147,B25,7,1,7.0
2017-5,E01005147,B26,2,1,2.0
2017-5,E01005151,B24,1,1,1.0
2017-5,E01005151,B25,2,1,2.0
2017-5,E01005156,B26,1,1,1.0
2017-5,E01005158,B25,3,3,1.0
2017-5,E01005164,B26,1,1,1.0
2017-5,E01005168,B25,5,1,5.0
2017-5,E01005169,B25,3,1,3.0
2017-5,E01005171,B25,2,2,1.0
2017-5,E01005172,B25,2,1,2.0
2017-5,E01005173,B25,1,1,1.0
2017-5,E01005176,B25,4,1,4.0
2017-5,E01005179,B26,1,1,1.0
2017-5,E01005181,B18,1,1,1.0
2017-5,E01005182,B13,1,1,1.0
2017-5,E01005184,B21,1,1,1.0
2017-5,E01005186,B26,3,2,1.5
2017-5,E01005199,B26,1,1,1.0
2017-5,E01005199,B28,1,1,1.0
2017-5,E01005200,B26,2,2,1.0
2017-5,E01005208,B25,1,1,1.0
2017-5,E01005212,B4,1,1,1.0
2017-5,E01005213,B26,1,1,1.0
2017-5,E01005215,B26,1,1,1.0
2017-5,E01005216,B25,1,1,1.0
2017-5,E01005216,B26,2,1,2.0
2017-5,E01005218,B19,1,1,1.0
2017-5,E01005218,B26,1,1,1.0
2017-5,E01005219,B19,1,1,1.0
2017-5,E01005219,B26,1,1,1.0
2017-5,E01005220,B26,9,4,2.25
2017-5,E01005221,B26,6,5,1.2
2017-5,E01005222,B25,1,1,1.0
2017-5,E01005222,B26,3,2,1.5
2017-5,E01005227,B25,1,1,1.0
2017-5,E01005232,B26,1,1,1.0
2017-5,E01005233,B26,1,1,1.0
2017-5,E01005235,B16,1,1,1.0
2017-5,E01005236,B25,1,1,1.0
2017-5,E01005240,B26,1,1,1.0
2017-5,E01005243,B26,2,1,2.0
2017-5,E01005257,B17,1,1,1.0
2017-5,E01005260,B13,1,1,1.0
2017-5,E01005260,B17,1,1,1.0
2017-5,E01005266,B25,1,1,1.0
2017-5,E01005268,B19,1,1,1.0
2017-5,E01005271,B26,1,1,1.0
2017-5,E01005272,B16,2,1,2.0
2017-5,E01005276,B25,1,1,1.0
2017-5,E01005279,B26,2,1,2.0
2017-5,E01005280,B26,1,1,1.0
2017-5,E01005282,B26,1,1,1.0
2017-5,E01005285,B26,2,1,2.0
2017-5,E01005289,B16,1,1,1.0
2017-5,E01005289,B25,5,1,5.0
2017-5,E01005290,B19,1,1,1.0
2017-5,E01005295,B13,1,1,1.0
2017-5,E01005295,B25,4,2,2.0
2017-5,E01005295,B26,1,1,1.0
2017-5,E01005297,B26,2,2,1.0
2017-5,E01005298,B26,4,2,2.0
2017-5,E01005299,B26,3,1,3.0
2017-5,E01005302,B26,5,2,2.5
2017-5,E01005316,B16,2,1,2.0
2017-5,E01005317,B13,1,1,1.0
2017-5,E01005317,B26,1,1,1.0
2017-5,E01005320,B26,2,1,2.0
2017-5,E01005321,B26,1,1,1.0
2017-5,E01005322,B26,1,1,1.0
2017-5,E01005328,B28,1,1,1.0
2017-5,E01005353,B18,1,1,1.0
2017-5,E01005355,B26,1,1,1.0
2017-5,E01005362,B13,1,1,1.0
2017-5,E01005363,B13,3,1,3.0
2017-5,E01005364,B13,4,1,4.0
2017-5,E01005366,B13,2,1,2.0
2017-5,E01005367,B19,1,1,1.0
2017-5,E01005369,B13,2,1,2.0
2017-5,E01005371,B13,13,1,13.0
2017-5,E01005372,B13,3,1,3.0
2017-5,E01005373,B13,2,1,2.0
2017-5,E01005378,B13,2,1,2.0
2017-5,E01005378,B26,2,2,1.0
2017-5,E01005380,B13,1,1,1.0
2017-5,E01005382,B26,1,1,1.0
2017-5,E01005389,B1,1,1,1.0
2017-5,E01005409,B26,1,1,1.0
2017-5,E01005417,B25,1,1,1.0
2017-5,E01005418,B18,1,1,1.0
2017-5,E01005418,B19,1,1,1.0
2017-5,E01005419,B13,1,1,1.0
2017-5,E01005431,B25,1,1,1.0
2017-5,E01005431,B26,1,1,1.0
2017-5,E01005437,B26,1,1,1.0
2017-5,E01005440,B19,1,1,1.0
2017-5,E01005442,B1,1,1,1.0
2017-5,E01005451,B26,2,1,2.0
2017-5,E01005460,B13,1,1,1.0
2017-5,E01005479,B13,1,1,1.0
2017-5,E01005501,B27,2,1,2.0
2017-5,E01005508,B17,1,1,1.0
2017-5,E01005524,B13,1,1,1.0
2017-5,E01005547,B25,1,1,1.0
2017-5,E01005567,B26,1,1,1.0
2017-5,E01005590,B26,1,1,1.0
2017-5,E01005593,B18,1,1,1.0
2017-5,E01005644,B16,1,1,1.0
2017-5,E01005673,B16,1,1,1.0
2017-5,E01005681,B16,2,1,2.0
2017-5,E01005741,B16,1,1,1.0
2017-5,E01005746,B1,1,1,1.0
2017-5,E01005769,B26,1,1,1.0
2017-5,E01005770,B25,1,1,1.0
2017-5,E01005774,B16,1,1,1.0
2017-5,E01005774,B25,1,1,1.0
2017-5,E01005777,B25,1,1,1.0
2017-5,E01005783,B26,1,1,1.0
2017-5,E01005784,B18,1,1,1.0
2017-5,E01005789,B18,1,1,1.0
2017-5,E01005797,B24,1,1,1.0
2017-5,E01005797,B28,1,1,1.0
2017-5,E01005842,B13,1,1,1.0
2017-5,E01005842,B25,3,1,3.0
2017-5,E01005854,B18,1,1,1.0
2017-5,E01005865,B1,1,1,1.0
2017-5,E01005867,B13,1,1,1.0
2017-5,E01005867,B15,1,1,1.0
2017-5,E01005867,B26,1,1,1.0
2017-5,E01005874,B18,1,1,1.0
2017-5,E01005875,B4,1,1,1.0
2017-5,E01005880,B25,1,1,1.0
2017-5,E01005887,B26,1,1,1.0
2017-5,E01005890,B26,1,1,1.0
2017-5,E01005898,B18,1,1,1.0
2017-5,E01005907,B25,1,1,1.0
2017-5,E01005909,B18,1,1,1.0
2017-5,E01005911,B25,1,1,1.0
2017-5,E01005915,B25,1,1,1.0
2017-5,E01005921,B26,1,1,1.0
2017-5,E01005948,B19,1,1,1.0
2017-5,E01005949,B6,1,1,1.0
2017-5,E01005951,B26,2,1,2.0
2017-5,E01005961,B14,1,1,1.0
2017-5,E01005961,B16,1,1,1.0
2017-5,E01005971,B25,1,1,1.0
2017-5,E01005984,B14,1,1,1.0
2017-5,E01005984,B25,1,1,1.0
2017-5,E01006010,B1,1,1,1.0
2017-5,E01006012,B26,1,1,1.0
2017-5,E01006040,B25,1,1,1.0
2017-5,E01006042,B1,1,1,1.0
2017-5,E01006044,B4,1,1,1.0
2017-5,E01006045,B26,2,1,2.0
2017-5,E01006071,B25,1,1,1.0
2017-5,E01006074,B15,1,1,1.0
2017-5,E01006080,B13,1,1,1.0
2017-5,E01006083,B25,2,2,1.0
2017-5,E01006087,B13,1,1,1.0
2017-5,E01006088,B13,1,1,1.0
2017-5,E01006096,B25,1,1,1.0
2017-5,E01006097,B16,1,1,1.0
2017-5,E01006107,B18,1,1,1.0
2017-5,E01006110,B26,2,2,1.0
2017-5,E01006111,B26,1,1,1.0
2017-5,E01006115,B26,1,1,1.0
2017-5,E01006120,B25,2,2,1.0
2017-5,E01006126,B15,1,1,1.0
2017-5,E01006128,B26,1,1,1.0
2017-5,E01006131,B25,1,1,1.0
2017-5,E01006132,B13,1,1,1.0
2017-5,E01006134,B25,1,1,1.0
2017-5,E01006137,B25,1,1,1.0
2017-5,E01006138,B16,1,1,1.0
2017-5,E01006142,B26,2,2,1.0
2017-5,E01006144,B26,5,3,1.6666666666666667
2017-5,E01006145,B17,1,1,1.0
2017-5,E01006145,B24,1,1,1.0
2017-5,E01006145,B28,1,1,1.0
2017-5,E01006146,B14,1,1,1.0
2017-5,E01006146,B19,1,1,1.0
2017-5,E01006146,B26,1,1,1.0
2017-5,E01006152,B1,1,1,1.0
2017-5,E01006156,B16,1,1,1.0
2017-5,E01006156,B26,2,1,2.0
2017-5,E01006157,B16,1,1,1.0
2017-5,E01006157,B26,3,2,1.5
2017-5,E01006159,B16,1,1,1.0
2017-5,E01006159,B26,1,1,1.0
2017-5,E01006160,B15,1,1,1.0
2017-5,E01006161,B14,1,1,1.0
2017-5,E01006161,B16,1,1,1.0
2017-5,E01006167,B15,1,1,1.0
2017-5,E01006168,B19,1,1,1.0
2017-5,E01006179,B25,1,1,1.0
2017-5,E01006179,B6,1,1,1.0
2017-5,E01006180,B15,1,1,1.0
2017-5,E01006180,B16,1,1,1.0
2017-5,E01006180,B17,1,1,1.0
2017-5,E01006180,B19,1,1,1.0
2017-5,E01006180,B26,7,6,1.1666666666666667
2017-5,E01006181,B15,1,1,1.0
2017-5,E01006181,B26,6,4,1.5
2017-5,E01006183,B1,1,1,1.0
2017-5,E01006183,B25,1,1,1.0
2017-5,E01006185,B25,1,1,1.0
2017-5,E01006185,B26,1,1,1.0
2017-5,E01006186,B13,1,1,1.0
2017-5,E01006186,B15,1,1,1.0
2017-5,E01006186,B26,3,3,1.0
2017-5,E01006187,B15,1,1,1.0
2017-5,E01006187,B26,18,6,3.0
2017-5,E01006187,B6,1,1,1.0
2017-5,E01006188,B26,2,2,1.0
2017-5,E01006189,B1,2,2,1.0
2017-5,E01006189,B26,4,3,1.3333333333333333
2017-5,E01006194,B25,1,1,1.0
2017-5,E01006199,B19,1,1,1.0
2017-5,E01006199,B26,1,1,1.0
2017-5,E01006203,B25,1,1,1.0
2017-5,E01006206,B28,1,1,1.0
2017-5,E01006212,B25,1,1,1.0
2017-5,E01006223,B18,1,1,1.0
2017-5,E01006223,B26,1,1,1.0
2017-5,E01006261,B26,1,1,1.0
2017-5,E01006266,B26,1,1,1.0
2017-5,E01006272,B16,1,1,1.0
2017-5,E01006297,B15,1,1,1.0
2017-5,E01006303,B16,1,1,1.0
2017-5,E01006319,B25,1,1,1.0
2017-5,E01006328,B25,1,1,1.0
2017-5,E01006340,B26,1,1,1.0
2017-5,E01006343,B16,1,1,1.0
2017-5,E01006349,B16,1,1,1.0
2017-5,E01006355,B1,1,1,1.0
2017-5,E01006370,B26,1,1,1.0
2017-5,E01006404,B15,1,1,1.0
2017-5,E01006404,B16,1,1,1.0
2017-5,E01006420,B16,1,1,1.0
2017-5,E01006424,B1,1,1,1.0
2017-5,E01006438,B19,1,1,1.0
2017-5,E01006459,B27,1,1,1.0
2017-5,E01006460,B26,2,2,1.0
2017-5,E01006475,B16,1,1,1.0
2017-5,E01006499,B25,2,2,1.0
2017-5,E01006504,B26,1,1,1.0
2017-5,E01006505,B17,2,2,1.0
2017-5,E01006510,B6,1,1,1.0
2017-5,E01006512,B18,1,1,1.0
2017-5,E01006513,B26,1,1,1.0
2017-5,E01006514,B26,3,1,3.0
2017-5,E01006535,B28,1,1,1.0
2017-5,E01006566,B25,1,1,1.0
2017-5,E01006567,B14,1,1,1.0
2017-5,E01006573,B24,1,1,1.0
2017-5,E01006579,B25,1,1,1.0
2017-5,E01006595,B14,1,1,1.0
2017-5,E01006607,B13,1,1,1.0
2017-5,E01006620,B18,1,1,1.0
2017-5,E01006622,B13,1,1,1.0
2017-5,E01006627,B26,1,1,1.0
2017-5,E01006655,B13,1,1,1.0
2017-5,E01006674,B26,3,2,1.5
2017-5,E01006675,B1,1,1,1.0
2017-5,E01006675,B15,1,1,1.0
2017-5,E01006675,B25,1,1,1.0
2017-5,E01006678,B26,1,1,1.0
2017-5,E01006679,B26,2,2,1.0
2017-5,E01006681,B26,1,1,1.0
2017-5,E01006687,B19,1,1,1.0
2017-5,E01006691,B26,1,1,1.0
2017-5,E01006697,B6,1,1,1.0
2017-5,E01006698,B26,1,1,1.0
2017-5,E01006711,B13,1,1,1.0
2017-5,E01006711,B24,1,1,1.0
2017-5,E01006716,B28,1,1,1.0
2017-5,E01006728,B26,1,1,1.0
2017-5,E01006738,B14,1,1,1.0
2017-5,E01006738,B15,2,1,2.0
2017-5,E01006739,B16,1,1,1.0
2017-5,E01006739,B24,1,1,1.0
2017-5,E01006740,B13,2,1,2.0
2017-5,E01006740,B14,1,1,1.0
2017-5,E01006740,B19,1,1,1.0
2017-5,E01006740,B25,1,1,1.0
2017-5,E01006740,B26,2,1,2.0
2017-5,E01006741,B17,1,1,1.0
2017-5,E01006743,B25,1,1,1.0
2017-5,E01006745,B18,1,1,1.0
2017-5,E01006747,B25,1,1,1.0
2017-5,E01006753,B16,1,1,1.0
2017-5,E01006753,B26,1,1,1.0
2017-5,E01006755,B6,2,2,1.0
2017-5,E01006756,B25,1,1,1.0
2017-5,E01006760,B25,1,1,1.0
2017-5,E01006765,B18,1,1,1.0
2017-5,E01006791,B26,1,1,1.0
2017-5,E01006794,B26,1,1,1.0
2017-5,E01006828,B24,1,1,1.0
2017-5,E01006834,B17,2,1,2.0
2017-5,E01006834,B19,1,1,1.0
2017-5,E01006844,B16,1,1,1.0
2017-5,E01006844,B26,1,1,1.0
2017-5,E01006844,B28,1,1,1.0
2017-5,E01006852,B19,1,1,1.0
2017-5,E01006854,B18,1,1,1.0
2017-5,E01006862,B26,1,1,1.0
2017-5,E01006885,B16,1,1,1.0
2017-5,E01006889,B13,1,1,1.0
2017-5,E01006893,B13,1,1,1.0
2017-5,E01006924,B16,1,1,1.0
2017-5,E01006928,B28,1,1,1.0
2017-5,E01006933,B18,1,1,1.0
2017-5,E01006954,B13,2,2,1.0
2017-5,E01006954,B25,1,1,1.0
2017-5,E01006957,B16,1,1,1.0
2017-5,E01006968,B26,1,1,1.0
2017-5,E01006970,B25,1,1,1.0
2017-5,E01006993,B19,1,1,1.0
2017-5,E01006995,B13,1,1,1.0
2017-5,E01007038,B13,1,1,1.0
2017-5,E01007041,B16,1,1,1.0
2017-5,E01007078,B28,1,1,1.0
2017-5,E01007082,B13,1,1,1.0
2017-5,E01007083,B28,1,1,1.0
2017-5,E01007087,B26,1,1,1.0
2017-5,E01007184,B25,1,1,1.0
2017-5,E01007193,B26,1,1,1.0
2017-5,E01007202,B1,1,1,1.0
2017-5,E01007241,B28,1,1,1.0
2017-5,E01007242,B18,1,1,1.0
2017-5,E01007250,B18,1,1,1.0
2017-5,E01007279,B13,1,1,1.0
2017-5,E01007287,B15,1,1,1.0
2017-5,E01007298,B28,1,1,1.0
2017-5,E01007299,B28,1,1,1.0
2017-5,E01007300,B16,1,1,1.0
2017-5,E01007308,B18,1,1,1.0
2017-5,E01007328,B26,1,1,1.0
2017-5,E01007330,B26,1,1,1.0
2017-5,E01007331,B28,1,1,1.0
2017-5,E01007340,B6,1,1,1.0
2017-5,E01007344,B24,1,1,1.0
2017-5,E01007344,B28,1,1,1.0
2017-5,E01007349,B28,1,1,1.0
2017-5,E01007383,B26,1,1,1.0
2017-5,E01007388,B26,5,2,2.5
2017-5,E01007394,B6,1,1,1.0
2017-5,E01007398,B24,2,1,2.0
2017-5,E01007408,B28,1,1,1.0
2017-5,E01007415,B14,1,1,1.0
2017-5,E01007417,B16,1,1,1.0
2017-5,E01007417,B26,2,1,2.0
2017-5,E01007419,B26,2,1,2.0
2017-5,E01007424,B26,2,1,2.0
2017-5,E01007425,B16,1,1,1.0
2017-5,E01007426,B26,2,2,1.0
2017-5,E01007434,B19,1,1,1.0
2017-5,E01007441,B28,1,1,1.0
2017-5,E01007458,B15,1,1,1.0
2017-5,E01007458,B26,3,1,3.0
2017-5,E01007466,B26,1,1,1.0
2017-5,E01007479,B16,1,1,1.0
2017-5,E01007494,B16,1,1,1.0
2017-5,E01007501,B16,1,1,1.0
2017-5,E01007507,B25,1,1,1.0
2017-5,E01007511,B24,1,1,1.0
2017-5,E01007527,B26,1,1,1.0
2017-5,E01007568,B1,1,1,1.0
2017-5,E01007572,B18,1,1,1.0
2017-5,E01007580,B18,1,1,1.0
2017-5,E01007581,B25,1,1,1.0
2017-5,E01007611,B26,3,1,3.0
2017-5,E01007614,B1,1,1,1.0
2017-5,E01007624,B28,1,1,1.0
2017-5,E01007632,B26,1,1,1.0
2017-5,E01007633,B19,1,1,1.0
2017-5,E01007635,B16,1,1,1.0
2017-5,E01007635,B19,1,1,1.0
2017-5,E01007637,B19,1,1,1.0
2017-5,E01007639,B13,1,1,1.0
2017-5,E01007640,B19,1,1,1.0
2017-5,E01007643,B19,1,1,1.0
2017-5,E01007651,B16,1,1,1.0
2017-5,E01007655,B24,1,1,1.0
2017-5,E01007658,B26,1,1,1.0
2017-5,E01007661,B26,4,1,4.0
2017-5,E01007664,B13,1,1,1.0
2017-5,E01007666,B26,3,2,1.5
2017-5,E01007684,B19,2,1,2.0
2017-5,E01007684,B25,1,1,1.0
2017-5,E01007696,B26,4,2,2.0
2017-5,E01007700,B16,1,1,1.0
2017-5,E01007714,B25,1,1,1.0
2017-5,E01007718,B26,1,1,1.0
2017-5,E01007720,B26,2,1,2.0
2017-5,E01007745,B19,1,1,1.0
2017-5,E01007748,B25,1,1,1.0
2017-5,E01007748,B26,1,1,1.0
2017-5,E01007752,B13,1,1,1.0
2017-5,E01007752,B25,2,1,2.0
2017-5,E01007753,B26,2,1,2.0
2017-5,E01007764,B26,1,1,1.0
2017-5,E01007769,B13,1,1,1.0
2017-5,E01007769,B26,1,1,1.0
2017-5,E01007787,B26,1,1,1.0
2017-5,E01007787,B27,1,1,1.0
2017-5,E01007800,B18,1,1,1.0
2017-5,E01007801,B26,1,1,1.0
2017-5,E01007808,B25,1,1,1.0
2017-5,E01007810,B25,1,1,1.0
2017-5,E01007810,B26,1,1,1.0
2017-5,E01007829,B13,1,1,1.0
2017-5,E01007832,B17,1,1,1.0
2017-5,E01007833,B16,1,1,1.0
2017-5,E01007836,B25,1,1,1.0
2017-5,E01007838,B19,1,1,1.0
2017-5,E01007842,B26,1,1,1.0
2017-5,E01007842,B28,1,1,1.0
2017-5,E01007848,B19,1,1,1.0
2017-5,E01007850,B19,1,1,1.0
2017-5,E01007851,B26,3,1,3.0
2017-5,E01007854,B25,1,1,1.0
2017-5,E01007864,B26,1,1,1.0
2017-5,E01007866,B14,1,1,1.0
2017-5,E01007867,B26,1,1,1.0
2017-5,E01007873,B1,1,1,1.0
2017-5,E01007873,B19,1,1,1.0
2017-5,E01007875,B26,2,2,1.0
2017-5,E01007882,B25,1,1,1.0
2017-5,E01007883,B26,1,1,1.0
2017-5,E01007890,B28,1,1,1.0
2017-5,E01007902,B26,4,1,4.0
2017-5,E01007903,B26,1,1,1.0
2017-5,E01007904,B19,1,1,1.0
2017-5,E01007904,B26,1,1,1.0
2017-5,E01007905,B26,2,1,2.0
2017-5,E01007906,B26,2,1,2.0
2017-5,E01007907,B13,1,1,1.0
2017-5,E01007907,B26,1,1,1.0
2017-5,E01007909,B26,1,1,1.0
2017-5,E01007910,B27,1,1,1.0
2017-5,E01007910,B28,2,1,2.0
2017-5,E01007913,B24,1,1,1.0
2017-5,E01007917,B26,1,1,1.0
2017-5,E01007919,B16,2,1,2.0
2017-5,E01007922,B25,1,1,1.0
2017-5,E01007922,B26,1,1,1.0
2017-5,E01007924,B25,1,1,1.0
2017-5,E01007926,B26,1,1,1.0
2017-5,E01007931,B27,1,1,1.0
2017-5,E01007933,B16,1,1,1.0
2017-5,E01007933,B19,1,1,1.0
2017-5,E01007933,B26,1,1,1.0
2017-5,E01007940,B26,1,1,1.0
2017-5,E01007942,B18,1,1,1.0
2017-5,E01007942,B19,1,1,1.0
2017-5,E01007942,B26,7,3,2.3333333333333335
2017-5,E01007944,B26,5,5,1.0
2017-5,E01007944,B28,1,1,1.0
2017-5,E01007944,B4,1,1,1.0
2017-5,E01007947,B13,1,1,1.0
2017-5,E01007947,B26,1,1,1.0
2017-5,E01007948,B26,5,2,2.5
2017-5,E01007949,B13,1,1,1.0
2017-5,E01007949,B26,4,3,1.3333333333333333
2017-5,E01007956,B13,1,1,1.0
2017-5,E01007963,B6,1,1,1.0
2017-5,E01007969,B26,1,1,1.0
2017-5,E01007974,B18,1,1,1.0
2017-5,E01007979,B24,1,1,1.0
2017-5,E01007981,B19,1,1,1.0
2017-5,E01007982,B13,1,1,1.0
2017-5,E01007982,B24,1,1,1.0
2017-5,E01007982,B25,1,1,1.0
2017-5,E01007983,B25,1,1,1.0
2017-5,E01007983,B28,2,2,1.0
2017-5,E01007989,B28,1,1,1.0
2017-5,E01007996,B14,3,1,3.0
2017-5,E01008004,B15,1,1,1.0
2017-5,E01008004,B16,1,1,1.0
2017-5,E01008007,B13,1,1,1.0
2017-5,E01008007,B28,1,1,1.0
2017-5,E01008009,B16,1,1,1.0
2017-5,E01008012,B26,1,1,1.0
2017-5,E01008013,B26,1,1,1.0
2017-5,E01008017,B16,1,1,1.0
2017-5,E01008018,B26,2,2,1.0
2017-5,E01008018,B28,1,1,1.0
2017-5,E01008031,B26,1,1,1.0
2017-5,E01008034,B18,1,1,1.0
2017-5,E01008042,B1,1,1,1.0
2017-5,E01008043,B19,1,1,1.0
2017-5,E01008045,B26,1,1,1.0
2017-5,E01008052,B1,1,1,1.0
2017-5,E01008059,B13,1,1,1.0
2017-5,E01008059,B19,1,1,1.0
2017-5,E01008066,B17,1,1,1.0
2017-5,E01008066,B19,1,1,1.0
2017-5,E01008066,B26,3,2,1.5
2017-5,E01008069,B19,2,2,1.0
2017-5,E01008069,B25,1,1,1.0
2017-5,E01008073,B26,3,2,1.5
2017-5,E01008080,B26,1,1,1.0
2017-5,E01008084,B26,1,1,1.0
2017-5,E01008087,B13,1,1,1.0
2017-5,E01008087,B26,1,1,1.0
2017-5,E01008090,B26,1,1,1.0
2017-5,E01008090,B27,1,1,1.0
2017-5,E01008092,B25,1,1,1.0
2017-5,E01008093,B25,1,1,1.0
2017-5,E01008096,B19,1,1,1.0
2017-5,E01008103,B26,1,1,1.0
2017-5,E01008105,B26,9,2,4.5
2017-5,E01008107,B26,2,2,1.0
2017-5,E01008108,B1,1,1,1.0
2017-5,E01008112,B13,1,1,1.0
2017-5,E01008112,B26,3,2,1.5
2017-5,E01008113,B26,4,2,2.0
2017-5,E01008115,B17,1,1,1.0
2017-5,E01008118,B13,1,1,1.0
2017-5,E01008118,B25,1,1,1.0
2017-5,E01008128,B26,2,2,1.0
2017-5,E01008130,B25,1,1,1.0
2017-5,E01008135,B13,1,1,1.0
2017-5,E01008135,B25,1,1,1.0
2017-5,E01008147,B26,1,1,1.0
2017-5,E01008151,B18,1,1,1.0
2017-5,E01008151,B26,1,1,1.0
2017-5,E01008157,B26,1,1,1.0
2017-5,E01008159,B28,1,1,1.0
2017-5,E01008160,B26,3,2,1.5
2017-5,E01008163,B19,1,1,1.0
2017-5,E01008163,B26,1,1,1.0
2017-5,E01008168,B14,1,1,1.0
2017-5,E01008170,B26,1,1,1.0
2017-5,E01008173,B18,1,1,1.0
2017-5,E01008201,B26,1,1,1.0
2017-5,E01008221,B6,1,1,1.0
2017-5,E01008224,B13,1,1,1.0
2017-5,E01008224,B26,1,1,1.0
2017-5,E01008226,B26,1,1,1.0
2017-5,E01008236,B18,1,1,1.0
2017-5,E01008237,B26,1,1,1.0
2017-5,E01008241,B25,1,1,1.0
2017-5,E01008248,B24,1,1,1.0
2017-5,E01008251,B26,1,1,1.0
2017-5,E01008252,B13,1,1,1.0
2017-5,E01008253,B26,1,1,1.0
2017-5,E01008281,B26,1,1,1.0
2017-5,E01008281,B28,1,1,1.0
2017-5,E01008291,B26,1,1,1.0
2017-5,E01008293,B27,1,1,1.0
2017-5,E01008298,B13,1,1,1.0
2017-5,E01008315,B26,1,1,1.0
2017-5,E01008335,B26,1,1,1.0
2017-5,E01008349,B19,1,1,1.0
2017-5,E01008369,B24,1,1,1.0
2017-5,E01008371,B1,1,1,1.0
2017-5,E01008395,B26,1,1,1.0
2017-5,E01008400,B13,1,1,1.0
2017-5,E01008406,B25,1,1,1.0
2017-5,E01008410,B26,1,1,1.0
2017-5,E01008413,B19,1,1,1.0
2017-5,E01008413,B26,1,1,1.0
2017-5,E01008418,B14,1,1,1.0
2017-5,E01008424,B14,1,1,1.0
2017-5,E01008424,B25,1,1,1.0
2017-5,E01008457,B26,1,1,1.0
2017-5,E01008459,B26,1,1,1.0
2017-5,E01008467,B26,1,1,1.0
2017-5,E01008488,B14,1,1,1.0
2017-5,E01008503,B19,1,1,1.0
2017-5,E01008524,B16,1,1,1.0
2017-5,E01008543,B28,2,1,2.0
2017-5,E01008560,B16,1,1,1.0
2017-5,E01008594,B16,1,1,1.0
2017-5,E01008600,B26,1,1,1.0
2017-5,E01008604,B18,1,1,1.0
2017-5,E01008613,B13,2,1,2.0
2017-5,E01008620,B16,1,1,1.0
2017-5,E01008631,B13,1,1,1.0
2017-5,E01008678,B1,1,1,1.0
2017-5,E01008702,B26,1,1,1.0
2017-5,E01008723,B16,1,1,1.0
2017-5,E01008753,B6,1,1,1.0
2017-5,E01008761,B1,1,1,1.0
2017-5,E01008787,B16,1,1,1.0
2017-5,E01008787,B26,1,1,1.0
2017-5,E01008789,B26,1,1,1.0
2017-5,E01008790,B26,2,2,1.0
2017-5,E01008791,B26,1,1,1.0
2017-5,E01008795,B17,1,1,1.0
2017-5,E01008795,B18,1,1,1.0
2017-5,E01008795,B25,1,1,1.0
2017-5,E01008849,B25,1,1,1.0
2017-5,E01008850,B15,1,1,1.0
2017-5,E01008850,B18,1,1,1.0
2017-5,E01008861,B19,1,1,1.0
2017-5,E01008862,B26,2,1,2.0
2017-5,E01008863,B14,1,1,1.0
2017-5,E01008864,B26,1,1,1.0
2017-5,E01008867,B19,1,1,1.0
2017-5,E01008867,B26,1,1,1.0
2017-5,E01008867,B28,1,1,1.0
2017-5,E01008874,B16,4,1,4.0
2017-5,E01008874,B25,1,1,1.0
2017-5,E01008882,B25,1,1,1.0
2017-5,E01008883,B13,1,1,1.0
2017-5,E01008890,B16,1,1,1.0
2017-5,E01008890,B26,1,1,1.0
2017-5,E01008899,B13,1,1,1.0
2017-5,E01008899,B26,3,2,1.5
2017-5,E01008907,B26,5,2,2.5
2017-5,E01008909,B16,1,1,1.0
2017-5,E01008910,B24,2,1,2.0
2017-5,E01008910,B26,2,1,2.0
2017-5,E01008913,B13,1,1,1.0
2017-5,E01008913,B19,1,1,1.0
2017-5,E01008913,B24,2,2,1.0
2017-5,E01008913,B26,3,1,3.0
2017-5,E01008914,B16,1,1,1.0
2017-5,E01008914,B24,2,1,2.0
2017-5,E01008914,B26,3,2,1.5
2017-5,E01008916,B19,1,1,1.0
2017-5,E01008923,B26,1,1,1.0
2017-5,E01008933,B1,1,1,1.0
2017-5,E01008935,B14,2,2,1.0
2017-5,E01008936,B13,1,1,1.0
2017-5,E01008946,B13,1,1,1.0
2017-5,E01008946,B15,1,1,1.0
2017-5,E01008948,B13,1,1,1.0
2017-5,E01008961,B14,1,1,1.0
2017-5,E01008967,B19,1,1,1.0
2017-5,E01008969,B1,1,1,1.0
2017-5,E01008969,B28,1,1,1.0
2017-5,E01009002,B25,1,1,1.0
2017-5,E01009011,B16,1,1,1.0
2017-5,E01009014,B16,1,1,1.0
2017-5,E01009014,B17,1,1,1.0
2017-5,E01009019,B15,1,1,1.0
2017-5,E01009021,B16,1,1,1.0
2017-5,E01009023,B26,1,1,1.0
2017-5,E01009029,B13,1,1,1.0
2017-5,E01009029,B15,2,1,2.0
2017-5,E01009029,B26,1,1,1.0
2017-5,E01009035,B18,1,1,1.0
2017-5,E01009035,B24,1,1,1.0
2017-5,E01009036,B13,1,1,1.0
2017-5,E01009037,B19,1,1,1.0
2017-5,E01009042,B24,1,1,1.0
2017-5,E01009045,B27,1,1,1.0
2017-5,E01009046,B24,1,1,1.0
2017-5,E01009051,B19,1,1,1.0
2017-5,E01009068,B18,1,1,1.0
2017-5,E01009072,B24,1,1,1.0
2017-5,E01009075,B13,1,1,1.0
2017-5,E01009082,B25,1,1,1.0
2017-5,E01009084,B26,1,1,1.0
2017-5,E01009090,B19,1,1,1.0
2017-5,E01009100,B19,1,1,1.0
2017-5,E01009100,B26,1,1,1.0
2017-5,E01009101,B25,2,2,1.0
2017-5,E01009102,B25,1,1,1.0
2017-5,E01009108,B13,1,1,1.0
2017-5,E01009113,B16,1,1,1.0
2017-5,E01009114,B26,1,1,1.0
2017-5,E01009115,B13,1,1,1.0
2017-5,E01009117,B13,1,1,1.0
2017-5,E01009117,B14,1,1,1.0
2017-5,E01009119,B17,1,1,1.0
2017-5,E01009134,B1,1,1,1.0
2017-5,E01009140,B19,1,1,1.0
2017-5,E01009145,B16,1,1,1.0
2017-5,E01009146,B13,1,1,1.0
2017-5,E01009146,B14,2,1,2.0
2017-5,E01009146,B19,8,2,4.0
2017-5,E01009146,B24,2,1,2.0
2017-5,E01009146,B25,1,1,1.0
2017-5,E01009146,B26,4,2,2.0
2017-5,E01009152,B18,1,1,1.0
2017-5,E01009165,B13,1,1,1.0
2017-5,E01009165,B14,1,1,1.0
2017-5,E01009169,B26,1,1,1.0
2017-5,E01009170,B25,1,1,1.0
2017-5,E01009175,B16,1,1,1.0
2017-5,E01009176,B26,1,1,1.0
2017-5,E01009184,B13,1,1,1.0
2017-5,E01009184,B16,1,1,1.0
2017-5,E01009184,B18,1,1,1.0
2017-5,E01009184,B26,2,1,2.0
2017-5,E01009194,B26,1,1,1.0
2017-5,E01009208,B26,1,1,1.0
2017-5,E01009212,B16,1,1,1.0
2017-5,E01009213,B14,1,1,1.0
2017-5,E01009221,B26,1,1,1.0
2017-5,E01009224,B1,1,1,1.0
2017-5,E01009232,B26,1,1,1.0
2017-5,E01009240,B19,2,1,2.0
2017-5,E01009245,B1,1,1,1.0
2017-5,E01009245,B26,1,1,1.0
2017-5,E01009265,B13,1,1,1.0
2017-5,E01009266,B26,5,1,5.0
2017-5,E01009269,B26,8,1,8.0
2017-5,E01009270,B26,2,2,1.0
2017-5,E01009272,B24,1,1,1.0
2017-5,E01009274,B19,1,1,1.0
2017-5,E01009274,B26,3,3,1.0
2017-5,E01009275,B19,1,1,1.0
2017-5,E01009275,B26,1,1,1.0
2017-5,E01009276,B26,1,1,1.0
2017-5,E01009279,B16,1,1,1.0
2017-5,E01009284,B24,2,2,1.0
2017-5,E01009284,B25,1,1,1.0
2017-5,E01009288,B13,1,1,1.0
2017-5,E01009289,B14,1,1,1.0
2017-5,E01009291,B1,2,2,1.0
2017-5,E01009295,B18,1,1,1.0
2017-5,E01009309,B6,1,1,1.0
2017-5,E01009320,B26,1,1,1.0
2017-5,E01009323,B16,1,1,1.0
2017-5,E01009325,B13,1,1,1.0
2017-5,E01009329,B26,1,1,1.0
2017-5,E01009332,B26,1,1,1.0
2017-5,E01009335,B24,1,1,1.0
2017-5,E01009341,B25,1,1,1.0
2017-5,E01009349,B26,1,1,1.0
2017-5,E01009350,B13,1,1,1.0
2017-5,E01009350,B26,1,1,1.0
2017-5,E01009351,B14,1,1,1.0
2017-5,E01009351,B26,2,1,2.0
2017-5,E01009353,B26,1,1,1.0
2017-5,E01009354,B16,1,1,1.0
2017-5,E01009354,B19,1,1,1.0
2017-5,E01009354,B26,6,1,6.0
2017-5,E01009355,B26,2,1,2.0
2017-5,E01009359,B16,1,1,1.0
2017-5,E01009359,B26,6,1,6.0
2017-5,E01009360,B26,1,1,1.0
2017-5,E01009364,B26,1,1,1.0
2017-5,E01009367,B19,1,1,1.0
2017-5,E01009368,B13,1,1,1.0
2017-5,E01009368,B26,1,1,1.0
2017-5,E01009373,B18,1,1,1.0
2017-5,E01009378,B13,1,1,1.0
2017-5,E01009378,B26,2,1,2.0
2017-5,E01009382,B1,1,1,1.0
2017-5,E01009382,B26,3,2,1.5
2017-5,E01009392,B1,1,1,1.0
2017-5,E01009392,B15,1,1,1.0
2017-5,E01009395,B26,1,1,1.0
2017-5,E01009396,B1,1,1,1.0
2017-5,E01009396,B18,1,1,1.0
2017-5,E01009396,B26,1,1,1.0
2017-5,E01009399,B26,1,1,1.0
2017-5,E01009409,B26,1,1,1.0
2017-5,E01009424,B25,1,1,1.0
2017-5,E01009430,B26,1,1,1.0
2017-5,E01009440,B26,1,1,1.0
2017-5,E01009441,B25,3,2,1.5
2017-5,E01009448,B25,1,1,1.0
2017-5,E01009450,B19,1,1,1.0
2017-5,E01009450,B26,1,1,1.0
2017-5,E01009455,B26,1,1,1.0
2017-5,E01009456,B1,1,1,1.0
2017-5,E01009464,B15,2,1,2.0
2017-5,E01009473,B24,1,1,1.0
2017-5,E01009478,B25,1,1,1.0
2017-5,E01009478,B26,1,1,1.0
2017-5,E01009482,B17,1,1,1.0
2017-5,E01009485,B1,1,1,1.0
2017-5,E01009486,B19,1,1,1.0
2017-5,E01009489,B26,1,1,1.0
2017-5,E01009493,B18,1,1,1.0
2017-5,E01009495,B26,1,1,1.0
2017-5,E01009501,B16,1,1,1.0
2017-5,E01009501,B18,1,1,1.0
2017-5,E01009501,B24,1,1,1.0
2017-5,E01009501,B25,2,2,1.0
2017-5,E01009501,B26,4,2,2.0
2017-5,E01009502,B15,1,1,1.0
2017-5,E01009502,B26,1,1,1.0
2017-5,E01009503,B18,1,1,1.0
2017-5,E01009503,B26,1,1,1.0
2017-5,E01009509,B15,1,1,1.0
2017-5,E01009517,B16,1,1,1.0
2017-5,E01009521,B18,2,1,2.0
2017-5,E01009532,B17,1,1,1.0
2017-5,E01009543,B16,1,1,1.0
2017-5,E01009556,B25,1,1,1.0
2017-5,E01009559,B16,1,1,1.0
2017-5,E01009581,B16,1,1,1.0
2017-5,E01009616,B19,1,1,1.0
2017-5,E01009642,B16,1,1,1.0
2017-5,E01009642,B18,1,1,1.0
2017-5,E01009684,B16,1,1,1.0
2017-5,E01009686,B13,1,1,1.0
2017-5,E01009686,B25,1,1,1.0
2017-5,E01009696,B1,1,1,1.0
2017-5,E01009697,B25,1,1,1.0
2017-5,E01009704,B25,1,1,1.0
2017-5,E01009717,B18,1,1,1.0
2017-5,E01009719,B16,1,1,1.0
2017-5,E01009731,B24,1,1,1.0
2017-5,E01009734,B13,1,1,1.0
2017-5,E01009740,B13,1,1,1.0
2017-5,E01009740,B19,1,1,1.0
2017-5,E01009754,B16,1,1,1.0
2017-5,E01009764,B13,1,1,1.0
2017-5,E01009764,B15,1,1,1.0
2017-5,E01009766,B24,1,1,1.0
2017-5,E01009771,B25,1,1,1.0
2017-5,E01009778,B25,1,1,1.0
2017-5,E01009803,B13,1,1,1.0
2017-5,E01009804,B25,1,1,1.0
2017-5,E01009805,B13,2,2,1.0
2017-5,E01009808,B26,1,1,1.0
2017-5,E01009809,B26,1,1,1.0
2017-5,E01009810,B13,1,1,1.0
2017-5,E01009810,B25,1,1,1.0
2017-5,E01009812,B13,1,1,1.0
2017-5,E01009813,B16,1,1,1.0
2017-5,E01009822,B25,1,1,1.0
2017-5,E01009857,B6,1,1,1.0
2017-5,E01009858,B14,1,1,1.0
2017-5,E01009861,B26,1,1,1.0
2017-5,E01009862,B24,1,1,1.0
2017-5,E01009869,B13,1,1,1.0
2017-5,E01009870,B19,1,1,1.0
2017-5,E01009874,B26,1,1,1.0
2017-5,E01009877,B26,1,1,1.0
2017-5,E01009881,B26,1,1,1.0
2017-5,E01009883,B26,1,1,1.0
2017-5,E01009891,B24,1,1,1.0
2017-5,E01009891,B26,1,1,1.0
2017-5,E01009893,B26,2,1,2.0
2017-5,E01009952,B1,1,1,1.0
2017-5,E01009966,B25,1,1,1.0
2017-5,E01009985,B24,1,1,1.0
2017-5,E01010076,B1,1,1,1.0
2017-5,E01010085,B18,1,1,1.0
2017-5,E01010127,B26,1,1,1.0
2017-5,E01010134,B17,1,1,1.0
2017-5,E01010134,B28,1,1,1.0
2017-5,E01010148,B15,1,1,1.0
2017-5,E01010148,B26,1,1,1.0
2017-5,E01010150,B13,1,1,1.0
2017-5,E01010152,B28,1,1,1.0
2017-5,E01010155,B13,1,1,1.0
2017-5,E01010160,B17,1,1,1.0
2017-5,E01010166,B25,2,2,1.0
2017-5,E01010167,B25,2,2,1.0
2017-5,E01010168,B25,1,1,1.0
2017-5,E01010183,B25,1,1,1.0
2017-5,E01010188,B25,1,1,1.0
2017-5,E01010189,B13,1,1,1.0
2017-5,E01010192,B13,2,2,1.0
2017-5,E01010192,B24,2,2,1.0
2017-5,E01010198,B18,1,1,1.0
2017-5,E01010201,B13,1,1,1.0
2017-5,E01010203,B13,1,1,1.0
2017-5,E01010209,B25,1,1,1.0
2017-5,E01010239,B26,1,1,1.0
2017-5,E01010269,B16,1,1,1.0
2017-5,E01010269,B26,1,1,1.0
2017-5,E01010274,B16,1,1,1.0
2017-5,E01010291,B15,1,1,1.0
2017-5,E01010291,B26,10,3,3.3333333333333335
2017-5,E01010299,B15,1,1,1.0
2017-5,E01010300,B26,1,1,1.0
2017-5,E01010304,B25,1,1,1.0
2017-5,E01010306,B26,1,1,1.0
2017-5,E01010322,B26,1,1,1.0
2017-5,E01010333,B1,1,1,1.0
2017-5,E01010339,B19,1,1,1.0
2017-5,E01010342,B26,1,1,1.0
2017-5,E01010356,B17,1,1,1.0
2017-5,E01010369,B26,1,1,1.0
2017-5,E01010376,B13,1,1,1.0
2017-5,E01010378,B26,1,1,1.0
2017-5,E01010383,B13,2,2,1.0
2017-5,E01010404,B13,1,1,1.0
2017-5,E01010405,B26,1,1,1.0
2017-5,E01010422,B24,1,1,1.0
2017-5,E01010451,B24,1,1,1.0
2017-5,E01010501,B17,1,1,1.0
2017-5,E01010523,B1,1,1,1.0
2017-5,E01010523,B16,1,1,1.0
2017-5,E01010523,B26,1,1,1.0
2017-5,E01010527,B16,1,1,1.0
2017-5,E01010531,B18,1,1,1.0
2017-5,E01010532,B1,1,1,1.0
2017-5,E01010532,B24,1,1,1.0
2017-5,E01010536,B24,2,1,2.0
2017-5,E01010537,B1,1,1,1.0
2017-5,E01010537,B16,1,1,1.0
2017-5,E01010537,B24,1,1,1.0
2017-5,E01010537,B28,1,1,1.0
2017-5,E01010564,B24,1,1,1.0
2017-5,E01010567,B13,1,1,1.0
2017-5,E01010603,B15,1,1,1.0
2017-5,E01010604,B13,1,1,1.0
2017-5,E01010611,B28,1,1,1.0
2017-5,E01010613,B26,4,1,4.0
2017-5,E01010634,B26,1,1,1.0
2017-5,E01010648,B24,1,1,1.0
2017-5,E01010651,B16,1,1,1.0
2017-5,E01010651,B19,2,1,2.0
2017-5,E01010654,B28,1,1,1.0
2017-5,E01010659,B1,1,1,1.0
2017-5,E01010662,B26,1,1,1.0
2017-5,E01010662,B28,2,1,2.0
2017-5,E01010668,B26,1,1,1.0
2017-5,E01010677,B1,1,1,1.0
2017-5,E01010704,B19,1,1,1.0
2017-5,E01010709,B19,1,1,1.0
2017-5,E01010710,B25,1,1,1.0
2017-5,E01010713,B26,1,1,1.0
2017-5,E01010721,B1,1,1,1.0
2017-5,E01010722,B26,5,1,5.0
2017-5,E01010738,B28,1,1,1.0
2017-5,E01010754,B26,1,1,1.0
2017-5,E01010764,B13,1,1,1.0
2017-5,E01010766,B28,1,1,1.0
2017-5,E01010782,B26,1,1,1.0
2017-5,E01010789,B26,1,1,1.0
2017-5,E01010792,B26,1,1,1.0
2017-5,E01010825,B1,1,1,1.0
2017-5,E01010825,B16,2,2,1.0
2017-5,E01010825,B26,1,1,1.0
2017-5,E01010827,B13,1,1,1.0
2017-5,E01010828,B6,1,1,1.0
2017-5,E01010834,B16,1,1,1.0
2017-5,E01010856,B16,1,1,1.0
2017-5,E01010883,B16,1,1,1.0
2017-5,E01010896,B19,1,1,1.0
2017-5,E01010898,B13,1,1,1.0
2017-5,E01010901,B25,3,1,3.0
2017-5,E01010905,B16,1,1,1.0
2017-5,E01010908,B1,2,1,2.0
2017-5,E01010908,B16,1,1,1.0
2017-5,E01010908,B19,1,1,1.0
2017-5,E01010919,B28,1,1,1.0
2017-5,E01010938,B16,1,1,1.0
2017-5,E01010938,B25,1,1,1.0
2017-5,E01010946,B25,2,1,2.0
2017-5,E01010949,B13,1,1,1.0
2017-5,E01010950,B13,1,1,1.0
2017-5,E01010951,B19,1,1,1.0
2017-5,E01010951,B26,1,1,1.0
2017-5,E01010953,B25,1,1,1.0
2017-5,E01010970,B1,1,1,1.0
2017-5,E01010970,B13,1,1,1.0
2017-5,E01010983,B13,1,1,1.0
2017-5,E01010992,B25,1,1,1.0
2017-5,E01011004,B16,1,1,1.0
2017-5,E01011004,B26,1,1,1.0
2017-5,E01011012,B13,1,1,1.0
2017-5,E01011040,B16,1,1,1.0
2017-5,E01011040,B26,1,1,1.0
2017-5,E01011043,B26,2,1,2.0
2017-5,E01011044,B26,1,1,1.0
2017-5,E01011049,B16,1,1,1.0
2017-5,E01011052,B17,1,1,1.0
2017-5,E01011053,B28,1,1,1.0
2017-5,E01011071,B28,1,1,1.0
2017-5,E01011075,B26,1,1,1.0
2017-5,E01011094,B13,1,1,1.0
2017-5,E01011101,B26,1,1,1.0
2017-5,E01011109,B15,1,1,1.0
2017-5,E01011109,B16,2,1,2.0
2017-5,E01011114,B16,1,1,1.0
2017-5,E01011119,B13,1,1,1.0
2017-5,E01011125,B19,1,1,1.0
2017-5,E01011140,B16,1,1,1.0
2017-5,E01011141,B15,1,1,1.0
2017-5,E01011141,B16,1,1,1.0
2017-5,E01011141,B17,1,1,1.0
2017-5,E01011141,B25,2,1,2.0
2017-5,E01011156,B26,1,1,1.0
2017-5,E01011160,B16,1,1,1.0
2017-5,E01011161,B26,1,1,1.0
2017-5,E01011165,B26,1,1,1.0
2017-5,E01011168,B16,1,1,1.0
2017-5,E01011177,B13,1,1,1.0
2017-5,E01011179,B28,1,1,1.0
2017-5,E01011182,B26,1,1,1.0
2017-5,E01011201,B13,1,1,1.0
2017-5,E01011201,B26,1,1,1.0
2017-5,E01011205,B27,1,1,1.0
2017-5,E01011210,B16,1,1,1.0
2017-5,E01011210,B24,1,1,1.0
2017-5,E01011213,B25,1,1,1.0
2017-5,E01011218,B25,1,1,1.0
2017-5,E01011220,B13,1,1,1.0
2017-5,E01011223,B18,1,1,1.0
2017-5,E01011236,B19,1,1,1.0
2017-5,E01011261,B26,1,1,1.0
2017-5,E01011266,B14,1,1,1.0
2017-5,E01011266,B16,1,1,1.0
2017-5,E01011295,B26,1,1,1.0
2017-5,E01011296,B18,1,1,1.0
2017-5,E01011333,B16,1,1,1.0
2017-5,E01011338,B18,1,1,1.0
2017-5,E01011359,B26,1,1,1.0
2017-5,E01011377,B18,1,1,1.0
2017-5,E01011378,B16,1,1,1.0
2017-5,E01011379,B6,1,1,1.0
2017-5,E01011388,B15,1,1,1.0
2017-5,E01011414,B26,1,1,1.0
2017-5,E01011420,B26,1,1,1.0
2017-5,E01011421,B18,1,1,1.0
2017-5,E01011422,B18,1,1,1.0
2017-5,E01011430,B16,1,1,1.0
2017-5,E01011499,B18,1,1,1.0
2017-5,E01011502,B25,2,1,2.0
2017-5,E01011505,B26,1,1,1.0
2017-5,E01011507,B16,1,1,1.0
2017-5,E01011515,B16,1,1,1.0
2017-5,E01011525,B18,1,1,1.0
2017-5,E01011549,B18,1,1,1.0
2017-5,E01011561,B24,1,1,1.0
2017-5,E01011576,B13,1,1,1.0
2017-5,E01011579,B15,1,1,1.0
2017-5,E01011579,B16,1,1,1.0
2017-5,E01011598,B26,1,1,1.0
2017-5,E01011656,B1,2,1,2.0
2017-5,E01011658,B26,1,1,1.0
2017-5,E01011664,B26,1,1,1.0
2017-5,E01011705,B16,1,1,1.0
2017-5,E01011714,B26,1,1,1.0
2017-5,E01011746,B28,1,1,1.0
2017-5,E01011751,B25,1,1,1.0
2017-5,E01011833,B16,1,1,1.0
2017-5,E01011833,B26,1,1,1.0
2017-5,E01011885,B13,1,1,1.0
2017-5,E01011885,B24,1,1,1.0
2017-5,E01011887,B13,1,1,1.0
2017-5,E01011893,B26,1,1,1.0
2017-5,E01011952,B26,1,1,1.0
2017-5,E01011959,B24,1,1,1.0
2017-5,E01011960,B16,1,1,1.0
2017-5,E01011963,B26,1,1,1.0
2017-5,E01011980,B16,1,1,1.0
2017-5,E01011992,B26,4,1,4.0
2017-5,E01011997,B19,2,1,2.0
2017-5,E01011998,B26,1,1,1.0
2017-5,E01011999,B24,1,1,1.0
2017-5,E01011999,B26,1,1,1.0
2017-5,E01012005,B24,1,1,1.0
2017-5,E01012040,B16,1,1,1.0
2017-5,E01012046,B4,1,1,1.0
2017-5,E01012047,B16,1,1,1.0
2017-5,E01012055,B13,1,1,1.0
2017-5,E01012071,B19,1,1,1.0
2017-5,E01012073,B13,1,1,1.0
2017-5,E01012073,B16,2,1,2.0
2017-5,E01012073,B28,1,1,1.0
2017-5,E01012079,B15,1,1,1.0
2017-5,E01012099,B26,1,1,1.0
2017-5,E01012138,B26,1,1,1.0
2017-5,E01012140,B18,1,1,1.0
2017-5,E01012155,B24,1,1,1.0
2017-5,E01012161,B18,1,1,1.0
2017-5,E01012178,B26,1,1,1.0
2017-5,E01012187,B16,1,1,1.0
2017-5,E01012191,B28,1,1,1.0
2017-5,E01012192,B16,1,1,1.0
2017-5,E01012192,B19,1,1,1.0
2017-5,E01012199,B17,1,1,1.0
2017-5,E01012201,B26,1,1,1.0
2017-5,E01012211,B1,1,1,1.0
2017-5,E01012216,B13,1,1,1.0
2017-5,E01012227,B26,1,1,1.0
2017-5,E01012228,B17,1,1,1.0
2017-5,E01012231,B1,1,1,1.0
2017-5,E01012234,B16,1,1,1.0
2017-5,E01012235,B26,1,1,1.0
2017-5,E01012238,B26,1,1,1.0
2017-5,E01012239,B25,1,1,1.0
2017-5,E01012240,B18,1,1,1.0
2017-5,E01012240,B25,1,1,1.0
2017-5,E01012258,B26,1,1,1.0
2017-5,E01012260,B16,1,1,1.0
2017-5,E01012262,B14,1,1,1.0
2017-5,E01012262,B16,1,1,1.0
2017-5,E01012264,B13,1,1,1.0
2017-5,E01012264,B15,1,1,1.0
2017-5,E01012269,B24,1,1,1.0
2017-5,E01012269,B26,1,1,1.0
2017-5,E01012270,B6,1,1,1.0
2017-5,E01012276,B18,1,1,1.0
2017-5,E01012277,B16,1,1,1.0
2017-5,E01012278,B15,1,1,1.0
2017-5,E01012281,B25,1,1,1.0
2017-5,E01012282,B28,1,1,1.0
2017-5,E01012283,B28,1,1,1.0
2017-5,E01012285,B25,1,1,1.0
2017-5,E01012286,B4,1,1,1.0
2017-5,E01012287,B1,1,1,1.0
2017-5,E01012290,B28,1,1,1.0
2017-5,E01012291,B19,1,1,1.0
2017-5,E01012292,B26,1,1,1.0
2017-5,E01012292,B28,1,1,1.0
2017-5,E01012294,B27,1,1,1.0
2017-5,E01012299,B1,1,1,1.0
2017-5,E01012299,B16,1,1,1.0
2017-5,E01012310,B26,1,1,1.0
2017-5,E01012334,B24,1,1,1.0
2017-5,E01012334,B26,1,1,1.0
2017-5,E01012336,B13,1,1,1.0
2017-5,E01012356,B17,1,1,1.0
2017-5,E01012356,B24,1,1,1.0
2017-5,E01012357,B19,1,1,1.0
2017-5,E01012357,B25,1,1,1.0
2017-5,E01012366,B26,6,3,2.0
2017-5,E01012366,B28,1,1,1.0
2017-5,E01012368,B26,1,1,1.0
2017-5,E01012372,B18,1,1,1.0
2017-5,E01012373,B16,1,1,1.0
2017-5,E01012374,B1,1,1,1.0
2017-5,E01012395,B17,1,1,1.0
2017-5,E01012407,B1,1,1,1.0
2017-5,E01012415,B25,1,1,1.0
2017-5,E01012417,B13,2,2,1.0
2017-5,E01012417,B16,1,1,1.0
2017-5,E01012417,B24,1,1,1.0
2017-5,E01012431,B25,1,1,1.0
2017-5,E01012431,B26,1,1,1.0
2017-5,E01012435,B16,1,1,1.0
2017-5,E01012437,B1,1,1,1.0
2017-5,E01012440,B17,2,2,1.0
2017-5,E01012445,B28,1,1,1.0
2017-5,E01012454,B16,1,1,1.0
2017-5,E01012459,B19,1,1,1.0
2017-5,E01012460,B16,1,1,1.0
2017-5,E01012478,B26,1,1,1.0
2017-5,E01012480,B13,1,1,1.0
2017-5,E01012487,B25,1,1,1.0
2017-5,E01012502,B13,1,1,1.0
2017-5,E01012507,B18,1,1,1.0
2017-5,E01012513,B19,1,1,1.0
2017-5,E01012516,B16,1,1,1.0
2017-5,E01012516,B18,2,1,2.0
2017-5,E01012527,B25,1,1,1.0
2017-5,E01012532,B25,1,1,1.0
2017-5,E01012533,B19,1,1,1.0
2017-5,E01012551,B13,1,1,1.0
2017-5,E01012551,B25,2,1,2.0
2017-5,E01012554,B4,1,1,1.0
2017-5,E01012558,B18,1,1,1.0
2017-5,E01012558,B26,1,1,1.0
2017-5,E01012563,B17,1,1,1.0
2017-5,E01012564,B15,1,1,1.0
2017-5,E01012568,B28,1,1,1.0
2017-5,E01012572,B24,1,1,1.0
2017-5,E01012578,B18,1,1,1.0
2017-5,E01012578,B24,1,1,1.0
2017-5,E01012587,B19,1,1,1.0
2017-5,E01012589,B16,1,1,1.0
2017-5,E01012590,B16,1,1,1.0
2017-5,E01012595,B24,1,1,1.0
2017-5,E01012596,B26,1,1,1.0
2017-5,E01012607,B24,1,1,1.0
2017-5,E01012610,B13,1,1,1.0
2017-5,E01012623,B26,1,1,1.0
2017-5,E01012628,B13,1,1,1.0
2017-5,E01012628,B26,3,2,1.5
2017-5,E01012632,B28,1,1,1.0
2017-5,E01012636,B24,1,1,1.0
2017-5,E01012639,B28,1,1,1.0
2017-5,E01012650,B1,1,1,1.0
2017-5,E01012654,B24,2,1,2.0
2017-5,E01012671,B26,1,1,1.0
2017-5,E01012674,B24,1,1,1.0
2017-5,E01012682,B16,1,1,1.0
2017-5,E01012682,B26,3,2,1.5
2017-5,E01012687,B26,1,1,1.0
2017-5,E01012690,B16,1,1,1.0
2017-5,E01012691,B18,1,1,1.0
2017-5,E01012692,B26,1,1,1.0
2017-5,E01012694,B26,3,1,3.0
2017-5,E01012702,B24,1,1,1.0
2017-5,E01012714,B28,1,1,1.0
2017-5,E01012717,B26,1,1,1.0
2017-5,E01012720,B13,1,1,1.0
2017-5,E01012745,B16,1,1,1.0
2017-5,E01012745,B24,1,1,1.0
2017-5,E01012750,B26,2,2,1.0
2017-5,E01012756,B14,1,1,1.0
2017-5,E01012757,B26,1,1,1.0
2017-5,E01012758,B1,1,1,1.0
2017-5,E01012759,B14,1,1,1.0
2017-5,E01012759,B28,1,1,1.0
2017-5,E01012760,B6,1,1,1.0
2017-5,E01012766,B28,1,1,1.0
2017-5,E01012768,B24,2,1,2.0
2017-5,E01012768,B26,1,1,1.0
2017-5,E01012768,B28,4,1,4.0
2017-5,E01012778,B28,1,1,1.0
2017-5,E01012781,B28,1,1,1.0
2017-5,E01012783,B1,1,1,1.0
2017-5,E01012787,B26,1,1,1.0
2017-5,E01012790,B28,1,1,1.0
2017-5,E01012793,B28,2,1,2.0
2017-5,E01012794,B17,1,1,1.0
2017-5,E01012794,B18,1,1,1.0
2017-5,E01012794,B24,1,1,1.0
2017-5,E01012794,B28,2,2,1.0
2017-5,E01012800,B26,1,1,1.0
2017-5,E01012805,B14,1,1,1.0
2017-5,E01012809,B1,1,1,1.0
2017-5,E01012809,B26,1,1,1.0
2017-5,E01012810,B16,1,1,1.0
2017-5,E01012812,B14,1,1,1.0
2017-5,E01012813,B16,1,1,1.0
2017-5,E01012817,B24,1,1,1.0
2017-5,E01012817,B4,1,1,1.0
2017-5,E01012820,B14,1,1,1.0
2017-5,E01012822,B28,1,1,1.0
2017-5,E01012825,B24,1,1,1.0
2017-5,E01012825,B28,1,1,1.0
2017-5,E01012829,B15,1,1,1.0
2017-5,E01012833,B26,1,1,1.0
2017-5,E01012839,B28,1,1,1.0
2017-5,E01012843,B26,1,1,1.0
2017-5,E01012844,B28,1,1,1.0
2017-5,E01012850,B14,1,1,1.0
2017-5,E01012852,B14,2,1,2.0
2017-5,E01012855,B19,1,1,1.0
2017-5,E01012857,B26,2,2,1.0
2017-5,E01012868,B24,1,1,1.0
2017-5,E01012873,B26,1,1,1.0
2017-5,E01012874,B14,1,1,1.0
2017-5,E01012874,B25,1,1,1.0
2017-5,E01012874,B26,1,1,1.0
2017-5,E01012874,B28,1,1,1.0
2017-5,E01012875,B13,1,1,1.0
2017-5,E01012875,B14,3,1,3.0
2017-5,E01012875,B24,1,1,1.0
2017-5,E01012875,B26,1,1,1.0
2017-5,E01012875,B28,2,1,2.0
2017-5,E01012876,B1,1,1,1.0
2017-5,E01012876,B16,1,1,1.0
2017-5,E01012876,B26,4,1,4.0
2017-5,E01012876,B28,5,1,5.0
2017-5,E01012877,B14,4,1,4.0
2017-5,E01012877,B16,2,1,2.0
2017-5,E01012877,B26,4,1,4.0
2017-5,E01012877,B28,5,1,5.0
2017-5,E01012879,B14,2,1,2.0
2017-5,E01012879,B24,2,1,2.0
2017-5,E01012879,B26,1,1,1.0
2017-5,E01012880,B14,1,1,1.0
2017-5,E01012880,B16,2,1,2.0
2017-5,E01012880,B28,1,1,1.0
2017-5,E01012889,B16,1,1,1.0
2017-5,E01012899,B18,1,1,1.0
2017-5,E01012901,B25,1,1,1.0
2017-5,E01012902,B2,1,1,1.0
2017-5,E01012904,B24,1,1,1.0
2017-5,E01012907,B16,1,1,1.0
2017-5,E01012908,B1,1,1,1.0
2017-5,E01012908,B26,1,1,1.0
2017-5,E01012913,B16,1,1,1.0
2017-5,E01012913,B24,1,1,1.0
2017-5,E01012913,B26,1,1,1.0
2017-5,E01012915,B16,1,1,1.0
2017-5,E01012918,B28,1,1,1.0
2017-5,E01012932,B25,1,1,1.0
2017-5,E01012944,B6,1,1,1.0
2017-5,E01012945,B19,1,1,1.0
2017-5,E01012946,B26,2,2,1.0
2017-5,E01012963,B26,1,1,1.0
2017-5,E01012980,B13,1,1,1.0
2017-5,E01012981,B25,1,1,1.0
2017-5,E01012982,B19,2,1,2.0
2017-5,E01012983,B13,1,1,1.0
2017-5,E01012989,B25,1,1,1.0
2017-5,E01012999,B16,1,1,1.0
2017-5,E01013000,B25,1,1,1.0
2017-5,E01013001,B18,1,1,1.0
2017-5,E01013001,B25,1,1,1.0
2017-5,E01013013,B13,1,1,1.0
2017-5,E01013020,B25,1,1,1.0
2017-5,E01013022,B7,1,1,1.0
2017-5,E01013023,B25,1,1,1.0
2017-5,E01013028,B16,1,1,1.0
2017-5,E01013033,B26,1,1,1.0
2017-5,E01013034,B13,1,1,1.0
2017-5,E01013048,B13,1,1,1.0
2017-5,E01013049,B26,1,1,1.0
2017-5,E01013052,B27,1,1,1.0
2017-5,E01013054,B25,1,1,1.0
2017-5,E01013059,B26,1,1,1.0
2017-5,E01013062,B26,1,1,1.0
2017-5,E01013073,B26,1,1,1.0
2017-5,E01013074,B17,1,1,1.0
2017-5,E01013085,B14,1,1,1.0
2017-5,E01013135,B17,1,1,1.0
2017-5,E01013146,B26,3,2,1.5
2017-5,E01013159,B26,1,1,1.0
2017-5,E01013199,B16,1,1,1.0
2017-5,E01013214,B26,2,1,2.0
2017-5,E01013215,B13,1,1,1.0
2017-5,E01013215,B19,1,1,1.0
2017-5,E01013219,B18,1,1,1.0
2017-5,E01013220,B18,1,1,1.0
2017-5,E01013220,B26,1,1,1.0
2017-5,E01013267,B26,1,1,1.0
2017-5,E01013270,B25,1,1,1.0
2017-5,E01013272,B14,2,1,2.0
2017-5,E01013272,B16,1,1,1.0
2017-5,E01013272,B6,1,1,1.0
2017-5,E01013296,B26,2,2,1.0
2017-5,E01013326,B28,1,1,1.0
2017-5,E01013330,B28,4,1,4.0
2017-5,E01013331,B28,1,1,1.0
2017-5,E01013345,B25,1,1,1.0
2017-5,E01013351,B25,1,1,1.0
2017-5,E01013368,B13,1,1,1.0
2017-5,E01013372,B13,1,1,1.0
2017-5,E01013381,B25,1,1,1.0
2017-5,E01013395,B25,1,1,1.0
2017-5,E01013409,B24,1,1,1.0
2017-5,E01013412,B25,1,1,1.0
2017-5,E01013420,B17,1,1,1.0
2017-5,E01013431,B13,1,1,1.0
2017-5,E01013460,B19,1,1,1.0
2017-5,E01013462,B25,1,1,1.0
2017-5,E01013465,B13,1,1,1.0
2017-5,E01013470,B26,1,1,1.0
2017-5,E01013476,B17,1,1,1.0
2017-5,E01013476,B26,1,1,1.0
2017-5,E01013480,B26,1,1,1.0
2017-5,E01013481,B26,2,1,2.0
2017-5,E01013484,B26,1,1,1.0
2017-5,E01013500,B1,1,1,1.0
2017-5,E01013531,B26,1,1,1.0
2017-5,E01013532,B13,1,1,1.0
2017-5,E01013551,B19,1,1,1.0
2017-5,E01013555,B28,1,1,1.0
2017-5,E01013568,B26,2,2,1.0
2017-5,E01013569,B26,1,1,1.0
2017-5,E01013570,B26,1,1,1.0
2017-5,E01013571,B26,6,1,6.0
2017-5,E01013584,B25,1,1,1.0
2017-5,E01013594,B26,1,1,1.0
2017-5,E01013594,B6,1,1,1.0
2017-5,E01013595,B13,1,1,1.0
2017-5,E01013595,B15,1,1,1.0
2017-5,E01013595,B19,1,1,1.0
2017-5,E01013595,B26,2,1,2.0
2017-5,E01013595,B28,1,1,1.0
2017-5,E01013596,B6,2,1,2.0
2017-5,E01013598,B4,1,1,1.0
2017-5,E01013600,B26,1,1,1.0
2017-5,E01013605,B26,2,1,2.0
2017-5,E01013607,B26,1,1,1.0
2017-5,E01013616,B26,1,1,1.0
2017-5,E01013629,B16,3,1,3.0
2017-5,E01013629,B18,1,1,1.0
2017-5,E01013630,B1,1,1,1.0
2017-5,E01013632,B13,1,1,1.0
2017-5,E01013651,B18,1,1,1.0
2017-5,E01013654,B18,1,1,1.0
2017-5,E01013656,B26,1,1,1.0
2017-5,E01013659,B19,1,1,1.0
2017-5,E01013659,B26,2,1,2.0
2017-5,E01013681,B6,1,1,1.0
2017-5,E01013718,B26,1,1,1.0
2017-5,E01013729,B18,1,1,1.0
2017-5,E01013732,B19,1,1,1.0
2017-5,E01013734,B16,1,1,1.0
2017-5,E01013736,B19,1,1,1.0
2017-5,E01013745,B13,1,1,1.0
2017-5,E01013749,B13,1,1,1.0
2017-5,E01013751,B19,1,1,1.0
2017-5,E01013758,B13,1,1,1.0
2017-5,E01013763,B18,1,1,1.0
2017-5,E01013765,B18,1,1,1.0
2017-5,E01013766,B19,3,1,3.0
2017-5,E01013780,B16,1,1,1.0
2017-5,E01013787,B25,1,1,1.0
2017-5,E01013804,B25,1,1,1.0
2017-5,E01013804,B26,1,1,1.0
2017-5,E01013835,B25,1,1,1.0
2017-5,E01013836,B16,1,1,1.0
2017-5,E01013836,B17,1,1,1.0
2017-5,E01013836,B26,2,1,2.0
2017-5,E01013841,B26,2,1,2.0
2017-5,E01013866,B25,1,1,1.0
2017-5,E01013866,B26,1,1,1.0
2017-5,E01013870,B1,1,1,1.0
2017-5,E01013870,B18,1,1,1.0
2017-5,E01013897,B26,1,1,1.0
2017-5,E01013901,B25,1,1,1.0
2017-5,E01013918,B16,1,1,1.0
2017-5,E01013928,B18,1,1,1.0
2017-5,E01013932,B13,1,1,1.0
2017-5,E01013935,B26,1,1,1.0
2017-5,E01013961,B16,1,1,1.0
2017-5,E01013969,B26,1,1,1.0
2017-5,E01013977,B25,1,1,1.0
2017-5,E01013978,B15,1,1,1.0
2017-5,E01013978,B26,5,1,5.0
2017-5,E01013988,B25,1,1,1.0
2017-5,E01013997,B1,1,1,1.0
2017-5,E01013997,B19,1,1,1.0
2017-5,E01013999,B25,2,1,2.0
2017-5,E01014002,B25,1,1,1.0
2017-5,E01014005,B1,1,1,1.0
2017-5,E01014005,B18,1,1,1.0
2017-5,E01014008,B25,1,1,1.0
2017-5,E01014017,B17,1,1,1.0
2017-5,E01014017,B25,1,1,1.0
2017-5,E01014018,B25,1,1,1.0
2017-5,E01014020,B25,12,1,12.0
2017-5,E01014024,B23,1,1,1.0
2017-5,E01014032,B25,1,1,1.0
2017-5,E01014046,B25,1,1,1.0
2017-5,E01014047,B25,1,1,1.0
2017-5,E01014050,B25,1,1,1.0
2017-5,E01014051,B25,2,1,2.0
2017-5,E01014052,B25,1,1,1.0
2017-5,E01014061,B13,1,1,1.0
2017-5,E01014062,B25,2,2,1.0
2017-5,E01014066,B25,2,1,2.0
2017-5,E01014067,B25,1,1,1.0
2017-5,E01014070,B13,1,1,1.0
2017-5,E01014071,B26,1,1,1.0
2017-5,E01014074,B25,1,1,1.0
2017-5,E01014076,B13,1,1,1.0
2017-5,E01014080,B25,1,1,1.0
2017-5,E01014089,B13,1,1,1.0
2017-5,E01014092,B13,1,1,1.0
2017-5,E01014099,B25,1,1,1.0
2017-5,E01014101,B25,1,1,1.0
2017-5,E01014109,B26,1,1,1.0
2017-5,E01014111,B25,1,1,1.0
2017-5,E01014120,B26,1,1,1.0
2017-5,E01014122,B26,1,1,1.0
2017-5,E01014169,B25,1,1,1.0
2017-5,E01014178,B24,2,1,2.0
2017-5,E01014184,B18,1,1,1.0
2017-5,E01014194,B26,1,1,1.0
2017-5,E01014213,B25,1,1,1.0
2017-5,E01014214,B25,1,1,1.0
2017-5,E01014218,B16,1,1,1.0
2017-5,E01014218,B18,1,1,1.0
2017-5,E01014220,B16,2,2,1.0
2017-5,E01014230,B16,1,1,1.0
2017-5,E01014231,B1,1,1,1.0
2017-5,E01014231,B12,1,1,1.0
2017-5,E01014231,B26,1,1,1.0
2017-5,E01014233,B17,1,1,1.0
2017-5,E01014234,B17,1,1,1.0
2017-5,E01014234,B25,2,1,2.0
2017-5,E01014240,B12,1,1,1.0
2017-5,E01014240,B16,2,2,1.0
2017-5,E01014240,B25,1,1,1.0
2017-5,E01014250,B16,1,1,1.0
2017-5,E01014251,B25,1,1,1.0
2017-5,E01014252,B16,1,1,1.0
2017-5,E01014257,B24,2,1,2.0
2017-5,E01014258,B1,1,1,1.0
2017-5,E01014258,B26,1,1,1.0
2017-5,E01014258,B7,1,1,1.0
2017-5,E01014272,B24,1,1,1.0
2017-5,E01014287,B16,1,1,1.0
2017-5,E01014290,B25,1,1,1.0
2017-5,E01014291,B6,1,1,1.0
2017-5,E01014311,B26,1,1,1.0
2017-5,E01014336,B1,1,1,1.0
2017-5,E01014345,B1,1,1,1.0
2017-5,E01014346,B18,1,1,1.0
2017-5,E01014348,B17,1,1,1.0
2017-5,E01014358,B17,1,1,1.0
2017-5,E01014365,B26,1,1,1.0
2017-5,E01014373,B13,1,1,1.0
2017-5,E01014377,B25,2,1,2.0
2017-5,E01014379,B13,1,1,1.0
2017-5,E01014382,B24,1,1,1.0
2017-5,E01014382,B26,1,1,1.0
2017-5,E01014383,B25,1,1,1.0
2017-5,E01014385,B25,3,1,3.0
2017-5,E01014391,B1,1,1,1.0
2017-5,E01014391,B13,2,1,2.0
2017-5,E01014392,B13,1,1,1.0
2017-5,E01014392,B24,2,2,1.0
2017-5,E01014396,B25,1,1,1.0
2017-5,E01014399,B25,1,1,1.0
2017-5,E01014400,B13,1,1,1.0
2017-5,E01014400,B14,1,1,1.0
2017-5,E01014405,B13,1,1,1.0
2017-5,E01014410,B25,1,1,1.0
2017-5,E01014411,B17,1,1,1.0
2017-5,E01014418,B25,1,1,1.0
2017-5,E01014430,B16,1,1,1.0
2017-5,E01014435,B13,1,1,1.0
2017-5,E01014438,B13,1,1,1.0
2017-5,E01014446,B13,2,1,2.0
2017-5,E01014447,B13,2,1,2.0
2017-5,E01014447,B15,1,1,1.0
2017-5,E01014459,B19,1,1,1.0
2017-5,E01014459,B25,2,2,1.0
2017-5,E01014464,B26,1,1,1.0
2017-5,E01014469,B26,1,1,1.0
2017-5,E01014469,B4,1,1,1.0
2017-5,E01014471,B28,1,1,1.0
2017-5,E01014483,B28,1,1,1.0
2017-5,E01014485,B26,2,2,1.0
2017-5,E01014486,B19,1,1,1.0
2017-5,E01014486,B26,6,4,1.5
2017-5,E01014487,B16,1,1,1.0
2017-5,E01014487,B19,3,3,1.0
2017-5,E01014487,B22,1,1,1.0
2017-5,E01014487,B23,1,1,1.0
2017-5,E01014487,B26,1,1,1.0
2017-5,E01014488,B16,1,1,1.0
2017-5,E01014488,B19,1,1,1.0
2017-5,E01014488,B26,2,1,2.0
2017-5,E01014489,B13,1,1,1.0
2017-5,E01014489,B19,2,2,1.0
2017-5,E01014489,B25,1,1,1.0
2017-5,E01014489,B26,1,1,1.0
2017-5,E01014489,B29,1,1,1.0
2017-5,E01014491,B13,1,1,1.0
2017-5,E01014492,B23,1,1,1.0
2017-5,E01014493,B13,1,1,1.0
2017-5,E01014493,B23,1,1,1.0
2017-5,E01014493,B7,1,1,1.0
2017-5,E01014495,B29,1,1,1.0
2017-5,E01014496,B23,1,1,1.0
2017-5,E01014497,B23,1,1,1.0
2017-5,E01014497,B26,1,1,1.0
2017-5,E01014497,B29,1,1,1.0
2017-5,E01014498,B23,2,2,1.0
2017-5,E01014498,B25,1,1,1.0
2017-5,E01014498,B29,1,1,1.0
2017-5,E01014498,B7,2,2,1.0
2017-5,E01014499,B23,1,1,1.0
2017-5,E01014499,B25,2,1,2.0
2017-5,E01014499,B3,1,1,1.0
2017-5,E01014499,B7,1,1,1.0
2017-5,E01014500,B26,1,1,1.0
2017-5,E01014501,B28,1,1,1.0
2017-5,E01014504,B19,1,1,1.0
2017-5,E01014504,B26,1,1,1.0
2017-5,E01014504,B27,1,1,1.0
2017-5,E01014505,B23,2,2,1.0
2017-5,E01014506,B13,1,1,1.0
2017-5,E01014506,B18,1,1,1.0
2017-5,E01014506,B25,4,3,1.3333333333333333
2017-5,E01014506,B29,1,1,1.0
2017-5,E01014507,B23,2,2,1.0
2017-5,E01014508,B1,1,1,1.0
2017-5,E01014508,B26,1,1,1.0
2017-5,E01014508,B27,1,1,1.0
2017-5,E01014508,B29,2,2,1.0
2017-5,E01014509,B15,1,1,1.0
2017-5,E01014509,B23,1,1,1.0
2017-5,E01014511,B25,1,1,1.0
2017-5,E01014512,B28,1,1,1.0
2017-5,E01014514,B24,1,1,1.0
2017-5,E01014514,B25,1,1,1.0
2017-5,E01014514,B7,1,1,1.0
2017-5,E01014516,B23,1,1,1.0
2017-5,E01014516,B25,1,1,1.0
2017-5,E01014517,B19,1,1,1.0
2017-5,E01014518,B18,1,1,1.0
2017-5,E01014522,B23,1,1,1.0
2017-5,E01014524,B23,1,1,1.0
2017-5,E01014525,B19,1,1,1.0
2017-5,E01014525,B23,1,1,1.0
2017-5,E01014526,B23,4,4,1.0
2017-5,E01014526,B27,1,1,1.0
2017-5,E01014528,B17,1,1,1.0
2017-5,E01014528,B19,1,1,1.0
2017-5,E01014528,B23,1,1,1.0
2017-5,E01014528,B24,1,1,1.0
2017-5,E01014530,B17,1,1,1.0
2017-5,E01014530,B26,2,2,1.0
2017-5,E01014530,B29,1,1,1.0
2017-5,E01014531,B23,1,1,1.0
2017-5,E01014531,B7,1,1,1.0
2017-5,E01014532,B24,1,1,1.0
2017-5,E01014534,B23,2,2,1.0
2017-5,E01014534,B25,2,1,2.0
2017-5,E01014535,B25,1,1,1.0
2017-5,E01014536,B17,1,1,1.0
2017-5,E01014536,B29,1,1,1.0
2017-5,E01014537,B13,1,1,1.0
2017-5,E01014538,B29,1,1,1.0
2017-5,E01014539,B19,4,4,1.0
2017-5,E01014539,B23,1,1,1.0
2017-5,E01014539,B26,1,1,1.0
2017-5,E01014539,B7,1,1,1.0
2017-5,E01014540,B19,4,4,1.0
2017-5,E01014540,B26,4,3,1.3333333333333333
2017-5,E01014540,B27,1,1,1.0
2017-5,E01014540,B29,1,1,1.0
2017-5,E01014540,B7,3,3,1.0
2017-5,E01014542,B19,3,3,1.0
2017-5,E01014542,B25,1,1,1.0
2017-5,E01014542,B26,4,3,1.3333333333333333
2017-5,E01014542,B29,1,1,1.0
2017-5,E01014544,B19,1,1,1.0
2017-5,E01014544,B7,1,1,1.0
2017-5,E01014545,B19,1,1,1.0
2017-5,E01014545,B23,2,2,1.0
2017-5,E01014545,B7,2,1,2.0
2017-5,E01014546,B13,1,1,1.0
2017-5,E01014546,B26,1,1,1.0
2017-5,E01014547,B18,1,1,1.0
2017-5,E01014547,B23,1,1,1.0
2017-5,E01014547,B26,1,1,1.0
2017-5,E01014547,B7,1,1,1.0
2017-5,E01014548,B13,1,1,1.0
2017-5,E01014548,B24,1,1,1.0
2017-5,E01014549,B25,1,1,1.0
2017-5,E01014549,B7,1,1,1.0
2017-5,E01014550,B16,1,1,1.0
2017-5,E01014550,B22,1,1,1.0
2017-5,E01014550,B23,2,2,1.0
2017-5,E01014550,B7,1,1,1.0
2017-5,E01014551,B19,1,1,1.0
2017-5,E01014551,B23,1,1,1.0
2017-5,E01014551,B26,3,1,3.0
2017-5,E01014551,B3,1,1,1.0
2017-5,E01014551,B7,1,1,1.0
2017-5,E01014552,B29,1,1,1.0
2017-5,E01014552,B7,1,1,1.0
2017-5,E01014553,B13,1,1,1.0
2017-5,E01014553,B19,1,1,1.0
2017-5,E01014554,B13,1,1,1.0
2017-5,E01014554,B19,1,1,1.0
2017-5,E01014554,B23,2,2,1.0
2017-5,E01014555,B25,1,1,1.0
2017-5,E01014556,B23,1,1,1.0
2017-5,E01014556,B26,1,1,1.0
2017-5,E01014557,B23,1,1,1.0
2017-5,E01014558,B25,1,1,1.0
2017-5,E01014558,B26,1,1,1.0
2017-5,E01014558,B7,1,1,1.0
2017-5,E01014559,B24,1,1,1.0
2017-5,E01014560,B24,1,1,1.0
2017-5,E01014561,B19,2,1,2.0
2017-5,E01014561,B7,1,1,1.0
2017-5,E01014562,B19,1,1,1.0
2017-5,E01014563,B13,1,1,1.0
2017-5,E01014563,B19,2,2,1.0
2017-5,E01014563,B23,1,1,1.0
2017-5,E01014563,B24,1,1,1.0
2017-5,E01014563,B25,1,1,1.0
2017-5,E01014564,B1,2,1,2.0
2017-5,E01014564,B23,2,2,1.0
2017-5,E01014564,B24,1,1,1.0
2017-5,E01014564,B26,5,3,1.6666666666666667
2017-5,E01014564,B7,2,2,1.0
2017-5,E01014565,B26,1,1,1.0
2017-5,E01014567,B19,1,1,1.0
2017-5,E01014567,B26,3,3,1.0
2017-5,E01014568,B1,1,1,1.0
2017-5,E01014568,B18,5,2,2.5
2017-5,E01014568,B19,1,1,1.0
2017-5,E01014568,B26,4,2,2.0
2017-5,E01014570,B16,2,1,2.0
2017-5,E01014570,B23,1,1,1.0
2017-5,E01014570,B24,1,1,1.0
2017-5,E01014570,B25,1,1,1.0
2017-5,E01014570,B27,1,1,1.0
2017-5,E01014571,B13,1,1,1.0
2017-5,E01014571,B25,1,1,1.0
2017-5,E01014572,B23,1,1,1.0
2017-5,E01014572,B25,1,1,1.0
2017-5,E01014573,B26,1,1,1.0
2017-5,E01014573,B27,1,1,1.0
2017-5,E01014574,B23,3,3,1.0
2017-5,E01014574,B26,3,1,3.0
2017-5,E01014575,B13,1,1,1.0
2017-5,E01014575,B27,1,1,1.0
2017-5,E01014575,B29,1,1,1.0
2017-5,E01014580,B13,1,1,1.0
2017-5,E01014580,B19,1,1,1.0
2017-5,E01014580,B23,1,1,1.0
2017-5,E01014581,B23,1,1,1.0
2017-5,E01014583,B23,1,1,1.0
2017-5,E01014583,B25,1,1,1.0
2017-5,E01014584,B19,1,1,1.0
2017-5,E01014585,B7,1,1,1.0
2017-5,E01014587,B18,1,1,1.0
2017-5,E01014587,B28,1,1,1.0
2017-5,E01014588,B25,1,1,1.0
2017-5,E01014588,B26,1,1,1.0
2017-5,E01014590,B22,1,1,1.0
2017-5,E01014590,B23,1,1,1.0
2017-5,E01014592,B13,1,1,1.0
2017-5,E01014592,B29,1,1,1.0
2017-5,E01014594,B24,1,1,1.0
2017-5,E01014596,B24,1,1,1.0
2017-5,E01014597,B23,3,1,3.0
2017-5,E01014597,B25,3,3,1.0
2017-5,E01014598,B25,1,1,1.0
2017-5,E01014600,B19,1,1,1.0
2017-5,E01014600,B25,3,3,1.0
2017-5,E01014602,B18,1,1,1.0
2017-5,E01014603,B19,1,1,1.0
2017-5,E01014603,B25,1,1,1.0
2017-5,E01014603,B7,1,1,1.0
2017-5,E01014605,B27,1,1,1.0
2017-5,E01014607,B13,1,1,1.0
2017-5,E01014607,B25,1,1,1.0
2017-5,E01014608,B19,1,1,1.0
2017-5,E01014609,B1,1,1,1.0
2017-5,E01014609,B16,1,1,1.0
2017-5,E01014609,B26,1,1,1.0
2017-5,E01014611,B23,1,1,1.0
2017-5,E01014613,B1,1,1,1.0
2017-5,E01014613,B26,1,1,1.0
2017-5,E01014614,B23,1,1,1.0
2017-5,E01014615,B19,1,1,1.0
2017-5,E01014615,B23,1,1,1.0
2017-5,E01014615,B25,2,2,1.0
2017-5,E01014616,B19,1,1,1.0
2017-5,E01014616,B25,1,1,1.0
2017-5,E01014617,B25,1,1,1.0
2017-5,E01014618,B23,1,1,1.0
2017-5,E01014618,B25,1,1,1.0
2017-5,E01014619,B23,1,1,1.0
2017-5,E01014620,B28,1,1,1.0
2017-5,E01014621,B19,1,1,1.0
2017-5,E01014622,B7,1,1,1.0
2017-5,E01014623,B29,1,1,1.0
2017-5,E01014624,B13,1,1,1.0
2017-5,E01014624,B19,2,2,1.0
2017-5,E01014624,B23,1,1,1.0
2017-5,E01014626,B16,1,1,1.0
2017-5,E01014626,B24,1,1,1.0
2017-5,E01014626,B26,1,1,1.0
2017-5,E01014627,B23,2,2,1.0
2017-5,E01014627,B24,1,1,1.0
2017-5,E01014627,B29,1,1,1.0
2017-5,E01014629,B23,1,1,1.0
2017-5,E01014629,B25,4,3,1.3333333333333333
2017-5,E01014630,B23,2,1,2.0
2017-5,E01014630,B29,1,1,1.0
2017-5,E01014631,B22,1,1,1.0
2017-5,E01014633,B19,1,1,1.0
2017-5,E01014633,B24,1,1,1.0
2017-5,E01014633,B26,1,1,1.0
2017-5,E01014633,B27,1,1,1.0
2017-5,E01014634,B19,2,2,1.0
2017-5,E01014635,B23,2,1,2.0
2017-5,E01014635,B6,1,1,1.0
2017-5,E01014636,B23,1,1,1.0
2017-5,E01014638,B19,3,3,1.0
2017-5,E01014638,B25,1,1,1.0
2017-5,E01014639,B19,1,1,1.0
2017-5,E01014640,B23,1,1,1.0
2017-5,E01014641,B1,1,1,1.0
2017-5,E01014642,B23,3,2,1.5
2017-5,E01014644,B24,1,1,1.0
2017-5,E01014645,B29,2,2,1.0
2017-5,E01014648,B25,1,1,1.0
2017-5,E01014649,B27,1,1,1.0
2017-5,E01014650,B23,1,1,1.0
2017-5,E01014651,B19,1,1,1.0
2017-5,E01014653,B14,1,1,1.0
2017-5,E01014653,B19,1,1,1.0
2017-5,E01014653,B22,1,1,1.0
2017-5,E01014653,B23,1,1,1.0
2017-5,E01014653,B26,5,2,2.5
2017-5,E01014654,B14,1,1,1.0
2017-5,E01014654,B15,2,1,2.0
2017-5,E01014654,B19,1,1,1.0
2017-5,E01014654,B25,1,1,1.0
2017-5,E01014654,B26,2,1,2.0
2017-5,E01014655,B26,16,3,5.333333333333333
2017-5,E01014658,B13,1,1,1.0
2017-5,E01014658,B23,1,1,1.0
2017-5,E01014658,B25,1,1,1.0
2017-5,E01014659,B23,2,2,1.0
2017-5,E01014660,B15,1,1,1.0
2017-5,E01014660,B19,1,1,1.0
2017-5,E01014660,B23,1,1,1.0
2017-5,E01014660,B27,1,1,1.0
2017-5,E01014660,B29,1,1,1.0
2017-5,E01014661,B16,1,1,1.0
2017-5,E01014661,B25,1,1,1.0
2017-5,E01014661,B26,1,1,1.0
2017-5,E01014661,B29,1,1,1.0
2017-5,E01014661,B7,1,1,1.0
2017-5,E01014663,B29,1,1,1.0
2017-5,E01014664,B25,1,1,1.0
2017-5,E01014665,B23,1,1,1.0
2017-5,E01014665,B25,1,1,1.0
2017-5,E01014666,B24,1,1,1.0
2017-5,E01014666,B25,1,1,1.0
2017-5,E01014666,B29,2,2,1.0
2017-5,E01014668,B19,1,1,1.0
2017-5,E01014668,B25,3,3,1.0
2017-5,E01014669,B25,1,1,1.0
2017-5,E01014669,B29,1,1,1.0
2017-5,E01014670,B25,1,1,1.0
2017-5,E01014671,B14,3,1,3.0
2017-5,E01014671,B22,1,1,1.0
2017-5,E01014672,B13,1,1,1.0
2017-5,E01014672,B23,1,1,1.0
2017-5,E01014673,B23,1,1,1.0
2017-5,E01014673,B24,2,1,2.0
2017-5,E01014673,B7,1,1,1.0
2017-5,E01014674,B25,1,1,1.0
2017-5,E01014674,B7,1,1,1.0
2017-5,E01014675,B23,1,1,1.0
2017-5,E01014676,B25,1,1,1.0
2017-5,E01014677,B29,1,1,1.0
2017-5,E01014678,B18,1,1,1.0
2017-5,E01014679,B16,1,1,1.0
2017-5,E01014681,B7,1,1,1.0
2017-5,E01014682,B16,1,1,1.0
2017-5,E01014682,B26,1,1,1.0
2017-5,E01014683,B7,1,1,1.0
2017-5,E01014684,B13,1,1,1.0
2017-5,E01014684,B23,1,1,1.0
2017-5,E01014684,B24,1,1,1.0
2017-5,E01014684,B25,1,1,1.0
2017-5,E01014684,B7,1,1,1.0
2017-5,E01014686,B16,1,1,1.0
2017-5,E01014686,B26,1,1,1.0
2017-5,E01014688,B25,1,1,1.0
2017-5,E01014689,B23,2,1,2.0
2017-5,E01014690,B23,1,1,1.0
2017-5,E01014690,B25,1,1,1.0
2017-5,E01014691,B13,1,1,1.0
2017-5,E01014691,B23,1,1,1.0
2017-5,E01014691,B25,1,1,1.0
2017-5,E01014691,B4,1,1,1.0
2017-5,E01014692,B13,2,2,1.0
2017-5,E01014692,B25,1,1,1.0
2017-5,E01014693,B23,2,2,1.0
2017-5,E01014694,B25,1,1,1.0
2017-5,E01014695,B19,1,1,1.0
2017-5,E01014695,B25,1,1,1.0
2017-5,E01014695,B28,1,1,1.0
2017-5,E01014695,B3,1,1,1.0
2017-5,E01014695,B7,1,1,1.0
2017-5,E01014696,B19,1,1,1.0
2017-5,E01014699,B13,1,1,1.0
2017-5,E01014699,B26,1,1,1.0
2017-5,E01014699,B28,2,1,2.0
2017-5,E01014699,B7,1,1,1.0
2017-5,E01014700,B19,1,1,1.0
2017-5,E01014700,B23,1,1,1.0
2017-5,E01014703,B19,1,1,1.0
2017-5,E01014704,B16,1,1,1.0
2017-5,E01014704,B19,1,1,1.0
2017-5,E01014704,B3,1,1,1.0
2017-5,E01014707,B13,1,1,1.0
2017-5,E01014707,B19,1,1,1.0
2017-5,E01014708,B25,1,1,1.0
2017-5,E01014709,B27,1,1,1.0
2017-5,E01014710,B13,1,1,1.0
2017-5,E01014710,B25,1,1,1.0
2017-5,E01014712,B23,3,3,1.0
2017-5,E01014712,B25,2,1,2.0
2017-5,E01014713,B25,1,1,1.0
2017-5,E01014714,B19,1,1,1.0
2017-5,E01014714,B25,1,1,1.0
2017-5,E01014715,B15,1,1,1.0
2017-5,E01014715,B19,1,1,1.0
2017-5,E01014715,B23,2,2,1.0
2017-5,E01014715,B29,1,1,1.0
2017-5,E01014717,B27,1,1,1.0
2017-5,E01014719,B19,1,1,1.0
2017-5,E01014719,B23,1,1,1.0
2017-5,E01014719,B24,1,1,1.0
2017-5,E01014720,B13,1,1,1.0
2017-5,E01014720,B19,2,2,1.0
2017-5,E01014720,B23,2,2,1.0
2017-5,E01014720,B7,1,1,1.0
2017-5,E01014721,B19,1,1,1.0
2017-5,E01014721,B25,1,1,1.0
2017-5,E01014721,B7,1,1,1.0
2017-5,E01014722,B25,1,1,1.0
2017-5,E01014726,B23,1,1,1.0
2017-5,E01014727,B23,1,1,1.0
2017-5,E01014730,B25,1,1,1.0
2017-5,E01014730,B26,1,1,1.0
2017-5,E01014732,B23,1,1,1.0
2017-5,E01014733,B13,1,1,1.0
2017-5,E01014736,B25,1,1,1.0
2017-5,E01014737,B13,1,1,1.0
2017-5,E01014738,B25,1,1,1.0
2017-5,E01014740,B13,1,1,1.0
2017-5,E01014744,B26,1,1,1.0
2017-5,E01014752,B18,1,1,1.0
2017-5,E01014777,B25,1,1,1.0
2017-5,E01014780,B26,1,1,1.0
2017-5,E01014781,B25,2,1,2.0
2017-5,E01014792,B25,1,1,1.0
2017-5,E01014796,B25,1,1,1.0
2017-5,E01014801,B25,1,1,1.0
2017-5,E01014807,B13,1,1,1.0
2017-5,E01014823,B28,1,1,1.0
2017-5,E01014827,B14,1,1,1.0
2017-5,E01014827,B25,1,1,1.0
2017-5,E01014835,B25,1,1,1.0
2017-5,E01014845,B25,2,2,1.0
2017-5,E01014847,B26,1,1,1.0
2017-5,E01014851,B28,1,1,1.0
2017-5,E01014852,B13,1,1,1.0
2017-5,E01014852,B26,1,1,1.0
2017-5,E01014861,B19,1,1,1.0
2017-5,E01014861,B25,1,1,1.0
2017-5,E01014862,B25,1,1,1.0
2017-5,E01014864,B13,3,1,3.0
2017-5,E01014864,B28,3,1,3.0
2017-5,E01014867,B25,1,1,1.0
2017-5,E01014870,B26,1,1,1.0
2017-5,E01014880,B26,1,1,1.0
2017-5,E01014881,B16,1,1,1.0
2017-5,E01014886,B25,1,1,1.0
2017-5,E01014888,B28,1,1,1.0
2017-5,E01014904,B13,1,1,1.0
2017-5,E01014906,B25,1,1,1.0
2017-5,E01014906,B26,1,1,1.0
2017-5,E01014907,B1,1,1,1.0
2017-5,E01014909,B16,1,1,1.0
2017-5,E01014910,B13,1,1,1.0
2017-5,E01014922,B18,1,1,1.0
2017-5,E01014922,B25,1,1,1.0
2017-5,E01014923,B26,3,1,3.0
2017-5,E01014924,B26,1,1,1.0
2017-5,E01014926,B18,1,1,1.0
2017-5,E01014929,B13,1,1,1.0
2017-5,E01014930,B28,1,1,1.0
2017-5,E01014941,B6,3,3,1.0
2017-5,E01014942,B13,1,1,1.0
2017-5,E01014948,B26,1,1,1.0
2017-5,E01014953,B16,1,1,1.0
2017-5,E01014954,B14,3,1,3.0
2017-5,E01014962,B13,2,2,1.0
2017-5,E01014962,B25,1,1,1.0
2017-5,E01014966,B26,1,1,1.0
2017-5,E01014973,B24,1,1,1.0
2017-5,E01014989,B1,1,1,1.0
2017-5,E01015005,B13,1,1,1.0
2017-5,E01015012,B26,1,1,1.0
2017-5,E01015013,B1,1,1,1.0
2017-5,E01015015,B13,1,1,1.0
2017-5,E01015015,B24,1,1,1.0
2017-5,E01015020,B18,1,1,1.0
2017-5,E01015025,B25,1,1,1.0
2017-5,E01015028,B14,1,1,1.0
2017-5,E01015044,B17,1,1,1.0
2017-5,E01015047,B13,1,1,1.0
2017-5,E01015051,B25,2,1,2.0
2017-5,E01015054,B18,1,1,1.0
2017-5,E01015059,B25,1,1,1.0
2017-5,E01015077,B24,1,1,1.0
2017-5,E01015084,B26,1,1,1.0
2017-5,E01015088,B17,1,1,1.0
2017-5,E01015098,B25,1,1,1.0
2017-5,E01015099,B25,2,1,2.0
2017-5,E01015102,B18,1,1,1.0
2017-5,E01015106,B26,1,1,1.0
2017-5,E01015108,B16,1,1,1.0
2017-5,E01015109,B28,1,1,1.0
2017-5,E01015114,B16,1,1,1.0
2017-5,E01015115,B26,1,1,1.0
2017-5,E01015124,B16,1,1,1.0
2017-5,E01015126,B13,1,1,1.0
2017-5,E01015126,B28,1,1,1.0
2017-5,E01015127,B24,1,1,1.0
2017-5,E01015142,B25,1,1,1.0
2017-5,E01015150,B19,1,1,1.0
2017-5,E01015156,B18,1,1,1.0
2017-5,E01015158,B24,1,1,1.0
2017-5,E01015175,B1,1,1,1.0
2017-5,E01015182,B13,1,1,1.0
2017-5,E01015187,B19,1,1,1.0
2017-5,E01015189,B19,1,1,1.0
2017-5,E01015189,B25,1,1,1.0
2017-5,E01015207,B13,2,2,1.0
2017-5,E01015207,B25,1,1,1.0
2017-5,E01015215,B6,1,1,1.0
2017-5,E01015222,B16,1,1,1.0
2017-5,E01015229,B28,1,1,1.0
2017-5,E01015232,B13,1,1,1.0
2017-5,E01015232,B26,1,1,1.0
2017-5,E01015236,B26,1,1,1.0
2017-5,E01015241,B16,1,1,1.0
2017-5,E01015251,B28,1,1,1.0
2017-5,E01015256,B26,1,1,1.0
2017-5,E01015260,B13,1,1,1.0
2017-5,E01015266,B28,1,1,1.0
2017-5,E01015286,B26,1,1,1.0
2017-5,E01015288,B14,1,1,1.0
2017-5,E01015290,B18,1,1,1.0
2017-5,E01015292,B26,1,1,1.0
2017-5,E01015295,B19,1,1,1.0
2017-5,E01015303,B16,1,1,1.0
2017-5,E01015304,B18,8,1,8.0
2017-5,E01015304,B26,1,1,1.0
2017-5,E01015305,B19,1,1,1.0
2017-5,E01015308,B15,1,1,1.0
2017-5,E01015312,B18,3,1,3.0
2017-5,E01015318,B1,1,1,1.0
2017-5,E01015321,B14,1,1,1.0
2017-5,E01015325,B25,1,1,1.0
2017-5,E01015326,B14,1,1,1.0
2017-5,E01015326,B19,3,2,1.5
2017-5,E01015327,B18,1,1,1.0
2017-5,E01015327,B19,1,1,1.0
2017-5,E01015327,B26,1,1,1.0
2017-5,E01015328,B14,2,1,2.0
2017-5,E01015328,B19,1,1,1.0
2017-5,E01015328,B26,1,1,1.0
2017-5,E01015329,B14,1,1,1.0
2017-5,E01015329,B19,1,1,1.0
2017-5,E01015331,B26,1,1,1.0
2017-5,E01015332,B1,1,1,1.0
2017-5,E01015332,B26,2,1,2.0
2017-5,E01015339,B25,1,1,1.0
2017-5,E01015340,B16,1,1,1.0
2017-5,E01015342,B1,1,1,1.0
2017-5,E01015343,B1,1,1,1.0
2017-5,E01015345,B19,1,1,1.0
2017-5,E01015346,B19,1,1,1.0
2017-5,E01015351,B16,1,1,1.0
2017-5,E01015355,B18,2,1,2.0
2017-5,E01015355,B19,1,1,1.0
2017-5,E01015360,B14,1,1,1.0
2017-5,E01015361,B19,1,1,1.0
2017-5,E01015373,B18,1,1,1.0
2017-5,E01015373,B19,1,1,1.0
2017-5,E01015373,B25,1,1,1.0
2017-5,E01015374,B16,1,1,1.0
2017-5,E01015374,B26,1,1,1.0
2017-5,E01015377,B18,1,1,1.0
2017-5,E01015378,B13,1,1,1.0
2017-5,E01015382,B26,1,1,1.0
2017-5,E01015399,B13,1,1,1.0
2017-5,E01015406,B25,1,1,1.0
2017-5,E01015417,B28,1,1,1.0
2017-5,E01015423,B13,1,1,1.0
2017-5,E01015430,B19,1,1,1.0
2017-5,E01015435,B18,2,2,1.0
2017-5,E01015436,B25,1,1,1.0
2017-5,E01015452,B13,1,1,1.0
2017-5,E01015471,B16,1,1,1.0
2017-5,E01015477,B1,1,1,1.0
2017-5,E01015488,B18,1,1,1.0
2017-5,E01015490,B18,1,1,1.0
2017-5,E01015490,B6,2,1,2.0
2017-5,E01015491,B19,1,1,1.0
2017-5,E01015494,B26,1,1,1.0
2017-5,E01015498,B18,1,1,1.0
2017-5,E01015507,B18,1,1,1.0
2017-5,E01015508,B16,2,2,1.0
2017-5,E01015509,B18,2,2,1.0
2017-5,E01015520,B18,1,1,1.0
2017-5,E01015521,B13,1,1,1.0
2017-5,E01015522,B18,1,1,1.0
2017-5,E01015523,B18,3,1,3.0
2017-5,E01015523,B26,1,1,1.0
2017-5,E01015524,B1,1,1,1.0
2017-5,E01015534,B21,1,1,1.0
2017-5,E01015547,B26,2,1,2.0
2017-5,E01015548,B24,1,1,1.0
2017-5,E01015548,B25,1,1,1.0
2017-5,E01015560,B18,1,1,1.0
2017-5,E01015571,B19,1,1,1.0
2017-5,E01015578,B1,1,1,1.0
2017-5,E01015583,B1,2,1,2.0
2017-5,E01015587,B26,1,1,1.0
2017-5,E01015589,B13,2,1,2.0
2017-5,E01015589,B16,1,1,1.0
2017-5,E01015589,B24,1,1,1.0
2017-5,E01015589,B25,2,1,2.0
2017-5,E01015589,B28,2,1,2.0
2017-5,E01015592,B19,1,1,1.0
2017-5,E01015599,B25,1,1,1.0
2017-5,E01015605,B16,1,1,1.0
2017-5,E01015611,B25,1,1,1.0
2017-5,E01015611,B26,2,2,1.0
2017-5,E01015612,B26,1,1,1.0
2017-5,E01015613,B16,5,1,5.0
2017-5,E01015613,B26,2,1,2.0
2017-5,E01015614,B14,1,1,1.0
2017-5,E01015615,B14,2,1,2.0
2017-5,E01015616,B26,2,1,2.0
2017-5,E01015617,B24,1,1,1.0
2017-5,E01015617,B25,1,1,1.0
2017-5,E01015622,B18,1,1,1.0
2017-5,E01015623,B14,1,1,1.0
2017-5,E01015624,B13,1,1,1.0
2017-5,E01015624,B17,1,1,1.0
2017-5,E01015627,B26,1,1,1.0
2017-5,E01015629,B13,1,1,1.0
2017-5,E01015629,B26,1,1,1.0
2017-5,E01015629,B6,2,1,2.0
2017-5,E01015637,B1,1,1,1.0
2017-5,E01015637,B19,1,1,1.0
2017-5,E01015637,B26,5,4,1.25
2017-5,E01015642,B26,1,1,1.0
2017-5,E01015643,B13,1,1,1.0
2017-5,E01015644,B13,1,1,1.0
2017-5,E01015644,B25,1,1,1.0
2017-5,E01015647,B19,3,1,3.0
2017-5,E01015653,B13,3,1,3.0
2017-5,E01015653,B25,1,1,1.0
2017-5,E01015660,B6,1,1,1.0
2017-5,E01015666,B14,1,1,1.0
2017-5,E01015668,B1,1,1,1.0
2017-5,E01015668,B14,2,1,2.0
2017-5,E01015671,B26,1,1,1.0
2017-5,E01015671,B28,1,1,1.0
2017-5,E01015675,B26,1,1,1.0
2017-5,E01015676,B1,1,1,1.0
2017-5,E01015679,B18,1,1,1.0
2017-5,E01015682,B18,1,1,1.0
2017-5,E01015693,B26,1,1,1.0
2017-5,E01015694,B16,1,1,1.0
2017-5,E01015695,B13,1,1,1.0
2017-5,E01015695,B26,1,1,1.0
2017-5,E01015697,B13,1,1,1.0
2017-5,E01015697,B26,3,2,1.5
2017-5,E01015697,B28,1,1,1.0
2017-5,E01015699,B26,1,1,1.0
2017-5,E01015700,B16,1,1,1.0
2017-5,E01015700,B26,1,1,1.0
2017-5,E01015704,B25,1,1,1.0
2017-5,E01015711,B1,1,1,1.0
2017-5,E01015711,B26,1,1,1.0
2017-5,E01015713,B4,1,1,1.0
2017-5,E01015714,B18,1,1,1.0
2017-5,E01015715,B13,1,1,1.0
2017-5,E01015717,B1,4,3,1.3333333333333333
2017-5,E01015717,B13,1,1,1.0
2017-5,E01015717,B26,3,1,3.0
2017-5,E01015720,B26,2,2,1.0
2017-5,E01015721,B13,1,1,1.0
2017-5,E01015734,B26,1,1,1.0
2017-5,E01015737,B1,1,1,1.0
2017-5,E01015738,B24,1,1,1.0
2017-5,E01015740,B1,1,1,1.0
2017-5,E01015740,B18,1,1,1.0
2017-5,E01015740,B26,4,1,4.0
2017-5,E01015740,B4,1,1,1.0
2017-5,E01015741,B18,1,1,1.0
2017-5,E01015741,B26,2,2,1.0
2017-5,E01015742,B1,1,1,1.0
2017-5,E01015742,B13,1,1,1.0
2017-5,E01015742,B16,1,1,1.0
2017-5,E01015743,B19,1,1,1.0
2017-5,E01015743,B26,2,1,2.0
2017-5,E01015745,B4,1,1,1.0
2017-5,E01015746,B4,1,1,1.0
2017-5,E01015747,B19,1,1,1.0
2017-5,E01015747,B26,1,1,1.0
2017-5,E01015750,B1,1,1,1.0
2017-5,E01015750,B14,2,1,2.0
2017-5,E01015750,B18,1,1,1.0
2017-5,E01015750,B26,1,1,1.0
2017-5,E01015755,B13,1,1,1.0
2017-5,E01015755,B26,1,1,1.0
2017-5,E01015760,B1,1,1,1.0
2017-5,E01015766,B18,1,1,1.0
2017-5,E01015767,B26,1,1,1.0
2017-5,E01015772,B1,1,1,1.0
2017-5,E01015772,B26,8,1,8.0
2017-5,E01015777,B1,1,1,1.0
2017-5,E01015777,B13,1,1,1.0
2017-5,E01015780,B1,1,1,1.0
2017-5,E01015785,B25,1,1,1.0
2017-5,E01015786,B26,1,1,1.0
2017-5,E01015787,B26,1,1,1.0
2017-5,E01015790,B14,1,1,1.0
2017-5,E01015790,B16,2,1,2.0
2017-5,E01015790,B19,1,1,1.0
2017-5,E01015791,B18,1,1,1.0
2017-5,E01015791,B26,1,1,1.0
2017-5,E01015792,B26,2,2,1.0
2017-5,E01015794,B13,1,1,1.0
2017-5,E01015794,B16,1,1,1.0
2017-5,E01015794,B26,2,1,2.0
2017-5,E01015795,B26,2,1,2.0
2017-5,E01015796,B1,1,1,1.0
2017-5,E01015797,B26,1,1,1.0
2017-5,E01015804,B1,1,1,1.0
2017-5,E01015805,B18,1,1,1.0
2017-5,E01015806,B18,1,1,1.0
2017-5,E01015807,B1,1,1,1.0
2017-5,E01015808,B1,1,1,1.0
2017-5,E01015811,B19,1,1,1.0
2017-5,E01015812,B16,1,1,1.0
2017-5,E01015819,B1,1,1,1.0
2017-5,E01015834,B16,1,1,1.0
2017-5,E01015835,B26,1,1,1.0
2017-5,E01015843,B26,1,1,1.0
2017-5,E01015849,B1,5,1,5.0
2017-5,E01015852,B16,1,1,1.0
2017-5,E01015857,B26,1,1,1.0
2017-5,E01015858,B16,1,1,1.0
2017-5,E01015863,B16,1,1,1.0
2017-5,E01015869,B18,1,1,1.0
2017-5,E01015880,B26,1,1,1.0
2017-5,E01015884,B16,1,1,1.0
2017-5,E01015901,B26,1,1,1.0
2017-5,E01015907,B26,1,1,1.0
2017-5,E01015923,B16,1,1,1.0
2017-5,E01015924,B1,1,1,1.0
2017-5,E01015924,B25,1,1,1.0
2017-5,E01015932,B25,1,1,1.0
2017-5,E01015937,B6,1,1,1.0
2017-5,E01015942,B24,1,1,1.0
2017-5,E01015946,B15,1,1,1.0
2017-5,E01015948,B15,1,1,1.0
2017-5,E01015948,B16,1,1,1.0
2017-5,E01015948,B19,1,1,1.0
2017-5,E01015950,B13,1,1,1.0
2017-5,E01015970,B26,1,1,1.0
2017-5,E01015979,B1,1,1,1.0
2017-5,E01015979,B13,2,2,1.0
2017-5,E01015983,B26,1,1,1.0
2017-5,E01015992,B13,1,1,1.0
2017-5,E01015992,B19,1,1,1.0
2017-5,E01016000,B13,1,1,1.0
2017-5,E01016001,B6,1,1,1.0
2017-5,E01016002,B13,1,1,1.0
2017-5,E01016002,B19,1,1,1.0
2017-5,E01016002,B28,1,1,1.0
2017-5,E01016007,B18,1,1,1.0
2017-5,E01016009,B1,1,1,1.0
2017-5,E01016012,B19,1,1,1.0
2017-5,E01016012,B26,1,1,1.0
2017-5,E01016013,B19,1,1,1.0
2017-5,E01016018,B13,1,1,1.0
2017-5,E01016018,B26,1,1,1.0
2017-5,E01016021,B25,1,1,1.0
2017-5,E01016023,B1,1,1,1.0
2017-5,E01016023,B13,1,1,1.0
2017-5,E01016024,B18,1,1,1.0
2017-5,E01016026,B15,1,1,1.0
2017-5,E01016030,B16,1,1,1.0
2017-5,E01016035,B16,1,1,1.0
2017-5,E01016035,B26,2,1,2.0
2017-5,E01016036,B26,2,2,1.0
2017-5,E01016042,B16,1,1,1.0
2017-5,E01016042,B18,1,1,1.0
2017-5,E01016046,B16,1,1,1.0
2017-5,E01016048,B25,1,1,1.0
2017-5,E01016049,B13,1,1,1.0
2017-5,E01016058,B18,1,1,1.0
2017-5,E01016058,B19,1,1,1.0
2017-5,E01016064,B16,1,1,1.0
2017-5,E01016064,B19,3,1,3.0
2017-5,E01016064,B26,1,1,1.0
2017-5,E01016081,B25,1,1,1.0
2017-5,E01016083,B26,1,1,1.0
2017-5,E01016089,B13,1,1,1.0
2017-5,E01016089,B15,1,1,1.0
2017-5,E01016101,B28,1,1,1.0
2017-5,E01016102,B26,1,1,1.0
2017-5,E01016120,B13,2,1,2.0
2017-5,E01016122,B13,1,1,1.0
2017-5,E01016127,B25,1,1,1.0
2017-5,E01016136,B26,1,1,1.0
2017-5,E01016150,B16,1,1,1.0
2017-5,E01016158,B13,1,1,1.0
2017-5,E01016160,B17,1,1,1.0
2017-5,E01016166,B1,1,1,1.0
2017-5,E01016167,B1,1,1,1.0
2017-5,E01016167,B18,1,1,1.0
2017-5,E01016168,B26,1,1,1.0
2017-5,E01016169,B25,1,1,1.0
2017-5,E01016172,B19,1,1,1.0
2017-5,E01016177,B18,1,1,1.0
2017-5,E01016184,B13,1,1,1.0
2017-5,E01016184,B15,3,1,3.0
2017-5,E01016185,B18,1,1,1.0
2017-5,E01016186,B25,2,2,1.0
2017-5,E01016191,B1,1,1,1.0
2017-5,E01016196,B13,1,1,1.0
2017-5,E01016209,B13,1,1,1.0
2017-5,E01016209,B25,1,1,1.0
2017-5,E01016209,B28,1,1,1.0
2017-5,E01016242,B19,1,1,1.0
2017-5,E01016247,B18,1,1,1.0
2017-5,E01016249,B19,1,1,1.0
2017-5,E01016252,B13,1,1,1.0
2017-5,E01016252,B25,1,1,1.0
2017-5,E01016254,B23,1,1,1.0
2017-5,E01016264,B25,2,2,1.0
2017-5,E01016265,B25,1,1,1.0
2017-5,E01016270,B23,1,1,1.0
2017-5,E01016270,B25,1,1,1.0
2017-5,E01016278,B25,1,1,1.0
2017-5,E01016281,B25,1,1,1.0
2017-5,E01016282,B23,1,1,1.0
2017-5,E01016282,B25,1,1,1.0
2017-5,E01016286,B23,1,1,1.0
2017-5,E01016293,B23,1,1,1.0
2017-5,E01016307,B25,1,1,1.0
2017-5,E01016308,B17,2,1,2.0
2017-5,E01016308,B23,1,1,1.0
2017-5,E01016314,B25,1,1,1.0
2017-5,E01016316,B23,1,1,1.0
2017-5,E01016328,B7,1,1,1.0
2017-5,E01016329,B23,1,1,1.0
2017-5,E01016333,B25,1,1,1.0
2017-5,E01016337,B25,2,1,2.0
2017-5,E01016344,B23,1,1,1.0
2017-5,E01016346,B23,1,1,1.0
2017-5,E01016349,B25,1,1,1.0
2017-5,E01016355,B25,1,1,1.0
2017-5,E01016356,B13,1,1,1.0
2017-5,E01016356,B26,1,1,1.0
2017-5,E01016357,B13,1,1,1.0
2017-5,E01016360,B24,1,1,1.0
2017-5,E01016362,B26,1,1,1.0
2017-5,E01016364,B24,1,1,1.0
2017-5,E01016365,B1,1,1,1.0
2017-5,E01016365,B14,1,1,1.0
2017-5,E01016370,B19,1,1,1.0
2017-5,E01016376,B26,1,1,1.0
2017-5,E01016377,B26,1,1,1.0
2017-5,E01016379,B24,1,1,1.0
2017-5,E01016379,B26,3,2,1.5
2017-5,E01016380,B26,1,1,1.0
2017-5,E01016383,B16,1,1,1.0
2017-5,E01016386,B26,1,1,1.0
2017-5,E01016387,B24,1,1,1.0
2017-5,E01016388,B17,1,1,1.0
2017-5,E01016392,B17,1,1,1.0
2017-5,E01016398,B18,1,1,1.0
2017-5,E01016399,B16,1,1,1.0
2017-5,E01016407,B16,1,1,1.0
2017-5,E01016410,B13,1,1,1.0
2017-5,E01016410,B19,1,1,1.0
2017-5,E01016410,B27,1,1,1.0
2017-5,E01016411,B16,4,3,1.3333333333333333
2017-5,E01016413,B17,1,1,1.0
2017-5,E01016414,B24,1,1,1.0
2017-5,E01016415,B26,1,1,1.0
2017-5,E01016418,B26,1,1,1.0
2017-5,E01016419,B15,1,1,1.0
2017-5,E01016421,B13,1,1,1.0
2017-5,E01016422,B19,1,1,1.0
2017-5,E01016423,B19,1,1,1.0
2017-5,E01016426,B1,1,1,1.0
2017-5,E01016426,B13,1,1,1.0
2017-5,E01016429,B25,1,1,1.0
2017-5,E01016431,B16,1,1,1.0
2017-5,E01016434,B26,1,1,1.0
2017-5,E01016437,B16,1,1,1.0
2017-5,E01016439,B24,1,1,1.0
2017-5,E01016439,B25,1,1,1.0
2017-5,E01016440,B16,1,1,1.0
2017-5,E01016450,B6,1,1,1.0
2017-5,E01016453,B25,1,1,1.0
2017-5,E01016462,B1,1,1,1.0
2017-5,E01016463,B26,1,1,1.0
2017-5,E01016467,B18,1,1,1.0
2017-5,E01016473,B25,3,1,3.0
2017-5,E01016474,B16,1,1,1.0
2017-5,E01016475,B24,1,1,1.0
2017-5,E01016476,B19,1,1,1.0
2017-5,E01016480,B18,1,1,1.0
2017-5,E01016480,B25,1,1,1.0
2017-5,E01016485,B18,2,1,2.0
2017-5,E01016485,B25,1,1,1.0
2017-5,E01016486,B16,3,1,3.0
2017-5,E01016486,B24,1,1,1.0
2017-5,E01016495,B18,1,1,1.0
2017-5,E01016497,B28,1,1,1.0
2017-5,E01016500,B1,1,1,1.0
2017-5,E01016504,B28,1,1,1.0
2017-5,E01016505,B19,1,1,1.0
2017-5,E01016509,B13,1,1,1.0
2017-5,E01016509,B18,1,1,1.0
2017-5,E01016521,B19,1,1,1.0
2017-5,E01016523,B28,1,1,1.0
2017-5,E01016525,B28,2,2,1.0
2017-5,E01016532,B13,1,1,1.0
2017-5,E01016533,B13,1,1,1.0
2017-5,E01016533,B28,1,1,1.0
2017-5,E01016535,B28,1,1,1.0
2017-5,E01016541,B28,1,1,1.0
2017-5,E01016542,B28,1,1,1.0
2017-5,E01016545,B15,1,1,1.0
2017-5,E01016548,B28,1,1,1.0
2017-5,E01016561,B25,1,1,1.0
2017-5,E01016562,B28,1,1,1.0
2017-5,E01016563,B18,1,1,1.0
2017-5,E01016563,B28,1,1,1.0
2017-5,E01016565,B26,1,1,1.0
2017-5,E01016571,B13,1,1,1.0
2017-5,E01016577,B1,1,1,1.0
2017-5,E01016577,B26,1,1,1.0
2017-5,E01016581,B13,1,1,1.0
2017-5,E01016586,B18,1,1,1.0
2017-5,E01016587,B17,1,1,1.0
2017-5,E01016587,B18,1,1,1.0
2017-5,E01016588,B19,1,1,1.0
2017-5,E01016591,B19,1,1,1.0
2017-5,E01016592,B19,1,1,1.0
2017-5,E01016597,B19,1,1,1.0
2017-5,E01016603,B13,1,1,1.0
2017-5,E01016604,B13,1,1,1.0
2017-5,E01016604,B25,1,1,1.0
2017-5,E01016606,B24,1,1,1.0
2017-5,E01016606,B28,1,1,1.0
2017-5,E01016608,B13,1,1,1.0
2017-5,E01016611,B16,1,1,1.0
2017-5,E01016611,B26,1,1,1.0
2017-5,E01016612,B28,1,1,1.0
2017-5,E01016613,B26,1,1,1.0
2017-5,E01016615,B18,1,1,1.0
2017-5,E01016624,B28,1,1,1.0
2017-5,E01016626,B14,1,1,1.0
2017-5,E01016628,B19,1,1,1.0
2017-5,E01016631,B19,1,1,1.0
2017-5,E01016633,B28,3,2,1.5
2017-5,E01016634,B13,1,1,1.0
2017-5,E01016634,B24,1,1,1.0
2017-5,E01016640,B26,1,1,1.0
2017-5,E01016641,B13,1,1,1.0
2017-5,E01016641,B26,1,1,1.0
2017-5,E01016664,B28,1,1,1.0
2017-5,E01016666,B25,1,1,1.0
2017-5,E01016671,B13,1,1,1.0
2017-5,E01016675,B26,1,1,1.0
2017-5,E01016677,B17,1,1,1.0
2017-5,E01016678,B13,1,1,1.0
2017-5,E01016678,B16,1,1,1.0
2017-5,E01016679,B13,1,1,1.0
2017-5,E01016682,B1,1,1,1.0
2017-5,E01016682,B16,1,1,1.0
2017-5,E01016682,B26,2,2,1.0
2017-5,E01016683,B13,1,1,1.0
2017-5,E01016683,B15,1,1,1.0
2017-5,E01016686,B27,1,1,1.0
2017-5,E01016691,B13,1,1,1.0
2017-5,E01016694,B24,1,1,1.0
2017-5,E01016696,B15,1,1,1.0
2017-5,E01016696,B26,1,1,1.0
2017-5,E01016700,B13,1,1,1.0
2017-5,E01016700,B19,1,1,1.0
2017-5,E01016701,B18,1,1,1.0
2017-5,E01016702,B24,1,1,1.0
2017-5,E01016705,B24,2,2,1.0
2017-5,E01016705,B26,1,1,1.0
2017-5,E01016724,B25,1,1,1.0
2017-5,E01016773,B25,1,1,1.0
2017-5,E01016783,B26,1,1,1.0
2017-5,E01016791,B28,1,1,1.0
2017-5,E01016811,B25,1,1,1.0
2017-5,E01016845,B13,1,1,1.0
2017-5,E01016849,B16,1,1,1.0
2017-5,E01016851,B1,1,1,1.0
2017-5,E01016855,B25,1,1,1.0
2017-5,E01016863,B1,2,1,2.0
2017-5,E01016899,B17,1,1,1.0
2017-5,E01016903,B18,1,1,1.0
2017-5,E01016909,B26,1,1,1.0
2017-5,E01016911,B26,1,1,1.0
2017-5,E01016915,B26,3,2,1.5
2017-5,E01016926,B1,2,1,2.0
2017-5,E01016926,B25,1,1,1.0
2017-5,E01016926,B26,1,1,1.0
2017-5,E01016927,B25,1,1,1.0
2017-5,E01016930,B16,1,1,1.0
2017-5,E01016930,B17,1,1,1.0
2017-5,E01016930,B24,1,1,1.0
2017-5,E01016930,B25,1,1,1.0
2017-5,E01016930,B26,2,2,1.0
2017-5,E01016937,B16,1,1,1.0
2017-5,E01016943,B26,1,1,1.0
2017-5,E01016944,B26,1,1,1.0
2017-5,E01016949,B25,1,1,1.0
2017-5,E01016952,B1,1,1,1.0
2017-5,E01016953,B28,1,1,1.0
2017-5,E01016957,B1,1,1,1.0
2017-5,E01016957,B16,1,1,1.0
2017-5,E01016960,B26,2,1,2.0
2017-5,E01016963,B26,1,1,1.0
2017-5,E01016969,B18,1,1,1.0
2017-5,E01016969,B25,1,1,1.0
2017-5,E01016969,B7,1,1,1.0
2017-5,E01016970,B16,1,1,1.0
2017-5,E01016974,B24,1,1,1.0
2017-5,E01016980,B16,1,1,1.0
2017-5,E01016995,B25,1,1,1.0
2017-5,E01017009,B28,1,1,1.0
2017-5,E01017012,B1,1,1,1.0
2017-5,E01017013,B18,1,1,1.0
2017-5,E01017014,B18,1,1,1.0
2017-5,E01017015,B18,1,1,1.0
2017-5,E01017021,B26,1,1,1.0
2017-5,E01017024,B18,1,1,1.0
2017-5,E01017040,B28,1,1,1.0
2017-5,E01017055,B1,1,1,1.0
2017-5,E01017062,B19,1,1,1.0
2017-5,E01017080,B1,1,1,1.0
2017-5,E01017090,B18,1,1,1.0
2017-5,E01017091,B13,1,1,1.0
2017-5,E01017092,B28,1,1,1.0
2017-5,E01017105,B18,1,1,1.0
2017-5,E01017112,B24,1,1,1.0
2017-5,E01017113,B19,1,1,1.0
2017-5,E01017117,B18,1,1,1.0
2017-5,E01017118,B18,1,1,1.0
2017-5,E01017125,B16,1,1,1.0
2017-5,E01017132,B19,1,1,1.0
2017-5,E01017140,B16,1,1,1.0
2017-5,E01017140,B25,1,1,1.0
2017-5,E01017142,B25,1,1,1.0
2017-5,E01017146,B25,1,1,1.0
2017-5,E01017147,B17,1,1,1.0
2017-5,E01017147,B25,1,1,1.0
2017-5,E01017148,B26,1,1,1.0
2017-5,E01017149,B25,1,1,1.0
2017-5,E01017151,B25,4,1,4.0
2017-5,E01017152,B24,1,1,1.0
2017-5,E01017154,B18,1,1,1.0
2017-5,E01017155,B16,1,1,1.0
2017-5,E01017155,B26,1,1,1.0
2017-5,E01017158,B26,1,1,1.0
2017-5,E01017160,B13,1,1,1.0
2017-5,E01017160,B16,1,1,1.0
2017-5,E01017160,B17,1,1,1.0
2017-5,E01017160,B18,1,1,1.0
2017-5,E01017160,B24,1,1,1.0
2017-5,E01017160,B26,1,1,1.0
2017-5,E01017163,B23,1,1,1.0
2017-5,E01017165,B25,1,1,1.0
2017-5,E01017170,B18,1,1,1.0
2017-5,E01017171,B18,1,1,1.0
2017-5,E01017172,B24,1,1,1.0
2017-5,E01017174,B19,1,1,1.0
2017-5,E01017174,B25,2,1,2.0
2017-5,E01017175,B17,1,1,1.0
2017-5,E01017177,B17,2,1,2.0
2017-5,E01017180,B16,1,1,1.0
2017-5,E01017180,B17,8,1,8.0
2017-5,E01017180,B26,2,2,1.0
2017-5,E01017181,B26,1,1,1.0
2017-5,E01017183,B18,1,1,1.0
2017-5,E01017186,B18,1,1,1.0
2017-5,E01017187,B19,1,1,1.0
2017-5,E01017191,B26,1,1,1.0
2017-5,E01017194,B26,1,1,1.0
2017-5,E01017197,B13,1,1,1.0
2017-5,E01017197,B25,2,1,2.0
2017-5,E01017200,B18,1,1,1.0
2017-5,E01017200,B26,1,1,1.0
2017-5,E01017202,B16,1,1,1.0
2017-5,E01017203,B16,1,1,1.0
2017-5,E01017208,B25,1,1,1.0
2017-5,E01017222,B25,1,1,1.0
2017-5,E01017226,B18,1,1,1.0
2017-5,E01017227,B16,1,1,1.0
2017-5,E01017228,B26,5,1,5.0
2017-5,E01017234,B18,2,2,1.0
2017-5,E01017234,B25,1,1,1.0
2017-5,E01017237,B25,1,1,1.0
2017-5,E01017241,B16,1,1,1.0
2017-5,E01017241,B26,5,2,2.5
2017-5,E01017247,B18,1,1,1.0
2017-5,E01017247,B25,2,1,2.0
2017-5,E01017250,B17,1,1,1.0
2017-5,E01017252,B13,1,1,1.0
2017-5,E01017252,B18,1,1,1.0
2017-5,E01017254,B26,1,1,1.0
2017-5,E01017255,B25,1,1,1.0
2017-5,E01017264,B26,1,1,1.0
2017-5,E01017265,B19,1,1,1.0
2017-5,E01017277,B13,1,1,1.0
2017-5,E01017283,B26,1,1,1.0
2017-5,E01017289,B26,1,1,1.0
2017-5,E01017297,B1,1,1,1.0
2017-5,E01017298,B19,1,1,1.0
2017-5,E01017308,B26,1,1,1.0
2017-5,E01017312,B19,1,1,1.0
2017-5,E01017334,B13,1,1,1.0
2017-5,E01017336,B13,1,1,1.0
2017-5,E01017371,B1,1,1,1.0
2017-5,E01017374,B1,1,1,1.0
2017-5,E01017375,B25,1,1,1.0
2017-5,E01017398,B25,1,1,1.0
2017-5,E01017404,B26,1,1,1.0
2017-5,E01017410,B1,1,1,1.0
2017-5,E01017412,B25,3,1,3.0
2017-5,E01017415,B24,1,1,1.0
2017-5,E01017419,B1,1,1,1.0
2017-5,E01017424,B18,1,1,1.0
2017-5,E01017425,B19,1,1,1.0
2017-5,E01017426,B13,1,1,1.0
2017-5,E01017429,B28,1,1,1.0
2017-5,E01017435,B17,1,1,1.0
2017-5,E01017435,B25,1,1,1.0
2017-5,E01017450,B1,1,1,1.0
2017-5,E01017450,B28,1,1,1.0
2017-5,E01017457,B19,1,1,1.0
2017-5,E01017461,B18,1,1,1.0
2017-5,E01017466,B26,1,1,1.0
2017-5,E01017470,B1,1,1,1.0
2017-5,E01017474,B25,1,1,1.0
2017-5,E01017475,B25,1,1,1.0
2017-5,E01017476,B25,6,1,6.0
2017-5,E01017482,B1,2,1,2.0
2017-5,E01017486,B13,1,1,1.0
2017-5,E01017486,B25,2,1,2.0
2017-5,E01017495,B13,1,1,1.0
2017-5,E01017495,B28,1,1,1.0
2017-5,E01017495,B6,2,1,2.0
2017-5,E01017504,B25,1,1,1.0
2017-5,E01017504,B26,1,1,1.0
2017-5,E01017504,B28,1,1,1.0
2017-5,E01017505,B16,1,1,1.0
2017-5,E01017505,B18,1,1,1.0
2017-5,E01017507,B13,1,1,1.0
2017-5,E01017509,B25,1,1,1.0
2017-5,E01017516,B1,1,1,1.0
2017-5,E01017516,B17,1,1,1.0
2017-5,E01017520,B19,1,1,1.0
2017-5,E01017520,B26,1,1,1.0
2017-5,E01017522,B25,2,1,2.0
2017-5,E01017538,B25,1,1,1.0
2017-5,E01017540,B13,1,1,1.0
2017-5,E01017544,B25,1,1,1.0
2017-5,E01017545,B13,1,1,1.0
2017-5,E01017547,B25,1,1,1.0
2017-5,E01017547,B26,1,1,1.0
2017-5,E01017550,B25,2,1,2.0
2017-5,E01017555,B25,1,1,1.0
2017-5,E01017565,B19,1,1,1.0
2017-5,E01017566,B13,1,1,1.0
2017-5,E01017566,B24,1,1,1.0
2017-5,E01017571,B19,1,1,1.0
2017-5,E01017571,B25,2,2,1.0
2017-5,E01017572,B25,2,2,1.0
2017-5,E01017576,B1,1,1,1.0
2017-5,E01017578,B1,1,1,1.0
2017-5,E01017578,B18,1,1,1.0
2017-5,E01017580,B15,1,1,1.0
2017-5,E01017586,B26,1,1,1.0
2017-5,E01017587,B18,1,1,1.0
2017-5,E01017588,B26,1,1,1.0
2017-5,E01017589,B13,2,2,1.0
2017-5,E01017599,B19,1,1,1.0
2017-5,E01017600,B15,2,1,2.0
2017-5,E01017604,B16,1,1,1.0
2017-5,E01017608,B16,1,1,1.0
2017-5,E01017611,B25,1,1,1.0
2017-5,E01017614,B25,1,1,1.0
2017-5,E01017616,B13,3,2,1.5
2017-5,E01017616,B26,1,1,1.0
2017-5,E01017619,B19,1,1,1.0
2017-5,E01017628,B19,1,1,1.0
2017-5,E01017632,B13,1,1,1.0
2017-5,E01017639,B19,1,1,1.0
2017-5,E01017640,B13,1,1,1.0
2017-5,E01017642,B25,1,1,1.0
2017-5,E01017643,B25,2,2,1.0
2017-5,E01017646,B18,1,1,1.0
2017-5,E01017646,B28,1,1,1.0
2017-5,E01017648,B26,1,1,1.0
2017-5,E01017648,B28,1,1,1.0
2017-5,E01017650,B28,1,1,1.0
2017-5,E01017660,B18,1,1,1.0
2017-5,E01017663,B14,1,1,1.0
2017-5,E01017663,B18,1,1,1.0
2017-5,E01017669,B25,2,1,2.0
2017-5,E01017677,B25,2,2,1.0
2017-5,E01017680,B25,1,1,1.0
2017-5,E01017681,B24,1,1,1.0
2017-5,E01017693,B25,1,1,1.0
2017-5,E01017694,B25,1,1,1.0
2017-5,E01017703,B24,1,1,1.0
2017-5,E01017703,B25,1,1,1.0
2017-5,E01017704,B13,1,1,1.0
2017-5,E01017704,B6,1,1,1.0
2017-5,E01017707,B18,1,1,1.0
2017-5,E01017714,B25,1,1,1.0
2017-5,E01017720,B25,1,1,1.0
2017-5,E01017724,B1,1,1,1.0
2017-5,E01017724,B28,1,1,1.0
2017-5,E01017726,B26,1,1,1.0
2017-5,E01017729,B19,1,1,1.0
2017-5,E01017731,B25,1,1,1.0
2017-5,E01017733,B25,1,1,1.0
2017-5,E01017735,B25,1,1,1.0
2017-5,E01017739,B25,1,1,1.0
2017-5,E01017741,B24,1,1,1.0
2017-5,E01017742,B15,1,1,1.0
2017-5,E01017745,B19,1,1,1.0
2017-5,E01017745,B26,1,1,1.0
2017-5,E01017748,B28,1,1,1.0
2017-5,E01017749,B19,1,1,1.0
2017-5,E01017749,B28,1,1,1.0
2017-5,E01017750,B25,1,1,1.0
2017-5,E01017751,B25,3,1,3.0
2017-5,E01017755,B18,1,1,1.0
2017-5,E01017757,B26,1,1,1.0
2017-5,E01017761,B16,1,1,1.0
2017-5,E01017761,B25,1,1,1.0
2017-5,E01017767,B18,1,1,1.0
2017-5,E01017767,B19,1,1,1.0
2017-5,E01017767,B25,2,1,2.0
2017-5,E01017768,B25,1,1,1.0
2017-5,E01017768,B28,1,1,1.0
2017-5,E01017770,B26,1,1,1.0
2017-5,E01017773,B19,1,1,1.0
2017-5,E01017781,B24,1,1,1.0
2017-5,E01017782,B16,1,1,1.0
2017-5,E01017783,B25,3,2,1.5
2017-5,E01017784,B13,1,1,1.0
2017-5,E01017784,B25,1,1,1.0
2017-5,E01017786,B19,1,1,1.0
2017-5,E01017788,B25,1,1,1.0
2017-5,E01017792,B19,1,1,1.0
2017-5,E01017798,B25,2,2,1.0
2017-5,E01017800,B25,3,1,3.0
2017-5,E01017803,B13,1,1,1.0
2017-5,E01017804,B15,2,1,2.0
2017-5,E01017804,B17,1,1,1.0
2017-5,E01017804,B25,2,1,2.0
2017-5,E01017805,B25,1,1,1.0
2017-5,E01017806,B1,1,1,1.0
2017-5,E01017806,B25,1,1,1.0
2017-5,E01017807,B19,1,1,1.0
2017-5,E01017808,B14,1,1,1.0
2017-5,E01017808,B25,1,1,1.0
2017-5,E01017811,B26,1,1,1.0
2017-5,E01017813,B25,1,1,1.0
2017-5,E01017815,B13,1,1,1.0
2017-5,E01017815,B25,1,1,1.0
2017-5,E01017817,B25,2,2,1.0
2017-5,E01017818,B25,1,1,1.0
2017-5,E01017820,B25,3,1,3.0
2017-5,E01017821,B25,1,1,1.0
2017-5,E01017823,B26,1,1,1.0
2017-5,E01017825,B13,1,1,1.0
2017-5,E01017825,B17,1,1,1.0
2017-5,E01017825,B24,1,1,1.0
2017-5,E01017825,B25,1,1,1.0
2017-5,E01017826,B25,1,1,1.0
2017-5,E01017827,B13,1,1,1.0
2017-5,E01017827,B24,2,1,2.0
2017-5,E01017828,B24,1,1,1.0
2017-5,E01017829,B16,3,2,1.5
2017-5,E01017829,B25,2,2,1.0
2017-5,E01017829,B26,1,1,1.0
2017-5,E01017830,B25,1,1,1.0
2017-5,E01017831,B25,1,1,1.0
2017-5,E01017833,B17,1,1,1.0
2017-5,E01017833,B25,2,1,2.0
2017-5,E01017834,B24,1,1,1.0
2017-5,E01017834,B25,3,3,1.0
2017-5,E01017834,B26,2,1,2.0
2017-5,E01017835,B24,2,2,1.0
2017-5,E01017835,B25,3,2,1.5
2017-5,E01017838,B17,2,1,2.0
2017-5,E01017838,B18,2,1,2.0
2017-5,E01017842,B15,1,1,1.0
2017-5,E01017842,B24,1,1,1.0
2017-5,E01017842,B4,1,1,1.0
2017-5,E01017843,B19,1,1,1.0
2017-5,E01017843,B26,1,1,1.0
2017-5,E01017844,B25,1,1,1.0
2017-5,E01017849,B13,1,1,1.0
2017-5,E01017849,B25,1,1,1.0
2017-5,E01017850,B24,1,1,1.0
2017-5,E01017851,B26,1,1,1.0
2017-5,E01017855,B19,1,1,1.0
2017-5,E01017858,B19,1,1,1.0
2017-5,E01017866,B24,3,1,3.0
2017-5,E01017866,B26,2,1,2.0
2017-5,E01017866,B28,1,1,1.0
2017-5,E01017871,B13,1,1,1.0
2017-5,E01017877,B26,2,1,2.0
2017-5,E01017886,B26,1,1,1.0
2017-5,E01017889,B24,1,1,1.0
2017-5,E01017891,B19,1,1,1.0
2017-5,E01017892,B25,1,1,1.0
2017-5,E01017892,B27,1,1,1.0
2017-5,E01017893,B13,1,1,1.0
2017-5,E01017893,B19,1,1,1.0
2017-5,E01017893,B25,1,1,1.0
2017-5,E01017894,B25,1,1,1.0
2017-5,E01017894,B27,1,1,1.0
2017-5,E01017895,B13,2,1,2.0
2017-5,E01017895,B19,1,1,1.0
2017-5,E01017895,B25,2,1,2.0
2017-5,E01017895,B28,1,1,1.0
2017-5,E01017896,B16,1,1,1.0
2017-5,E01017896,B24,1,1,1.0
2017-5,E01017897,B19,2,1,2.0
2017-5,E01017897,B24,1,1,1.0
2017-5,E01017897,B25,1,1,1.0
2017-5,E01017897,B27,1,1,1.0
2017-5,E01017898,B18,1,1,1.0
2017-5,E01017898,B28,1,1,1.0
2017-5,E01017907,B28,2,2,1.0
2017-5,E01017911,B25,1,1,1.0
2017-5,E01017916,B25,1,1,1.0
2017-5,E01017916,B26,5,2,2.5
2017-5,E01017917,B25,1,1,1.0
2017-5,E01017934,B25,1,1,1.0
2017-5,E01017937,B25,1,1,1.0
2017-5,E01017939,B25,1,1,1.0
2017-5,E01017940,B25,1,1,1.0
2017-5,E01017941,B25,1,1,1.0
2017-5,E01017945,B16,1,1,1.0
2017-5,E01017987,B1,1,1,1.0
2017-5,E01018007,B26,1,1,1.0
2017-5,E01018011,B26,1,1,1.0
2017-5,E01018019,B1,1,1,1.0
2017-5,E01018024,B26,1,1,1.0
2017-5,E01018035,B1,1,1,1.0
2017-5,E01018083,B16,1,1,1.0
2017-5,E01018128,B26,1,1,1.0
2017-5,E01018133,B17,1,1,1.0
2017-5,E01018221,B17,1,1,1.0
2017-5,E01018237,B26,1,1,1.0
2017-5,E01018259,B1,1,1,1.0
2017-5,E01018277,B27,1,1,1.0
2017-5,E01018293,B18,3,1,3.0
2017-5,E01018295,B18,1,1,1.0
2017-5,E01018297,B25,1,1,1.0
2017-5,E01018312,B27,1,1,1.0
2017-5,E01018333,B19,1,1,1.0
2017-5,E01018334,B15,1,1,1.0
2017-5,E01018335,B15,1,1,1.0
2017-5,E01018335,B24,1,1,1.0
2017-5,E01018335,B26,1,1,1.0
2017-5,E01018337,B19,1,1,1.0
2017-5,E01018337,B25,1,1,1.0
2017-5,E01018339,B24,1,1,1.0
2017-5,E01018350,B13,1,1,1.0
2017-5,E01018350,B19,1,1,1.0
2017-5,E01018360,B13,1,1,1.0
2017-5,E01018360,B26,1,1,1.0
2017-5,E01018367,B26,1,1,1.0
2017-5,E01018390,B19,1,1,1.0
2017-5,E01018390,B25,1,1,1.0
2017-5,E01018407,B1,1,1,1.0
2017-5,E01018420,B16,1,1,1.0
2017-5,E01018425,B25,1,1,1.0
2017-5,E01018442,B19,1,1,1.0
2017-5,E01018447,B1,1,1,1.0
2017-5,E01018447,B26,2,1,2.0
2017-5,E01018449,B25,1,1,1.0
2017-5,E01018460,B16,1,1,1.0
2017-5,E01018460,B26,3,1,3.0
2017-5,E01018461,B17,1,1,1.0
2017-5,E01018461,B26,2,1,2.0
2017-5,E01018461,B28,1,1,1.0
2017-5,E01018462,B26,1,1,1.0
2017-5,E01018463,B16,1,1,1.0
2017-5,E01018463,B26,2,1,2.0
2017-5,E01018464,B16,1,1,1.0
2017-5,E01018471,B15,1,1,1.0
2017-5,E01018480,B25,1,1,1.0
2017-5,E01018481,B24,1,1,1.0
2017-5,E01018482,B19,1,1,1.0
2017-5,E01018487,B26,1,1,1.0
2017-5,E01018494,B16,1,1,1.0
2017-5,E01018503,B13,1,1,1.0
2017-5,E01018515,B24,1,1,1.0
2017-5,E01018527,B28,1,1,1.0
2017-5,E01018535,B28,1,1,1.0
2017-5,E01018552,B16,1,1,1.0
2017-5,E01018564,B26,1,1,1.0
2017-5,E01018565,B19,1,1,1.0
2017-5,E01018569,B25,1,1,1.0
2017-5,E01018572,B25,1,1,1.0
2017-5,E01018576,B28,1,1,1.0
2017-5,E01018579,B24,1,1,1.0
2017-5,E01018582,B24,1,1,1.0
2017-5,E01018582,B25,2,1,2.0
2017-5,E01018582,B28,1,1,1.0
2017-5,E01018584,B28,1,1,1.0
2017-5,E01018586,B26,1,1,1.0
2017-5,E01018587,B25,1,1,1.0
2017-5,E01018601,B25,2,1,2.0
2017-5,E01018602,B13,1,1,1.0
2017-5,E01018602,B25,2,1,2.0
2017-5,E01018616,B19,1,1,1.0
2017-5,E01018623,B6,1,1,1.0
2017-5,E01018624,B16,1,1,1.0
2017-5,E01018624,B24,1,1,1.0
2017-5,E01018631,B26,1,1,1.0
2017-5,E01018638,B28,1,1,1.0
2017-5,E01018649,B25,1,1,1.0
2017-5,E01018651,B16,1,1,1.0
2017-5,E01018651,B25,1,1,1.0
2017-5,E01018668,B24,1,1,1.0
2017-5,E01018668,B25,1,1,1.0
2017-5,E01018670,B24,1,1,1.0
2017-5,E01018680,B25,1,1,1.0
2017-5,E01018681,B19,1,1,1.0
2017-5,E01018683,B25,1,1,1.0
2017-5,E01018690,B26,1,1,1.0
2017-5,E01018707,B25,1,1,1.0
2017-5,E01018714,B17,1,1,1.0
2017-5,E01018718,B16,1,1,1.0
2017-5,E01018721,B13,1,1,1.0
2017-5,E01018722,B1,1,1,1.0
2017-5,E01018722,B26,1,1,1.0
2017-5,E01018725,B19,1,1,1.0
2017-5,E01018725,B25,1,1,1.0
2017-5,E01018728,B13,1,1,1.0
2017-5,E01018732,B28,1,1,1.0
2017-5,E01018733,B25,1,1,1.0
2017-5,E01018735,B14,1,1,1.0
2017-5,E01018735,B18,2,1,2.0
2017-5,E01018737,B26,1,1,1.0
2017-5,E01018746,B13,1,1,1.0
2017-5,E01018749,B1,1,1,1.0
2017-5,E01018771,B16,1,1,1.0
2017-5,E01018771,B19,1,1,1.0
2017-5,E01018779,B16,1,1,1.0
2017-5,E01018779,B25,1,1,1.0
2017-5,E01018804,B18,1,1,1.0
2017-5,E01018806,B26,2,1,2.0
2017-5,E01018807,B25,1,1,1.0
2017-5,E01018808,B25,1,1,1.0
2017-5,E01018815,B16,1,1,1.0
2017-5,E01018817,B13,1,1,1.0
2017-5,E01018817,B24,1,1,1.0
2017-5,E01018822,B19,1,1,1.0
2017-5,E01018831,B16,1,1,1.0
2017-5,E01018861,B25,1,1,1.0
2017-5,E01018867,B15,1,1,1.0
2017-5,E01018868,B13,1,1,1.0
2017-5,E01018915,B18,2,1,2.0
2017-5,E01018922,B25,1,1,1.0
2017-5,E01018927,B19,1,1,1.0
2017-5,E01018929,B19,1,1,1.0
2017-5,E01018930,B25,1,1,1.0
2017-5,E01018934,B26,1,1,1.0
2017-5,E01018935,B25,1,1,1.0
2017-5,E01018936,B24,1,1,1.0
2017-5,E01018937,B25,1,1,1.0
2017-5,E01018944,B13,2,1,2.0
2017-5,E01018944,B16,1,1,1.0
2017-5,E01018945,B26,1,1,1.0
2017-5,E01018949,B26,1,1,1.0
2017-5,E01018955,B13,1,1,1.0
2017-5,E01018957,B24,1,1,1.0
2017-5,E01018966,B16,1,1,1.0
2017-5,E01018966,B25,1,1,1.0
2017-5,E01018985,B18,1,1,1.0
2017-5,E01018986,B19,2,1,2.0
2017-5,E01018988,B1,1,1,1.0
2017-5,E01018992,B1,1,1,1.0
2017-5,E01018996,B26,1,1,1.0
2017-5,E01019005,B13,1,1,1.0
2017-5,E01019005,B19,1,1,1.0
2017-5,E01019005,B6,1,1,1.0
2017-5,E01019007,B19,1,1,1.0
2017-5,E01019011,B16,1,1,1.0
2017-5,E01019011,B25,1,1,1.0
2017-5,E01019012,B16,1,1,1.0
2017-5,E01019029,B16,1,1,1.0
2017-5,E01019031,B1,1,1,1.0
2017-5,E01019031,B13,1,1,1.0
2017-5,E01019045,B16,1,1,1.0
2017-5,E01019045,B24,1,1,1.0
2017-5,E01019048,B17,1,1,1.0
2017-5,E01019070,B1,1,1,1.0
2017-5,E01019072,B1,1,1,1.0
2017-5,E01019076,B16,1,1,1.0
2017-5,E01019096,B13,1,1,1.0
2017-5,E01019097,B25,1,1,1.0
2017-5,E01019099,B18,1,1,1.0
2017-5,E01019100,B19,1,1,1.0
2017-5,E01019101,B1,1,1,1.0
2017-5,E01019111,B26,1,1,1.0
2017-5,E01019114,B25,1,1,1.0
2017-5,E01019115,B13,1,1,1.0
2017-5,E01019116,B16,1,1,1.0
2017-5,E01019138,B25,2,1,2.0
2017-5,E01019138,B26,3,1,3.0
2017-5,E01019171,B1,1,1,1.0
2017-5,E01019172,B19,1,1,1.0
2017-5,E01019206,B13,1,1,1.0
2017-5,E01019240,B25,1,1,1.0
2017-5,E01019249,B16,1,1,1.0
2017-5,E01019258,B25,1,1,1.0
2017-5,E01019260,B18,1,1,1.0
2017-5,E01019264,B18,1,1,1.0
2017-5,E01019265,B18,1,1,1.0
2017-5,E01019270,B19,1,1,1.0
2017-5,E01019270,B28,1,1,1.0
2017-5,E01019277,B15,1,1,1.0
2017-5,E01019277,B28,1,1,1.0
2017-5,E01019280,B13,1,1,1.0
2017-5,E01019280,B16,1,1,1.0
2017-5,E01019280,B19,1,1,1.0
2017-5,E01019282,B26,1,1,1.0
2017-5,E01019284,B19,1,1,1.0
2017-5,E01019302,B25,1,1,1.0
2017-5,E01019316,B25,1,1,1.0
2017-5,E01019349,B1,1,1,1.0
2017-5,E01019349,B14,1,1,1.0
2017-5,E01019379,B16,1,1,1.0
2017-5,E01019381,B13,1,1,1.0
2017-5,E01019402,B24,1,1,1.0
2017-5,E01019407,B18,1,1,1.0
2017-5,E01019429,B13,1,1,1.0
2017-5,E01019432,B19,1,1,1.0
2017-5,E01019436,B15,1,1,1.0
2017-5,E01019436,B18,1,1,1.0
2017-5,E01019438,B15,1,1,1.0
2017-5,E01019440,B25,1,1,1.0
2017-5,E01019440,B26,1,1,1.0
2017-5,E01019442,B25,1,1,1.0
2017-5,E01019453,B26,1,1,1.0
2017-5,E01019456,B25,1,1,1.0
2017-5,E01019457,B28,1,1,1.0
2017-5,E01019458,B19,1,1,1.0
2017-5,E01019462,B17,1,1,1.0
2017-5,E01019471,B26,1,1,1.0
2017-5,E01019475,B19,1,1,1.0
2017-5,E01019478,B19,1,1,1.0
2017-5,E01019487,B25,1,1,1.0
2017-5,E01019499,B14,1,1,1.0
2017-5,E01019500,B14,2,1,2.0
2017-5,E01019500,B16,1,1,1.0
2017-5,E01019500,B27,1,1,1.0
2017-5,E01019509,B28,1,1,1.0
2017-5,E01019524,B26,1,1,1.0
2017-5,E01019526,B25,1,1,1.0
2017-5,E01019546,B28,1,1,1.0
2017-5,E01019554,B24,1,1,1.0
2017-5,E01019557,B25,1,1,1.0
2017-5,E01019566,B25,1,1,1.0
2017-5,E01019567,B26,1,1,1.0
2017-5,E01019569,B25,1,1,1.0
2017-5,E01019579,B19,1,1,1.0
2017-5,E01019579,B26,1,1,1.0
2017-5,E01019593,B25,1,1,1.0
2017-5,E01019606,B26,1,1,1.0
2017-5,E01019614,B26,1,1,1.0
2017-5,E01019618,B26,1,1,1.0
2017-5,E01019624,B26,1,1,1.0
2017-5,E01019629,B25,1,1,1.0
2017-5,E01019635,B24,1,1,1.0
2017-5,E01019642,B21,1,1,1.0
2017-5,E01019666,B1,1,1,1.0
2017-5,E01019671,B28,1,1,1.0
2017-5,E01019683,B25,1,1,1.0
2017-5,E01019691,B26,1,1,1.0
2017-5,E01019704,B26,1,1,1.0
2017-5,E01019709,B26,1,1,1.0
2017-5,E01019723,B25,1,1,1.0
2017-5,E01019724,B28,1,1,1.0
2017-5,E01019727,B19,1,1,1.0
2017-5,E01019732,B25,1,1,1.0
2017-5,E01019736,B26,2,1,2.0
2017-5,E01019741,B25,1,1,1.0
2017-5,E01019742,B25,2,1,2.0
2017-5,E01019753,B25,1,1,1.0
2017-5,E01019753,B28,1,1,1.0
2017-5,E01019754,B19,2,1,2.0
2017-5,E01019761,B25,1,1,1.0
2017-5,E01019763,B26,1,1,1.0
2017-5,E01019770,B26,2,2,1.0
2017-5,E01019774,B13,1,1,1.0
2017-5,E01019775,B25,1,1,1.0
2017-5,E01019776,B25,1,1,1.0
2017-5,E01019783,B25,1,1,1.0
2017-5,E01019798,B25,1,1,1.0
2017-5,E01019806,B13,1,1,1.0
2017-5,E01019806,B25,1,1,1.0
2017-5,E01019815,B26,3,2,1.5
2017-5,E01019816,B26,1,1,1.0
2017-5,E01019824,B25,1,1,1.0
2017-5,E01019825,B13,1,1,1.0
2017-5,E01019830,B13,1,1,1.0
2017-5,E01019832,B26,1,1,1.0
2017-5,E01019834,B26,1,1,1.0
2017-5,E01019842,B19,1,1,1.0
2017-5,E01019863,B26,1,1,1.0
2017-5,E01019867,B16,1,1,1.0
2017-5,E01019874,B26,1,1,1.0
2017-5,E01019875,B28,3,1,3.0
2017-5,E01019877,B19,1,1,1.0
2017-5,E01019878,B26,1,1,1.0
2017-5,E01019881,B25,1,1,1.0
2017-5,E01019883,B19,1,1,1.0
2017-5,E01019883,B25,1,1,1.0
2017-5,E01019883,B26,1,1,1.0
2017-5,E01019890,B25,1,1,1.0
2017-5,E01019890,B26,1,1,1.0
2017-5,E01019897,B25,1,1,1.0
2017-5,E01019897,B26,1,1,1.0
2017-5,E01019898,B7,1,1,1.0
2017-5,E01019903,B17,1,1,1.0
2017-5,E01019903,B25,1,1,1.0
2017-5,E01019907,B17,1,1,1.0
2017-5,E01019911,B16,1,1,1.0
2017-5,E01019912,B14,1,1,1.0
2017-5,E01019916,B25,1,1,1.0
2017-5,E01019916,B7,5,1,5.0
2017-5,E01019918,B16,1,1,1.0
2017-5,E01019918,B7,2,1,2.0
2017-5,E01019919,B16,1,1,1.0
2017-5,E01019919,B26,1,1,1.0
2017-5,E01019919,B7,5,1,5.0
2017-5,E01019932,B25,1,1,1.0
2017-5,E01019935,B25,3,3,1.0
2017-5,E01019937,B23,1,1,1.0
2017-5,E01019937,B25,2,2,1.0
2017-5,E01019937,B7,2,2,1.0
2017-5,E01019938,B25,1,1,1.0
2017-5,E01019942,B25,1,1,1.0
2017-5,E01019944,B25,1,1,1.0
2017-5,E01019945,B25,1,1,1.0
2017-5,E01019951,B25,1,1,1.0
2017-5,E01019957,B25,1,1,1.0
2017-5,E01019961,B26,1,1,1.0
2017-5,E01019962,B25,1,1,1.0
2017-5,E01019964,B25,2,1,2.0
2017-5,E01019967,B24,1,1,1.0
2017-5,E01019967,B25,1,1,1.0
2017-5,E01019967,B7,2,1,2.0
2017-5,E01019970,B25,1,1,1.0
2017-5,E01019972,B17,1,1,1.0
2017-5,E01019988,B14,1,1,1.0
2017-5,E01019990,B26,1,1,1.0
2017-5,E01019990,B28,1,1,1.0
2017-5,E01020001,B25,1,1,1.0
2017-5,E01020002,B28,1,1,1.0
2017-5,E01020007,B25,1,1,1.0
2017-5,E01020013,B25,1,1,1.0
2017-5,E01020018,B14,2,1,2.0
2017-5,E01020023,B14,2,1,2.0
2017-5,E01020023,B24,1,1,1.0
2017-5,E01020025,B26,1,1,1.0
2017-5,E01020039,B25,3,1,3.0
2017-5,E01020040,B25,1,1,1.0
2017-5,E01020046,B25,1,1,1.0
2017-5,E01020052,B26,2,1,2.0
2017-5,E01020056,B17,1,1,1.0
2017-5,E01020064,B25,1,1,1.0
2017-5,E01020072,B7,1,1,1.0
2017-5,E01020075,B28,1,1,1.0
2017-5,E01020087,B24,1,1,1.0
2017-5,E01020093,B1,1,1,1.0
2017-5,E01020093,B7,1,1,1.0
2017-5,E01020095,B26,1,1,1.0
2017-5,E01020096,B26,1,1,1.0
2017-5,E01020096,B28,1,1,1.0
2017-5,E01020097,B16,1,1,1.0
2017-5,E01020097,B25,1,1,1.0
2017-5,E01020099,B18,2,1,2.0
2017-5,E01020099,B25,1,1,1.0
2017-5,E01020102,B26,1,1,1.0
2017-5,E01020104,B17,1,1,1.0
2017-5,E01020107,B26,1,1,1.0
2017-5,E01020108,B25,1,1,1.0
2017-5,E01020109,B16,1,1,1.0
2017-5,E01020111,B17,1,1,1.0
2017-5,E01020112,B16,1,1,1.0
2017-5,E01020112,B24,1,1,1.0
2017-5,E01020113,B17,1,1,1.0
2017-5,E01020113,B28,1,1,1.0
2017-5,E01020114,B17,1,1,1.0
2017-5,E01020115,B28,2,2,1.0
2017-5,E01020116,B17,1,1,1.0
2017-5,E01020116,B7,1,1,1.0
2017-5,E01020117,B25,1,1,1.0
2017-5,E01020119,B26,1,1,1.0
2017-5,E01020122,B25,1,1,1.0
2017-5,E01020123,B26,1,1,1.0
2017-5,E01020125,B28,1,1,1.0
2017-5,E01020125,B7,1,1,1.0
2017-5,E01020134,B17,1,1,1.0
2017-5,E01020142,B7,1,1,1.0
2017-5,E01020145,B17,1,1,1.0
2017-5,E01020148,B25,2,1,2.0
2017-5,E01020152,B1,1,1,1.0
2017-5,E01020152,B15,1,1,1.0
2017-5,E01020152,B16,1,1,1.0
2017-5,E01020152,B25,1,1,1.0
2017-5,E01020152,B26,3,1,3.0
2017-5,E01020157,B1,1,1,1.0
2017-5,E01020157,B25,5,3,1.6666666666666667
2017-5,E01020159,B25,3,2,1.5
2017-5,E01020174,B16,1,1,1.0
2017-5,E01020175,B25,1,1,1.0
2017-5,E01020176,B25,1,1,1.0
2017-5,E01020189,B26,1,1,1.0
2017-5,E01020190,B25,1,1,1.0
2017-5,E01020192,B25,1,1,1.0
2017-5,E01020195,B25,2,2,1.0
2017-5,E01020195,B7,1,1,1.0
2017-5,E01020200,B26,1,1,1.0
2017-5,E01020201,B17,1,1,1.0
2017-5,E01020202,B1,1,1,1.0
2017-5,E01020203,B17,2,1,2.0
2017-5,E01020205,B1,2,1,2.0
2017-5,E01020214,B25,3,2,1.5
2017-5,E01020217,B26,1,1,1.0
2017-5,E01020220,B18,1,1,1.0
2017-5,E01020224,B26,1,1,1.0
2017-5,E01020228,B25,1,1,1.0
2017-5,E01020230,B1,1,1,1.0
2017-5,E01020246,B25,1,1,1.0
2017-5,E01020261,B25,1,1,1.0
2017-5,E01020265,B18,1,1,1.0
2017-5,E01020267,B18,1,1,1.0
2017-5,E01020277,B7,1,1,1.0
2017-5,E01020279,B25,1,1,1.0
2017-5,E01020280,B18,1,1,1.0
2017-5,E01020282,B21,1,1,1.0
2017-5,E01020282,B25,1,1,1.0
2017-5,E01020287,B16,1,1,1.0
2017-5,E01020290,B25,3,3,1.0
2017-5,E01020291,B25,2,1,2.0
2017-5,E01020293,B25,2,1,2.0
2017-5,E01020293,B7,3,3,1.0
2017-5,E01020300,B26,1,1,1.0
2017-5,E01020301,B16,1,1,1.0
2017-5,E01020301,B25,1,1,1.0
2017-5,E01020301,B26,1,1,1.0
2017-5,E01020302,B25,7,3,2.3333333333333335
2017-5,E01020303,B26,2,1,2.0
2017-5,E01020307,B16,1,1,1.0
2017-5,E01020309,B25,1,1,1.0
2017-5,E01020311,B24,1,1,1.0
2017-5,E01020311,B26,1,1,1.0
2017-5,E01020315,B25,1,1,1.0
2017-5,E01020316,B25,2,1,2.0
2017-5,E01020317,B28,1,1,1.0
2017-5,E01020332,B16,1,1,1.0
2017-5,E01020341,B26,1,1,1.0
2017-5,E01020350,B17,1,1,1.0
2017-5,E01020352,B19,1,1,1.0
2017-5,E01020361,B13,1,1,1.0
2017-5,E01020361,B16,1,1,1.0
2017-5,E01020377,B25,1,1,1.0
2017-5,E01020389,B13,1,1,1.0
2017-5,E01020398,B25,1,1,1.0
2017-5,E01020398,B26,1,1,1.0
2017-5,E01020410,B13,1,1,1.0
2017-5,E01020427,B1,1,1,1.0
2017-5,E01020441,B19,2,1,2.0
2017-5,E01020448,B19,3,1,3.0
2017-5,E01020458,B19,2,2,1.0
2017-5,E01020465,B24,1,1,1.0
2017-5,E01020466,B13,1,1,1.0
2017-5,E01020466,B25,1,1,1.0
2017-5,E01020539,B24,1,1,1.0
2017-5,E01020539,B26,2,2,1.0
2017-5,E01020541,B13,1,1,1.0
2017-5,E01020555,B26,1,1,1.0
2017-5,E01020557,B1,1,1,1.0
2017-5,E01020562,B19,1,1,1.0
2017-5,E01020563,B16,1,1,1.0
2017-5,E01020566,B19,2,1,2.0
2017-5,E01020573,B16,1,1,1.0
2017-5,E01020578,B18,1,1,1.0
2017-5,E01020605,B17,1,1,1.0
2017-5,E01020606,B6,1,1,1.0
2017-5,E01020611,B19,1,1,1.0
2017-5,E01020614,B28,1,1,1.0
2017-5,E01020632,B15,1,1,1.0
2017-5,E01020642,B17,1,1,1.0
2017-5,E01020643,B26,1,1,1.0
2017-5,E01020644,B16,1,1,1.0
2017-5,E01020644,B18,1,1,1.0
2017-5,E01020646,B13,1,1,1.0
2017-5,E01020649,B16,1,1,1.0
2017-5,E01020650,B19,1,1,1.0
2017-5,E01020655,B18,1,1,1.0
2017-5,E01020660,B19,1,1,1.0
2017-5,E01020664,B13,2,2,1.0
2017-5,E01020664,B19,1,1,1.0
2017-5,E01020664,B24,1,1,1.0
2017-5,E01020664,B26,2,2,1.0
2017-5,E01020666,B13,1,1,1.0
2017-5,E01020666,B24,1,1,1.0
2017-5,E01020667,B18,1,1,1.0
2017-5,E01020697,B13,1,1,1.0
2017-5,E01020697,B18,1,1,1.0
2017-5,E01020698,B28,1,1,1.0
2017-5,E01020699,B28,2,1,2.0
2017-5,E01020702,B26,1,1,1.0
2017-5,E01020704,B19,1,1,1.0
2017-5,E01020704,B25,1,1,1.0
2017-5,E01020731,B28,1,1,1.0
2017-5,E01020772,B26,1,1,1.0
2017-5,E01020772,B6,1,1,1.0
2017-5,E01020796,B25,1,1,1.0
2017-5,E01020796,B26,3,3,1.0
2017-5,E01020821,B26,2,1,2.0
2017-5,E01020826,B18,1,1,1.0
2017-5,E01020826,B25,1,1,1.0
2017-5,E01020826,B26,1,1,1.0
2017-5,E01020828,B13,1,1,1.0
2017-5,E01020828,B26,1,1,1.0
2017-5,E01020829,B28,1,1,1.0
2017-5,E01020833,B28,1,1,1.0
2017-5,E01020836,B15,1,1,1.0
2017-5,E01020842,B4,1,1,1.0
2017-5,E01020878,B13,1,1,1.0
2017-5,E01020878,B18,1,1,1.0
2017-5,E01020878,B25,1,1,1.0
2017-5,E01020879,B19,1,1,1.0
2017-5,E01020881,B13,1,1,1.0
2017-5,E01020911,B28,1,1,1.0
2017-5,E01020912,B25,1,1,1.0
2017-5,E01020913,B29,1,1,1.0
2017-5,E01020915,B19,1,1,1.0
2017-5,E01020916,B25,1,1,1.0
2017-5,E01020922,B16,1,1,1.0
2017-5,E01020922,B7,1,1,1.0
2017-5,E01020923,B25,1,1,1.0
2017-5,E01020933,B17,1,1,1.0
2017-5,E01020935,B25,1,1,1.0
2017-5,E01020937,B25,1,1,1.0
2017-5,E01020944,B25,1,1,1.0
2017-5,E01020945,B20,1,1,1.0
2017-5,E01020962,B28,1,1,1.0
2017-5,E01020964,B17,1,1,1.0
2017-5,E01020964,B19,1,1,1.0
2017-5,E01020969,B23,1,1,1.0
2017-5,E01020970,B16,1,1,1.0
2017-5,E01020971,B23,1,1,1.0
2017-5,E01020978,B13,2,1,2.0
2017-5,E01020978,B14,1,1,1.0
2017-5,E01020978,B25,2,2,1.0
2017-5,E01020978,B7,1,1,1.0
2017-5,E01020982,B17,1,1,1.0
2017-5,E01020984,B13,1,1,1.0
2017-5,E01020984,B25,1,1,1.0
2017-5,E01020985,B1,1,1,1.0
2017-5,E01020985,B14,1,1,1.0
2017-5,E01020989,B20,1,1,1.0
2017-5,E01020989,B26,2,1,2.0
2017-5,E01020993,B26,1,1,1.0
2017-5,E01021003,B26,1,1,1.0
2017-5,E01021003,B28,1,1,1.0
2017-5,E01021006,B26,1,1,1.0
2017-5,E01021008,B20,1,1,1.0
2017-5,E01021012,B28,1,1,1.0
2017-5,E01021013,B26,2,2,1.0
2017-5,E01021016,B14,1,1,1.0
2017-5,E01021019,B26,1,1,1.0
2017-5,E01021020,B23,1,1,1.0
2017-5,E01021022,B23,1,1,1.0
2017-5,E01021025,B24,1,1,1.0
2017-5,E01021025,B25,2,2,1.0
2017-5,E01021025,B3,1,1,1.0
2017-5,E01021026,B25,1,1,1.0
2017-5,E01021026,B26,3,1,3.0
2017-5,E01021027,B28,2,2,1.0
2017-5,E01021029,B17,1,1,1.0
2017-5,E01021031,B13,1,1,1.0
2017-5,E01021031,B17,1,1,1.0
2017-5,E01021031,B25,1,1,1.0
2017-5,E01021032,B17,1,1,1.0
2017-5,E01021032,B25,1,1,1.0
2017-5,E01021032,B26,1,1,1.0
2017-5,E01021038,B28,1,1,1.0
2017-5,E01021041,B26,1,1,1.0
2017-5,E01021046,B28,1,1,1.0
2017-5,E01021047,B16,1,1,1.0
2017-5,E01021047,B17,1,1,1.0
2017-5,E01021047,B25,1,1,1.0
2017-5,E01021048,B19,1,1,1.0
2017-5,E01021049,B21,1,1,1.0
2017-5,E01021054,B25,1,1,1.0
2017-5,E01021055,B16,1,1,1.0
2017-5,E01021057,B19,1,1,1.0
2017-5,E01021057,B25,1,1,1.0
2017-5,E01021060,B21,1,1,1.0
2017-5,E01021061,B26,1,1,1.0
2017-5,E01021061,B27,2,2,1.0
2017-5,E01021061,B28,1,1,1.0
2017-5,E01021063,B17,2,1,2.0
2017-5,E01021064,B19,2,2,1.0
2017-5,E01021065,B7,1,1,1.0
2017-5,E01021066,B15,1,1,1.0
2017-5,E01021066,B25,1,1,1.0
2017-5,E01021066,B29,1,1,1.0
2017-5,E01021067,B27,1,1,1.0
2017-5,E01021068,B25,1,1,1.0
2017-5,E01021070,B26,1,1,1.0
2017-5,E01021071,B28,1,1,1.0
2017-5,E01021072,B17,1,1,1.0
2017-5,E01021073,B25,1,1,1.0
2017-5,E01021074,B28,2,1,2.0
2017-5,E01021082,B28,1,1,1.0
2017-5,E01021084,B20,1,1,1.0
2017-5,E01021086,B25,2,2,1.0
2017-5,E01021087,B25,1,1,1.0
2017-5,E01021087,B26,1,1,1.0
2017-5,E01021088,B16,1,1,1.0
2017-5,E01021089,B26,1,1,1.0
2017-5,E01021091,B19,1,1,1.0
2017-5,E01021091,B25,1,1,1.0
2017-5,E01021091,B7,1,1,1.0
2017-5,E01021092,B19,2,2,1.0
2017-5,E01021092,B25,3,3,1.0
2017-5,E01021093,B25,1,1,1.0
2017-5,E01021094,B14,1,1,1.0
2017-5,E01021096,B16,2,2,1.0
2017-5,E01021096,B26,3,2,1.5
2017-5,E01021097,B14,1,1,1.0
2017-5,E01021097,B25,1,1,1.0
2017-5,E01021097,B7,1,1,1.0
2017-5,E01021098,B25,2,2,1.0
2017-5,E01021099,B16,3,3,1.0
2017-5,E01021100,B17,1,1,1.0
2017-5,E01021100,B25,1,1,1.0
2017-5,E01021101,B16,1,1,1.0
2017-5,E01021101,B23,1,1,1.0
2017-5,E01021101,B25,1,1,1.0
2017-5,E01021103,B26,1,1,1.0
2017-5,E01021104,B25,4,2,2.0
2017-5,E01021104,B27,1,1,1.0
2017-5,E01021104,B7,1,1,1.0
2017-5,E01021105,B27,1,1,1.0
2017-5,E01021106,B23,1,1,1.0
2017-5,E01021107,B25,1,1,1.0
2017-5,E01021107,B28,1,1,1.0
2017-5,E01021109,B25,1,1,1.0
2017-5,E01021109,B26,5,5,1.0
2017-5,E01021110,B25,1,1,1.0
2017-5,E01021111,B28,2,2,1.0
2017-5,E01021112,B19,1,1,1.0
2017-5,E01021112,B23,1,1,1.0
2017-5,E01021112,B26,1,1,1.0
2017-5,E01021112,B28,1,1,1.0
2017-5,E01021113,B25,1,1,1.0
2017-5,E01021113,B26,2,2,1.0
2017-5,E01021114,B25,1,1,1.0
2017-5,E01021115,B17,1,1,1.0
2017-5,E01021115,B19,1,1,1.0
2017-5,E01021115,B25,2,1,2.0
2017-5,E01021115,B26,2,2,1.0
2017-5,E01021116,B26,1,1,1.0
2017-5,E01021116,B27,1,1,1.0
2017-5,E01021118,B25,1,1,1.0
2017-5,E01021120,B17,1,1,1.0
2017-5,E01021120,B19,1,1,1.0
2017-5,E01021121,B19,2,2,1.0
2017-5,E01021121,B25,1,1,1.0
2017-5,E01021121,B28,1,1,1.0
2017-5,E01021122,B26,1,1,1.0
2017-5,E01021123,B19,2,2,1.0
2017-5,E01021123,B28,2,2,1.0
2017-5,E01021125,B14,1,1,1.0
2017-5,E01021125,B16,1,1,1.0
2017-5,E01021125,B25,4,2,2.0
2017-5,E01021127,B27,1,1,1.0
2017-5,E01021129,B16,1,1,1.0
2017-5,E01021129,B17,1,1,1.0
2017-5,E01021129,B25,1,1,1.0
2017-5,E01021130,B19,1,1,1.0
2017-5,E01021130,B26,1,1,1.0
2017-5,E01021131,B24,1,1,1.0
2017-5,E01021133,B17,1,1,1.0
2017-5,E01021134,B17,1,1,1.0
2017-5,E01021134,B25,2,2,1.0
2017-5,E01021135,B16,2,2,1.0
2017-5,E01021135,B17,1,1,1.0
2017-5,E01021135,B26,2,2,1.0
2017-5,E01021136,B19,1,1,1.0
2017-5,E01021136,B7,1,1,1.0
2017-5,E01021137,B16,3,3,1.0
2017-5,E01021137,B26,1,1,1.0
2017-5,E01021138,B16,3,3,1.0
2017-5,E01021138,B26,2,2,1.0
2017-5,E01021138,B27,1,1,1.0
2017-5,E01021139,B19,1,1,1.0
2017-5,E01021140,B24,5,3,1.6666666666666667
2017-5,E01021140,B25,1,1,1.0
2017-5,E01021141,B26,1,1,1.0
2017-5,E01021146,B24,1,1,1.0
2017-5,E01021151,B9,1,1,1.0
2017-5,E01021153,B28,1,1,1.0
2017-5,E01021154,B23,1,1,1.0
2017-5,E01021156,B19,1,1,1.0
2017-5,E01021157,B25,2,1,2.0
2017-5,E01021160,B25,1,1,1.0
2017-5,E01021163,B25,2,1,2.0
2017-5,E01021164,B26,1,1,1.0
2017-5,E01021165,B13,1,1,1.0
2017-5,E01021166,B13,1,1,1.0
2017-5,E01021168,B25,1,1,1.0
2017-5,E01021171,B16,1,1,1.0
2017-5,E01021172,B23,3,1,3.0
2017-5,E01021177,B24,1,1,1.0
2017-5,E01021181,B17,1,1,1.0
2017-5,E01021187,B26,1,1,1.0
2017-5,E01021189,B16,1,1,1.0
2017-5,E01021191,B19,1,1,1.0
2017-5,E01021191,B25,1,1,1.0
2017-5,E01021192,B17,1,1,1.0
2017-5,E01021193,B25,4,1,4.0
2017-5,E01021194,B17,1,1,1.0
2017-5,E01021194,B18,1,1,1.0
2017-5,E01021195,B13,1,1,1.0
2017-5,E01021195,B25,1,1,1.0
2017-5,E01021197,B17,1,1,1.0
2017-5,E01021197,B23,1,1,1.0
2017-5,E01021197,B25,2,2,1.0
2017-5,E01021201,B16,2,1,2.0
2017-5,E01021201,B25,1,1,1.0
2017-5,E01021201,B7,1,1,1.0
2017-5,E01021203,B26,1,1,1.0
2017-5,E01021204,B16,1,1,1.0
2017-5,E01021206,B25,1,1,1.0
2017-5,E01021207,B25,1,1,1.0
2017-5,E01021208,B26,1,1,1.0
2017-5,E01021210,B1,1,1,1.0
2017-5,E01021210,B28,1,1,1.0
2017-5,E01021212,B19,1,1,1.0
2017-5,E01021219,B7,1,1,1.0
2017-5,E01021220,B19,1,1,1.0
2017-5,E01021221,B25,1,1,1.0
2017-5,E01021224,B28,1,1,1.0
2017-5,E01021224,B7,2,1,2.0
2017-5,E01021225,B25,1,1,1.0
2017-5,E01021231,B13,1,1,1.0
2017-5,E01021236,B25,1,1,1.0
2017-5,E01021254,B28,1,1,1.0
2017-5,E01021257,B13,1,1,1.0
2017-5,E01021258,B19,1,1,1.0
2017-5,E01021261,B26,1,1,1.0
2017-5,E01021285,B25,1,1,1.0
2017-5,E01021296,B19,1,1,1.0
2017-5,E01021305,B13,1,1,1.0
2017-5,E01021305,B16,3,1,3.0
2017-5,E01021312,B26,1,1,1.0
2017-5,E01021316,B13,1,1,1.0
2017-5,E01021319,B26,1,1,1.0
2017-5,E01021322,B19,1,1,1.0
2017-5,E01021328,B28,1,1,1.0
2017-5,E01021333,B18,1,1,1.0
2017-5,E01021336,B1,1,1,1.0
2017-5,E01021340,B1,1,1,1.0
2017-5,E01021347,B13,1,1,1.0
2017-5,E01021347,B19,1,1,1.0
2017-5,E01021349,B18,1,1,1.0
2017-5,E01021350,B1,1,1,1.0
2017-5,E01021353,B13,1,1,1.0
2017-5,E01021356,B24,1,1,1.0
2017-5,E01021377,B25,1,1,1.0
2017-5,E01021381,B23,1,1,1.0
2017-5,E01021396,B23,1,1,1.0
2017-5,E01021401,B25,1,1,1.0
2017-5,E01021402,B13,1,1,1.0
2017-5,E01021403,B1,1,1,1.0
2017-5,E01021415,B23,1,1,1.0
2017-5,E01021433,B19,1,1,1.0
2017-5,E01021436,B16,1,1,1.0
2017-5,E01021439,B23,1,1,1.0
2017-5,E01021443,B13,1,1,1.0
2017-5,E01021443,B16,1,1,1.0
2017-5,E01021443,B26,1,1,1.0
2017-5,E01021446,B28,1,1,1.0
2017-5,E01021448,B25,1,1,1.0
2017-5,E01021457,B19,1,1,1.0
2017-5,E01021461,B25,1,1,1.0
2017-5,E01021463,B25,1,1,1.0
2017-5,E01021466,B23,1,1,1.0
2017-5,E01021466,B25,1,1,1.0
2017-5,E01021468,B25,2,1,2.0
2017-5,E01021472,B25,1,1,1.0
2017-5,E01021483,B25,1,1,1.0
2017-5,E01021484,B25,1,1,1.0
2017-5,E01021501,B16,1,1,1.0
2017-5,E01021506,B19,1,1,1.0
2017-5,E01021509,B24,1,1,1.0
2017-5,E01021512,B16,1,1,1.0
2017-5,E01021512,B19,1,1,1.0
2017-5,E01021512,B23,1,1,1.0
2017-5,E01021512,B25,1,1,1.0
2017-5,E01021512,B26,3,1,3.0
2017-5,E01021518,B18,1,1,1.0
2017-5,E01021526,B26,2,1,2.0
2017-5,E01021564,B28,1,1,1.0
2017-5,E01021578,B18,1,1,1.0
2017-5,E01021578,B24,1,1,1.0
2017-5,E01021602,B25,2,1,2.0
2017-5,E01021614,B28,1,1,1.0
2017-5,E01021637,B23,1,1,1.0
2017-5,E01021647,B28,1,1,1.0
2017-5,E01021649,B19,1,1,1.0
2017-5,E01021651,B19,2,1,2.0
2017-5,E01021653,B25,1,1,1.0
2017-5,E01021654,B1,1,1,1.0
2017-5,E01021654,B13,2,1,2.0
2017-5,E01021654,B16,1,1,1.0
2017-5,E01021654,B19,1,1,1.0
2017-5,E01021654,B24,2,1,2.0
2017-5,E01021654,B26,5,1,5.0
2017-5,E01021654,B27,1,1,1.0
2017-5,E01021654,B6,1,1,1.0
2017-5,E01021663,B24,1,1,1.0
2017-5,E01021664,B13,1,1,1.0
2017-5,E01021664,B26,1,1,1.0
2017-5,E01021669,B18,1,1,1.0
2017-5,E01021670,B18,1,1,1.0
2017-5,E01021673,B25,1,1,1.0
2017-5,E01021678,B27,1,1,1.0
2017-5,E01021679,B18,1,1,1.0
2017-5,E01021680,B24,1,1,1.0
2017-5,E01021683,B19,1,1,1.0
2017-5,E01021683,B26,1,1,1.0
2017-5,E01021686,B14,1,1,1.0
2017-5,E01021687,B13,1,1,1.0
2017-5,E01021699,B26,1,1,1.0
2017-5,E01021720,B28,1,1,1.0
2017-5,E01021721,B28,1,1,1.0
2017-5,E01021732,B25,1,1,1.0
2017-5,E01021742,B25,1,1,1.0
2017-5,E01021744,B1,1,1,1.0
2017-5,E01021751,B16,1,1,1.0
2017-5,E01021752,B25,1,1,1.0
2017-5,E01021752,B28,1,1,1.0
2017-5,E01021755,B28,1,1,1.0
2017-5,E01021758,B13,1,1,1.0
2017-5,E01021768,B18,1,1,1.0
2017-5,E01021768,B26,1,1,1.0
2017-5,E01021770,B13,1,1,1.0
2017-5,E01021771,B18,1,1,1.0
2017-5,E01021779,B13,1,1,1.0
2017-5,E01021788,B25,1,1,1.0
2017-5,E01021795,B18,1,1,1.0
2017-5,E01021795,B26,1,1,1.0
2017-5,E01021796,B26,1,1,1.0
2017-5,E01021801,B1,1,1,1.0
2017-5,E01021801,B13,1,1,1.0
2017-5,E01021801,B16,1,1,1.0
2017-5,E01021803,B19,1,1,1.0
2017-5,E01021804,B13,1,1,1.0
2017-5,E01021807,B18,1,1,1.0
2017-5,E01021820,B19,1,1,1.0
2017-5,E01021825,B14,1,1,1.0
2017-5,E01021826,B16,1,1,1.0
2017-5,E01021826,B4,1,1,1.0
2017-5,E01021827,B19,1,1,1.0
2017-5,E01021827,B23,1,1,1.0
2017-5,E01021827,B26,1,1,1.0
2017-5,E01021829,B16,2,2,1.0
2017-5,E01021832,B25,1,1,1.0
2017-5,E01021833,B26,2,1,2.0
2017-5,E01021838,B15,1,1,1.0
2017-5,E01021840,B26,1,1,1.0
2017-5,E01021842,B26,1,1,1.0
2017-5,E01021848,B1,1,1,1.0
2017-5,E01021848,B18,1,1,1.0
2017-5,E01021848,B26,2,2,1.0
2017-5,E01021853,B15,1,1,1.0
2017-5,E01021853,B25,1,1,1.0
2017-5,E01021869,B18,1,1,1.0
2017-5,E01021873,B18,1,1,1.0
2017-5,E01021887,B19,2,1,2.0
2017-5,E01021904,B27,1,1,1.0
2017-5,E01021910,B25,1,1,1.0
2017-5,E01021913,B16,1,1,1.0
2017-5,E01021913,B23,1,1,1.0
2017-5,E01021937,B19,1,1,1.0
2017-5,E01021944,B24,1,1,1.0
2017-5,E01021949,B25,1,1,1.0
2017-5,E01021956,B19,1,1,1.0
2017-5,E01021961,B13,1,1,1.0
2017-5,E01021961,B26,1,1,1.0
2017-5,E01021965,B13,1,1,1.0
2017-5,E01021966,B15,1,1,1.0
2017-5,E01021975,B19,1,1,1.0
2017-5,E01021981,B18,1,1,1.0
2017-5,E01021981,B19,3,1,3.0
2017-5,E01021993,B24,1,1,1.0
2017-5,E01022016,B24,1,1,1.0
2017-5,E01022021,B19,1,1,1.0
2017-5,E01022021,B26,1,1,1.0
2017-5,E01022025,B25,1,1,1.0
2017-5,E01022060,B25,1,1,1.0
2017-5,E01022067,B18,1,1,1.0
2017-5,E01022073,B16,1,1,1.0
2017-5,E01022087,B28,1,1,1.0
2017-5,E01022102,B19,1,1,1.0
2017-5,E01022103,B13,1,1,1.0
2017-5,E01022105,B13,1,1,1.0
2017-5,E01022105,B24,2,2,1.0
2017-5,E01022105,B25,3,2,1.5
2017-5,E01022107,B15,1,1,1.0
2017-5,E01022110,B24,1,1,1.0
2017-5,E01022110,B26,1,1,1.0
2017-5,E01022113,B13,1,1,1.0
2017-5,E01022113,B4,1,1,1.0
2017-5,E01022115,B13,1,1,1.0
2017-5,E01022116,B15,1,1,1.0
2017-5,E01022117,B13,1,1,1.0
2017-5,E01022118,B13,1,1,1.0
2017-5,E01022121,B26,1,1,1.0
2017-5,E01022124,B14,1,1,1.0
2017-5,E01022124,B19,1,1,1.0
2017-5,E01022124,B24,2,1,2.0
2017-5,E01022125,B24,2,1,2.0
2017-5,E01022126,B13,1,1,1.0
2017-5,E01022126,B19,1,1,1.0
2017-5,E01022126,B24,1,1,1.0
2017-5,E01022126,B25,1,1,1.0
2017-5,E01022127,B19,1,1,1.0
2017-5,E01022136,B23,1,1,1.0
2017-5,E01022136,B24,1,1,1.0
2017-5,E01022136,B26,1,1,1.0
2017-5,E01022139,B14,1,1,1.0
2017-5,E01022149,B25,1,1,1.0
2017-5,E01022151,B14,1,1,1.0
2017-5,E01022152,B14,1,1,1.0
2017-5,E01022153,B19,3,1,3.0
2017-5,E01022153,B24,1,1,1.0
2017-5,E01022153,B25,3,2,1.5
2017-5,E01022153,B26,2,1,2.0
2017-5,E01022154,B19,1,1,1.0
2017-5,E01022159,B24,1,1,1.0
2017-5,E01022160,B17,1,1,1.0
2017-5,E01022161,B13,1,1,1.0
2017-5,E01022163,B16,1,1,1.0
2017-5,E01022165,B15,1,1,1.0
2017-5,E01022165,B24,3,1,3.0
2017-5,E01022165,B26,1,1,1.0
2017-5,E01022181,B25,1,1,1.0
2017-5,E01022184,B23,1,1,1.0
2017-5,E01022184,B26,1,1,1.0
2017-5,E01022187,B25,7,2,3.5
2017-5,E01022201,B13,1,1,1.0
2017-5,E01022201,B25,1,1,1.0
2017-5,E01022206,B26,1,1,1.0
2017-5,E01022215,B24,1,1,1.0
2017-5,E01022216,B26,1,1,1.0
2017-5,E01022230,B13,1,1,1.0
2017-5,E01022230,B25,1,1,1.0
2017-5,E01022233,B16,1,1,1.0
2017-5,E01022233,B25,1,1,1.0
2017-5,E01022240,B25,1,1,1.0
2017-5,E01022243,B1,1,1,1.0
2017-5,E01022243,B18,1,1,1.0
2017-5,E01022250,B28,1,1,1.0
2017-5,E01022254,B28,1,1,1.0
2017-5,E01022270,B13,1,1,1.0
2017-5,E01022271,B13,1,1,1.0
2017-5,E01022282,B16,1,1,1.0
2017-5,E01022284,B1,1,1,1.0
2017-5,E01022287,B13,1,1,1.0
2017-5,E01022294,B25,1,1,1.0
2017-5,E01022297,B19,1,1,1.0
2017-5,E01022310,B26,1,1,1.0
2017-5,E01022311,B16,1,1,1.0
2017-5,E01022324,B13,1,1,1.0
2017-5,E01022324,B24,1,1,1.0
2017-5,E01022329,B18,4,1,4.0
2017-5,E01022333,B1,1,1,1.0
2017-5,E01022341,B16,2,2,1.0
2017-5,E01022345,B25,1,1,1.0
2017-5,E01022347,B14,1,1,1.0
2017-5,E01022352,B19,1,1,1.0
2017-5,E01022354,B26,1,1,1.0
2017-5,E01022355,B26,1,1,1.0
2017-5,E01022356,B19,1,1,1.0
2017-5,E01022365,B24,1,1,1.0
2017-5,E01022386,B13,1,1,1.0
2017-5,E01022386,B19,1,1,1.0
2017-5,E01022386,B25,1,1,1.0
2017-5,E01022412,B6,1,1,1.0
2017-5,E01022413,B25,1,1,1.0
2017-5,E01022420,B25,1,1,1.0
2017-5,E01022431,B17,1,1,1.0
2017-5,E01022444,B25,1,1,1.0
2017-5,E01022451,B25,1,1,1.0
2017-5,E01022452,B25,1,1,1.0
2017-5,E01022453,B26,2,1,2.0
2017-5,E01022455,B13,2,1,2.0
2017-5,E01022455,B19,1,1,1.0
2017-5,E01022455,B24,1,1,1.0
2017-5,E01022455,B25,2,1,2.0
2017-5,E01022455,B26,2,1,2.0
2017-5,E01022456,B25,1,1,1.0
2017-5,E01022460,B26,1,1,1.0
2017-5,E01022465,B25,1,1,1.0
2017-5,E01022466,B17,1,1,1.0
2017-5,E01022468,B1,1,1,1.0
2017-5,E01022468,B14,1,1,1.0
2017-5,E01022468,B18,1,1,1.0
2017-5,E01022471,B13,3,3,1.0
2017-5,E01022471,B25,1,1,1.0
2017-5,E01022474,B1,1,1,1.0
2017-5,E01022474,B13,1,1,1.0
2017-5,E01022474,B14,1,1,1.0
2017-5,E01022474,B15,1,1,1.0
2017-5,E01022474,B18,1,1,1.0
2017-5,E01022474,B26,2,2,1.0
2017-5,E01022475,B17,1,1,1.0
2017-5,E01022475,B19,1,1,1.0
2017-5,E01022475,B26,1,1,1.0
2017-5,E01022476,B28,1,1,1.0
2017-5,E01022484,B26,1,1,1.0
2017-5,E01022490,B17,1,1,1.0
2017-5,E01022492,B26,1,1,1.0
2017-5,E01022504,B13,1,1,1.0
2017-5,E01022504,B16,1,1,1.0
2017-5,E01022504,B19,2,2,1.0
2017-5,E01022505,B14,2,1,2.0
2017-5,E01022507,B1,1,1,1.0
2017-5,E01022507,B26,3,1,3.0
2017-5,E01022510,B26,1,1,1.0
2017-5,E01022512,B16,1,1,1.0
2017-5,E01022523,B26,1,1,1.0
2017-5,E01022524,B26,1,1,1.0
2017-5,E01022525,B17,1,1,1.0
2017-5,E01022534,B13,1,1,1.0
2017-5,E01022534,B25,1,1,1.0
2017-5,E01022539,B16,1,1,1.0
2017-5,E01022546,B25,2,1,2.0
2017-5,E01022547,B17,1,1,1.0
2017-5,E01022547,B24,1,1,1.0
2017-5,E01022552,B14,1,1,1.0
2017-5,E01022552,B26,1,1,1.0
2017-5,E01022554,B25,1,1,1.0
2017-5,E01022562,B19,1,1,1.0
2017-5,E01022562,B25,1,1,1.0
2017-5,E01022580,B17,1,1,1.0
2017-5,E01022581,B26,4,2,2.0
2017-5,E01022582,B26,1,1,1.0
2017-5,E01022585,B26,1,1,1.0
2017-5,E01022586,B13,1,1,1.0
2017-5,E01022587,B16,1,1,1.0
2017-5,E01022592,B25,1,1,1.0
2017-5,E01022597,B25,1,1,1.0
2017-5,E01022597,B26,1,1,1.0
2017-5,E01022614,B13,1,1,1.0
2017-5,E01022615,B25,1,1,1.0
2017-5,E01022615,B7,1,1,1.0
2017-5,E01022619,B16,2,1,2.0
2017-5,E01022629,B24,1,1,1.0
2017-5,E01022630,B24,1,1,1.0
2017-5,E01022642,B17,1,1,1.0
2017-5,E01022645,B18,1,1,1.0
2017-5,E01022648,B25,1,1,1.0
2017-5,E01022650,B19,1,1,1.0
2017-5,E01022656,B26,1,1,1.0
2017-5,E01022658,B18,1,1,1.0
2017-5,E01022663,B18,1,1,1.0
2017-5,E01022675,B16,1,1,1.0
2017-5,E01022680,B18,1,1,1.0
2017-5,E01022684,B25,1,1,1.0
2017-5,E01022689,B16,1,1,1.0
2017-5,E01022690,B25,1,1,1.0
2017-5,E01022692,B26,1,1,1.0
2017-5,E01022726,B13,1,1,1.0
2017-5,E01022730,B26,1,1,1.0
2017-5,E01022740,B17,1,1,1.0
2017-5,E01022748,B18,1,1,1.0
2017-5,E01022758,B18,1,1,1.0
2017-5,E01022764,B25,1,1,1.0
2017-5,E01022774,B1,1,1,1.0
2017-5,E01022781,B25,1,1,1.0
2017-5,E01022787,B24,1,1,1.0
2017-5,E01022789,B18,1,1,1.0
2017-5,E01022800,B25,1,1,1.0
2017-5,E01022831,B15,1,1,1.0
2017-5,E01022833,B23,1,1,1.0
2017-5,E01022837,B19,1,1,1.0
2017-5,E01022846,B26,1,1,1.0
2017-5,E01022847,B13,1,1,1.0
2017-5,E01022847,B24,1,1,1.0
2017-5,E01022847,B26,2,2,1.0
2017-5,E01022848,B18,1,1,1.0
2017-5,E01022850,B13,1,1,1.0
2017-5,E01022850,B26,1,1,1.0
2017-5,E01022851,B1,1,1,1.0
2017-5,E01022851,B19,5,1,5.0
2017-5,E01022851,B25,1,1,1.0
2017-5,E01022852,B1,1,1,1.0
2017-5,E01022854,B19,1,1,1.0
2017-5,E01022854,B27,1,1,1.0
2017-5,E01022855,B25,1,1,1.0
2017-5,E01022856,B13,1,1,1.0
2017-5,E01022856,B16,3,3,1.0
2017-5,E01022856,B25,1,1,1.0
2017-5,E01022856,B26,2,2,1.0
2017-5,E01022857,B1,1,1,1.0
2017-5,E01022857,B16,2,2,1.0
2017-5,E01022857,B25,2,1,2.0
2017-5,E01022857,B26,4,3,1.3333333333333333
2017-5,E01022858,B13,1,1,1.0
2017-5,E01022858,B16,2,2,1.0
2017-5,E01022858,B26,5,5,1.0
2017-5,E01022859,B1,1,1,1.0
2017-5,E01022859,B16,1,1,1.0
2017-5,E01022860,B18,1,1,1.0
2017-5,E01022860,B25,2,1,2.0
2017-5,E01022860,B26,2,2,1.0
2017-5,E01022860,B27,1,1,1.0
2017-5,E01022861,B26,1,1,1.0
2017-5,E01022862,B16,2,2,1.0
2017-5,E01022862,B19,1,1,1.0
2017-5,E01022862,B6,1,1,1.0
2017-5,E01022864,B1,1,1,1.0
2017-5,E01022864,B28,1,1,1.0
2017-5,E01022865,B26,1,1,1.0
2017-5,E01022867,B18,1,1,1.0
2017-5,E01022867,B24,1,1,1.0
2017-5,E01022867,B25,2,2,1.0
2017-5,E01022867,B26,4,4,1.0
2017-5,E01022869,B1,1,1,1.0
2017-5,E01022869,B13,1,1,1.0
2017-5,E01022871,B16,1,1,1.0
2017-5,E01022872,B16,2,2,1.0
2017-5,E01022872,B18,2,1,2.0
2017-5,E01022872,B24,1,1,1.0
2017-5,E01022873,B19,5,4,1.25
2017-5,E01022876,B1,1,1,1.0
2017-5,E01022876,B16,1,1,1.0
2017-5,E01022876,B25,1,1,1.0
2017-5,E01022877,B16,1,1,1.0
2017-5,E01022877,B26,2,1,2.0
2017-5,E01022879,B13,1,1,1.0
2017-5,E01022879,B18,1,1,1.0
2017-5,E01022879,B24,2,2,1.0
2017-5,E01022879,B26,4,2,2.0
2017-5,E01022880,B16,1,1,1.0
2017-5,E01022880,B26,2,2,1.0
2017-5,E01022881,B19,2,2,1.0
2017-5,E01022882,B1,1,1,1.0
2017-5,E01022882,B16,1,1,1.0
2017-5,E01022882,B25,1,1,1.0
2017-5,E01022882,B26,1,1,1.0
2017-5,E01022883,B16,2,1,2.0
2017-5,E01022884,B1,1,1,1.0
2017-5,E01022884,B19,1,1,1.0
2017-5,E01022885,B19,1,1,1.0
2017-5,E01022885,B26,1,1,1.0
2017-5,E01022887,B13,1,1,1.0
2017-5,E01022887,B25,1,1,1.0
2017-5,E01022887,B26,1,1,1.0
2017-5,E01022889,B25,1,1,1.0
2017-5,E01022890,B26,1,1,1.0
2017-5,E01022891,B1,1,1,1.0
2017-5,E01022891,B26,3,3,1.0
2017-5,E01022892,B16,1,1,1.0
2017-5,E01022893,B18,1,1,1.0
2017-5,E01022893,B26,1,1,1.0
2017-5,E01022896,B26,2,2,1.0
2017-5,E01022897,B1,1,1,1.0
2017-5,E01022897,B16,1,1,1.0
2017-5,E01022897,B26,1,1,1.0
2017-5,E01022898,B13,1,1,1.0
2017-5,E01022898,B26,1,1,1.0
2017-5,E01022898,B28,1,1,1.0
2017-5,E01022914,B17,1,1,1.0
2017-5,E01022914,B26,1,1,1.0
2017-5,E01022915,B1,1,1,1.0
2017-5,E01022916,B16,1,1,1.0
2017-5,E01022924,B24,1,1,1.0
2017-5,E01022926,B13,1,1,1.0
2017-5,E01022958,B18,1,1,1.0
2017-5,E01022962,B19,1,1,1.0
2017-5,E01022966,B27,1,1,1.0
2017-5,E01022972,B25,1,1,1.0
2017-5,E01022973,B24,1,1,1.0
2017-5,E01022973,B25,1,1,1.0
2017-5,E01022975,B25,1,1,1.0
2017-5,E01022996,B13,1,1,1.0
2017-5,E01022996,B26,1,1,1.0
2017-5,E01023004,B18,1,1,1.0
2017-5,E01023017,B6,1,1,1.0
2017-5,E01023022,B25,1,1,1.0
2017-5,E01023023,B25,1,1,1.0
2017-5,E01023027,B18,1,1,1.0
2017-5,E01023032,B25,1,1,1.0
2017-5,E01023034,B21,1,1,1.0
2017-5,E01023040,B18,1,1,1.0
2017-5,E01023042,B19,1,1,1.0
2017-5,E01023047,B24,1,1,1.0
2017-5,E01023047,B26,1,1,1.0
2017-5,E01023050,B16,1,1,1.0
2017-5,E01023059,B16,1,1,1.0
2017-5,E01023061,B1,1,1,1.0
2017-5,E01023084,B13,1,1,1.0
2017-5,E01023084,B17,1,1,1.0
2017-5,E01023086,B16,1,1,1.0
2017-5,E01023088,B16,1,1,1.0
2017-5,E01023092,B19,1,1,1.0
2017-5,E01023092,B26,1,1,1.0
2017-5,E01023096,B13,1,1,1.0
2017-5,E01023097,B19,1,1,1.0
2017-5,E01023099,B26,1,1,1.0
2017-5,E01023103,B14,1,1,1.0
2017-5,E01023103,B19,1,1,1.0
2017-5,E01023103,B24,1,1,1.0
2017-5,E01023104,B13,1,1,1.0
2017-5,E01023104,B19,1,1,1.0
2017-5,E01023112,B25,1,1,1.0
2017-5,E01023113,B13,1,1,1.0
2017-5,E01023113,B25,1,1,1.0
2017-5,E01023123,B19,1,1,1.0
2017-5,E01023123,B25,1,1,1.0
2017-5,E01023131,B24,1,1,1.0
2017-5,E01023133,B28,1,1,1.0
2017-5,E01023136,B13,3,2,1.5
2017-5,E01023139,B16,1,1,1.0
2017-5,E01023149,B14,1,1,1.0
2017-5,E01023155,B13,1,1,1.0
2017-5,E01023162,B24,1,1,1.0
2017-5,E01023164,B25,1,1,1.0
2017-5,E01023170,B25,1,1,1.0
2017-5,E01023171,B25,1,1,1.0
2017-5,E01023172,B18,1,1,1.0
2017-5,E01023173,B25,1,1,1.0
2017-5,E01023177,B25,1,1,1.0
2017-5,E01023199,B26,1,1,1.0
2017-5,E01023201,B26,2,2,1.0
2017-5,E01023214,B17,1,1,1.0
2017-5,E01023225,B13,1,1,1.0
2017-5,E01023225,B25,1,1,1.0
2017-5,E01023229,B1,1,1,1.0
2017-5,E01023229,B14,1,1,1.0
2017-5,E01023229,B25,2,2,1.0
2017-5,E01023236,B25,1,1,1.0
2017-5,E01023237,B25,1,1,1.0
2017-5,E01023242,B25,1,1,1.0
2017-5,E01023243,B26,1,1,1.0
2017-5,E01023245,B15,1,1,1.0
2017-5,E01023248,B18,1,1,1.0
2017-5,E01023252,B16,1,1,1.0
2017-5,E01023252,B19,1,1,1.0
2017-5,E01023259,B15,1,1,1.0
2017-5,E01023265,B16,1,1,1.0
2017-5,E01023265,B25,1,1,1.0
2017-5,E01023267,B18,1,1,1.0
2017-5,E01023271,B26,1,1,1.0
2017-5,E01023274,B25,1,1,1.0
2017-5,E01023276,B28,1,1,1.0
2017-5,E01023277,B19,1,1,1.0
2017-5,E01023279,B25,1,1,1.0
2017-5,E01023282,B13,1,1,1.0
2017-5,E01023282,B25,2,2,1.0
2017-5,E01023284,B26,1,1,1.0
2017-5,E01023289,B16,1,1,1.0
2017-5,E01023296,B16,1,1,1.0
2017-5,E01023300,B25,1,1,1.0
2017-5,E01023303,B24,1,1,1.0
2017-5,E01023303,B26,1,1,1.0
2017-5,E01023311,B19,1,1,1.0
2017-5,E01023321,B25,2,2,1.0
2017-5,E01023322,B25,1,1,1.0
2017-5,E01023326,B17,1,1,1.0
2017-5,E01023327,B16,1,1,1.0
2017-5,E01023328,B1,1,1,1.0
2017-5,E01023330,B13,1,1,1.0
2017-5,E01023331,B19,1,1,1.0
2017-5,E01023332,B14,1,1,1.0
2017-5,E01023342,B13,1,1,1.0
2017-5,E01023344,B16,1,1,1.0
2017-5,E01023345,B25,1,1,1.0
2017-5,E01023346,B13,1,1,1.0
2017-5,E01023349,B25,1,1,1.0
2017-5,E01023350,B25,1,1,1.0
2017-5,E01023351,B25,2,1,2.0
2017-5,E01023352,B25,1,1,1.0
2017-5,E01023355,B26,2,2,1.0
2017-5,E01023361,B1,1,1,1.0
2017-5,E01023362,B26,1,1,1.0
2017-5,E01023366,B24,1,1,1.0
2017-5,E01023373,B26,2,1,2.0
2017-5,E01023387,B25,1,1,1.0
2017-5,E01023388,B13,1,1,1.0
2017-5,E01023388,B16,1,1,1.0
2017-5,E01023395,B26,1,1,1.0
2017-5,E01023402,B26,1,1,1.0
2017-5,E01023404,B1,1,1,1.0
2017-5,E01023404,B26,1,1,1.0
2017-5,E01023405,B19,1,1,1.0
2017-5,E01023409,B19,1,1,1.0
2017-5,E01023409,B24,1,1,1.0
2017-5,E01023410,B18,2,1,2.0
2017-5,E01023415,B16,1,1,1.0
2017-5,E01023415,B25,1,1,1.0
2017-5,E01023416,B26,1,1,1.0
2017-5,E01023418,B15,1,1,1.0
2017-5,E01023418,B19,1,1,1.0
2017-5,E01023418,B25,1,1,1.0
2017-5,E01023421,B25,1,1,1.0
2017-5,E01023422,B16,1,1,1.0
2017-5,E01023425,B13,1,1,1.0
2017-5,E01023427,B18,1,1,1.0
2017-5,E01023428,B14,1,1,1.0
2017-5,E01023429,B24,1,1,1.0
2017-5,E01023431,B26,2,2,1.0
2017-5,E01023432,B13,1,1,1.0
2017-5,E01023433,B13,1,1,1.0
2017-5,E01023434,B15,1,1,1.0
2017-5,E01023436,B4,1,1,1.0
2017-5,E01023445,B17,1,1,1.0
2017-5,E01023451,B17,2,1,2.0
2017-5,E01023460,B16,1,1,1.0
2017-5,E01023469,B13,1,1,1.0
2017-5,E01023469,B25,2,2,1.0
2017-5,E01023470,B16,1,1,1.0
2017-5,E01023474,B16,1,1,1.0
2017-5,E01023478,B13,2,1,2.0
2017-5,E01023478,B18,2,1,2.0
2017-5,E01023478,B24,1,1,1.0
2017-5,E01023481,B17,1,1,1.0
2017-5,E01023481,B26,1,1,1.0
2017-5,E01023483,B13,1,1,1.0
2017-5,E01023485,B26,1,1,1.0
2017-5,E01023486,B26,2,2,1.0
2017-5,E01023490,B17,1,1,1.0
2017-5,E01023497,B13,1,1,1.0
2017-5,E01023498,B26,1,1,1.0
2017-5,E01023508,B26,1,1,1.0
2017-5,E01023509,B26,1,1,1.0
2017-5,E01023510,B17,1,1,1.0
2017-5,E01023515,B25,1,1,1.0
2017-5,E01023516,B15,1,1,1.0
2017-5,E01023524,B17,1,1,1.0
2017-5,E01023524,B26,1,1,1.0
2017-5,E01023526,B13,1,1,1.0
2017-5,E01023527,B25,2,1,2.0
2017-5,E01023529,B1,1,1,1.0
2017-5,E01023532,B19,1,1,1.0
2017-5,E01023533,B1,1,1,1.0
2017-5,E01023537,B25,1,1,1.0
2017-5,E01023541,B18,1,1,1.0
2017-5,E01023546,B13,1,1,1.0
2017-5,E01023548,B25,1,1,1.0
2017-5,E01023549,B1,3,2,1.5
2017-5,E01023550,B18,1,1,1.0
2017-5,E01023552,B23,1,1,1.0
2017-5,E01023552,B26,2,1,2.0
2017-5,E01023555,B16,1,1,1.0
2017-5,E01023555,B24,1,1,1.0
2017-5,E01023561,B25,2,1,2.0
2017-5,E01023563,B28,1,1,1.0
2017-5,E01023565,B25,1,1,1.0
2017-5,E01023567,B26,1,1,1.0
2017-5,E01023574,B16,1,1,1.0
2017-5,E01023574,B26,1,1,1.0
2017-5,E01023575,B24,1,1,1.0
2017-5,E01023578,B25,1,1,1.0
2017-5,E01023580,B25,1,1,1.0
2017-5,E01023582,B13,1,1,1.0
2017-5,E01023582,B16,1,1,1.0
2017-5,E01023583,B13,1,1,1.0
2017-5,E01023583,B19,1,1,1.0
2017-5,E01023583,B26,1,1,1.0
2017-5,E01023584,B26,2,2,1.0
2017-5,E01023589,B25,1,1,1.0
2017-5,E01023590,B18,1,1,1.0
2017-5,E01023590,B19,1,1,1.0
2017-5,E01023595,B26,1,1,1.0
2017-5,E01023596,B24,1,1,1.0
2017-5,E01023598,B26,2,1,2.0
2017-5,E01023600,B25,1,1,1.0
2017-5,E01023603,B27,1,1,1.0
2017-5,E01023609,B16,1,1,1.0
2017-5,E01023615,B27,2,1,2.0
2017-5,E01023616,B24,1,1,1.0
2017-5,E01023616,B27,1,1,1.0
2017-5,E01023617,B25,1,1,1.0
2017-5,E01023618,B24,1,1,1.0
2017-5,E01023626,B26,2,2,1.0
2017-5,E01023627,B26,1,1,1.0
2017-5,E01023628,B18,1,1,1.0
2017-5,E01023629,B26,1,1,1.0
2017-5,E01023630,B17,1,1,1.0
2017-5,E01023630,B28,1,1,1.0
2017-5,E01023632,B19,1,1,1.0
2017-5,E01023633,B25,1,1,1.0
2017-5,E01023635,B26,1,1,1.0
2017-5,E01023636,B26,1,1,1.0
2017-5,E01023638,B25,1,1,1.0
2017-5,E01023639,B13,1,1,1.0
2017-5,E01023646,B14,1,1,1.0
2017-5,E01023647,B25,1,1,1.0
2017-5,E01023649,B19,1,1,1.0
2017-5,E01023650,B26,1,1,1.0
2017-5,E01023652,B18,2,1,2.0
2017-5,E01023663,B19,1,1,1.0
2017-5,E01023663,B25,1,1,1.0
2017-5,E01023663,B26,1,1,1.0
2017-5,E01023665,B6,1,1,1.0
2017-5,E01023677,B27,1,1,1.0
2017-5,E01023678,B27,1,1,1.0
2017-5,E01023679,B25,3,3,1.0
2017-5,E01023682,B19,1,1,1.0
2017-5,E01023683,B13,1,1,1.0
2017-5,E01023683,B19,1,1,1.0
2017-5,E01023687,B25,1,1,1.0
2017-5,E01023692,B26,1,1,1.0
2017-5,E01023693,B28,1,1,1.0
2017-5,E01023696,B16,1,1,1.0
2017-5,E01023698,B28,1,1,1.0
2017-5,E01023702,B13,1,1,1.0
2017-5,E01023709,B1,1,1,1.0
2017-5,E01023709,B26,1,1,1.0
2017-5,E01023711,B1,1,1,1.0
2017-5,E01023711,B13,3,1,3.0
2017-5,E01023712,B24,1,1,1.0
2017-5,E01023715,B19,1,1,1.0
2017-5,E01023716,B25,1,1,1.0
2017-5,E01023719,B19,1,1,1.0
2017-5,E01023722,B16,1,1,1.0
2017-5,E01023722,B19,1,1,1.0
2017-5,E01023726,B26,1,1,1.0
2017-5,E01023727,B16,1,1,1.0
2017-5,E01023727,B25,1,1,1.0
2017-5,E01023732,B26,1,1,1.0
2017-5,E01023736,B25,1,1,1.0
2017-5,E01023738,B26,1,1,1.0
2017-5,E01023743,B17,1,1,1.0
2017-5,E01023744,B25,2,2,1.0
2017-5,E01023744,B6,1,1,1.0
2017-5,E01023745,B19,1,1,1.0
2017-5,E01023746,B1,1,1,1.0
2017-5,E01023748,B26,1,1,1.0
2017-5,E01023750,B1,1,1,1.0
2017-5,E01023750,B26,7,5,1.4
2017-5,E01023751,B1,4,4,1.0
2017-5,E01023751,B16,1,1,1.0
2017-5,E01023751,B26,1,1,1.0
2017-5,E01023751,B6,1,1,1.0
2017-5,E01023752,B25,1,1,1.0
2017-5,E01023753,B16,1,1,1.0
2017-5,E01023753,B26,2,2,1.0
2017-5,E01023754,B1,2,2,1.0
2017-5,E01023754,B26,6,4,1.5
2017-5,E01023755,B1,6,6,1.0
2017-5,E01023755,B16,1,1,1.0
2017-5,E01023755,B19,1,1,1.0
2017-5,E01023755,B26,7,4,1.75
2017-5,E01023756,B1,1,1,1.0
2017-5,E01023756,B14,1,1,1.0
2017-5,E01023756,B16,1,1,1.0
2017-5,E01023756,B26,16,9,1.7777777777777777
2017-5,E01023756,B8,2,2,1.0
2017-5,E01023757,B1,2,2,1.0
2017-5,E01023757,B13,1,1,1.0
2017-5,E01023757,B26,7,4,1.75
2017-5,E01023757,B28,1,1,1.0
2017-5,E01023758,B1,2,2,1.0
2017-5,E01023758,B13,1,1,1.0
2017-5,E01023758,B14,1,1,1.0
2017-5,E01023758,B17,1,1,1.0
2017-5,E01023758,B19,2,2,1.0
2017-5,E01023758,B26,16,6,2.6666666666666665
2017-5,E01023758,B6,1,1,1.0
2017-5,E01023759,B26,4,4,1.0
2017-5,E01023760,B1,1,1,1.0
2017-5,E01023760,B26,4,3,1.3333333333333333
2017-5,E01023761,B16,1,1,1.0
2017-5,E01023761,B26,3,3,1.0
2017-5,E01023761,B6,2,2,1.0
2017-5,E01023762,B1,2,2,1.0
2017-5,E01023762,B19,1,1,1.0
2017-5,E01023762,B26,5,3,1.6666666666666667
2017-5,E01023762,B6,1,1,1.0
2017-5,E01023763,B1,1,1,1.0
2017-5,E01023763,B17,1,1,1.0
2017-5,E01023764,B1,4,3,1.3333333333333333
2017-5,E01023764,B26,1,1,1.0
2017-5,E01023765,B1,1,1,1.0
2017-5,E01023765,B26,2,2,1.0
2017-5,E01023766,B1,1,1,1.0
2017-5,E01023766,B26,7,5,1.4
2017-5,E01023767,B16,1,1,1.0
2017-5,E01023767,B23,2,2,1.0
2017-5,E01023767,B26,3,2,1.5
2017-5,E01023768,B1,1,1,1.0
2017-5,E01023768,B26,3,3,1.0
2017-5,E01023769,B14,1,1,1.0
2017-5,E01023769,B26,5,2,2.5
2017-5,E01023769,B28,1,1,1.0
2017-5,E01023770,B26,3,3,1.0
2017-5,E01023771,B14,1,1,1.0
2017-5,E01023771,B26,5,1,5.0
2017-5,E01023772,B1,4,3,1.3333333333333333
2017-5,E01023772,B26,6,3,2.0
2017-5,E01023773,B1,1,1,1.0
2017-5,E01023773,B24,1,1,1.0
2017-5,E01023774,B1,1,1,1.0
2017-5,E01023774,B19,1,1,1.0
2017-5,E01023774,B26,2,2,1.0
2017-5,E01023774,B6,1,1,1.0
2017-5,E01023775,B1,2,2,1.0
2017-5,E01023775,B14,1,1,1.0
2017-5,E01023775,B26,3,1,3.0
2017-5,E01023776,B1,2,2,1.0
2017-5,E01023776,B19,1,1,1.0
2017-5,E01023776,B26,4,3,1.3333333333333333
2017-5,E01023777,B1,1,1,1.0
2017-5,E01023777,B25,1,1,1.0
2017-5,E01023777,B26,2,2,1.0
2017-5,E01023777,B28,1,1,1.0
2017-5,E01023778,B26,1,1,1.0
2017-5,E01023779,B1,3,3,1.0
2017-5,E01023779,B13,1,1,1.0
2017-5,E01023779,B26,4,3,1.3333333333333333
2017-5,E01023780,B1,4,2,2.0
2017-5,E01023780,B26,4,2,2.0
2017-5,E01023781,B1,1,1,1.0
2017-5,E01023781,B26,11,8,1.375
2017-5,E01023782,B1,4,3,1.3333333333333333
2017-5,E01023782,B26,6,4,1.5
2017-5,E01023783,B1,2,2,1.0
2017-5,E01023783,B16,1,1,1.0
2017-5,E01023783,B26,8,5,1.6
2017-5,E01023783,B6,1,1,1.0
2017-5,E01023783,B8,1,1,1.0
2017-5,E01023784,B17,1,1,1.0
2017-5,E01023784,B26,6,3,2.0
2017-5,E01023784,B8,1,1,1.0
2017-5,E01023785,B1,1,1,1.0
2017-5,E01023785,B26,11,6,1.8333333333333333
2017-5,E01023786,B1,1,1,1.0
2017-5,E01023786,B16,2,2,1.0
2017-5,E01023786,B19,1,1,1.0
2017-5,E01023786,B23,1,1,1.0
2017-5,E01023786,B26,5,4,1.25
2017-5,E01023787,B1,1,1,1.0
2017-5,E01023787,B16,3,1,3.0
2017-5,E01023787,B17,1,1,1.0
2017-5,E01023787,B26,12,6,2.0
2017-5,E01023787,B6,1,1,1.0
2017-5,E01023788,B1,2,2,1.0
2017-5,E01023788,B26,9,6,1.5
2017-5,E01023789,B1,6,5,1.2
2017-5,E01023789,B16,1,1,1.0
2017-5,E01023789,B26,11,7,1.5714285714285714
2017-5,E01023789,B6,1,1,1.0
2017-5,E01023790,B1,4,3,1.3333333333333333
2017-5,E01023790,B26,8,3,2.6666666666666665
2017-5,E01023791,B19,1,1,1.0
2017-5,E01023791,B26,7,4,1.75
2017-5,E01023791,B8,1,1,1.0
2017-5,E01023792,B1,1,1,1.0
2017-5,E01023792,B19,1,1,1.0
2017-5,E01023792,B26,5,3,1.6666666666666667
2017-5,E01023793,B14,1,1,1.0
2017-5,E01023793,B26,4,4,1.0
2017-5,E01023794,B1,3,2,1.5
2017-5,E01023794,B14,2,2,1.0
2017-5,E01023794,B26,3,2,1.5
2017-5,E01023794,B6,1,1,1.0
2017-5,E01023795,B1,1,1,1.0
2017-5,E01023795,B26,2,1,2.0
2017-5,E01023796,B1,5,4,1.25
2017-5,E01023796,B16,1,1,1.0
2017-5,E01023796,B26,5,3,1.6666666666666667
2017-5,E01023797,B26,2,2,1.0
2017-5,E01023798,B13,1,1,1.0
2017-5,E01023798,B19,1,1,1.0
2017-5,E01023798,B26,7,6,1.1666666666666667
2017-5,E01023799,B1,2,2,1.0
2017-5,E01023799,B26,2,2,1.0
2017-5,E01023799,B28,1,1,1.0
2017-5,E01023800,B1,3,2,1.5
2017-5,E01023800,B19,1,1,1.0
2017-5,E01023800,B26,4,3,1.3333333333333333
2017-5,E01023801,B1,6,4,1.5
2017-5,E01023801,B16,1,1,1.0
2017-5,E01023801,B17,1,1,1.0
2017-5,E01023801,B19,1,1,1.0
2017-5,E01023801,B26,4,4,1.0
2017-5,E01023801,B6,1,1,1.0
2017-5,E01023806,B26,2,1,2.0
2017-5,E01023806,B6,1,1,1.0
2017-5,E01023807,B26,1,1,1.0
2017-5,E01023807,B28,1,1,1.0
2017-5,E01023808,B1,1,1,1.0
2017-5,E01023810,B26,1,1,1.0
2017-5,E01023816,B16,1,1,1.0
2017-5,E01023816,B25,1,1,1.0
2017-5,E01023819,B28,1,1,1.0
2017-5,E01023825,B25,1,1,1.0
2017-5,E01023831,B13,1,1,1.0
2017-5,E01023831,B26,1,1,1.0
2017-5,E01023833,B1,1,1,1.0
2017-5,E01023833,B26,1,1,1.0
2017-5,E01023838,B25,1,1,1.0
2017-5,E01023843,B26,1,1,1.0
2017-5,E01023844,B1,1,1,1.0
2017-5,E01023845,B23,1,1,1.0
2017-5,E01023845,B26,1,1,1.0
2017-5,E01023850,B26,1,1,1.0
2017-5,E01023851,B25,1,1,1.0
2017-5,E01023854,B1,1,1,1.0
2017-5,E01023854,B13,1,1,1.0
2017-5,E01023855,B18,1,1,1.0
2017-5,E01023855,B26,3,2,1.5
2017-5,E01023857,B26,1,1,1.0
2017-5,E01023857,B28,1,1,1.0
2017-5,E01023858,B26,2,2,1.0
2017-5,E01023860,B16,1,1,1.0
2017-5,E01023866,B15,1,1,1.0
2017-5,E01023868,B26,1,1,1.0
2017-5,E01023870,B25,1,1,1.0
2017-5,E01023876,B16,1,1,1.0
2017-5,E01023881,B19,1,1,1.0
2017-5,E01023883,B19,1,1,1.0
2017-5,E01023885,B26,1,1,1.0
2017-5,E01023886,B16,1,1,1.0
2017-5,E01023893,B1,1,1,1.0
2017-5,E01023896,B4,1,1,1.0
2017-5,E01023904,B15,1,1,1.0
2017-5,E01023904,B16,1,1,1.0
2017-5,E01023905,B16,1,1,1.0
2017-5,E01023905,B17,1,1,1.0
2017-5,E01023907,B16,1,1,1.0
2017-5,E01023919,B28,1,1,1.0
2017-5,E01023921,B26,1,1,1.0
2017-5,E01023925,B26,2,1,2.0
2017-5,E01023926,B24,1,1,1.0
2017-5,E01023927,B19,1,1,1.0
2017-5,E01023927,B26,1,1,1.0
2017-5,E01023930,B13,1,1,1.0
2017-5,E01023935,B25,1,1,1.0
2017-5,E01023939,B16,1,1,1.0
2017-5,E01023941,B16,1,1,1.0
2017-5,E01023942,B1,1,1,1.0
2017-5,E01023942,B16,1,1,1.0
2017-5,E01023954,B17,1,1,1.0
2017-5,E01023954,B24,1,1,1.0
2017-5,E01023956,B26,2,1,2.0
2017-5,E01023962,B17,1,1,1.0
2017-5,E01023963,B17,1,1,1.0
2017-5,E01023964,B25,2,2,1.0
2017-5,E01023964,B27,1,1,1.0
2017-5,E01023971,B1,1,1,1.0
2017-5,E01023971,B16,1,1,1.0
2017-5,E01023973,B13,1,1,1.0
2017-5,E01023974,B13,2,1,2.0
2017-5,E01023974,B26,1,1,1.0
2017-5,E01023975,B19,1,1,1.0
2017-5,E01023976,B19,1,1,1.0
2017-5,E01023976,B26,1,1,1.0
2017-5,E01023981,B14,1,1,1.0
2017-5,E01023981,B19,1,1,1.0
2017-5,E01023981,B26,1,1,1.0
2017-5,E01023984,B26,2,1,2.0
2017-5,E01023985,B1,1,1,1.0
2017-5,E01023986,B13,1,1,1.0
2017-5,E01024004,B13,1,1,1.0
2017-5,E01024004,B25,3,2,1.5
2017-5,E01024017,B13,1,1,1.0
2017-5,E01024028,B26,5,1,5.0
2017-5,E01024031,B13,1,1,1.0
2017-5,E01024031,B25,2,1,2.0
2017-5,E01024032,B25,1,1,1.0
2017-5,E01024033,B25,1,1,1.0
2017-5,E01024039,B13,1,1,1.0
2017-5,E01024041,B24,1,1,1.0
2017-5,E01024053,B26,1,1,1.0
2017-5,E01024058,B19,1,1,1.0
2017-5,E01024064,B26,1,1,1.0
2017-5,E01024067,B25,2,1,2.0
2017-5,E01024069,B1,1,1,1.0
2017-5,E01024087,B13,1,1,1.0
2017-5,E01024087,B16,1,1,1.0
2017-5,E01024093,B19,1,1,1.0
2017-5,E01024093,B26,3,1,3.0
2017-5,E01024093,B6,1,1,1.0
2017-5,E01024118,B13,2,1,2.0
2017-5,E01024118,B4,1,1,1.0
2017-5,E01024124,B24,1,1,1.0
2017-5,E01024130,B19,1,1,1.0
2017-5,E01024134,B26,1,1,1.0
2017-5,E01024136,B19,1,1,1.0
2017-5,E01024137,B13,1,1,1.0
2017-5,E01024138,B25,2,1,2.0
2017-5,E01024154,B13,1,1,1.0
2017-5,E01024163,B25,1,1,1.0
2017-5,E01024166,B16,1,1,1.0
2017-5,E01024169,B16,1,1,1.0
2017-5,E01024182,B13,1,1,1.0
2017-5,E01024182,B19,1,1,1.0
2017-5,E01024196,B13,1,1,1.0
2017-5,E01024197,B1,1,1,1.0
2017-5,E01024254,B26,1,1,1.0
2017-5,E01024255,B25,1,1,1.0
2017-5,E01024257,B16,1,1,1.0
2017-5,E01024260,B16,1,1,1.0
2017-5,E01024265,B25,1,1,1.0
2017-5,E01024270,B16,1,1,1.0
2017-5,E01024278,B26,3,1,3.0
2017-5,E01024279,B18,1,1,1.0
2017-5,E01024280,B18,1,1,1.0
2017-5,E01024286,B26,1,1,1.0
2017-5,E01024292,B19,1,1,1.0
2017-5,E01024295,B14,2,1,2.0
2017-5,E01024296,B1,1,1,1.0
2017-5,E01024301,B26,1,1,1.0
2017-5,E01024303,B18,1,1,1.0
2017-5,E01024305,B19,1,1,1.0
2017-5,E01024333,B28,1,1,1.0
2017-5,E01024336,B25,1,1,1.0
2017-5,E01024342,B13,2,1,2.0
2017-5,E01024346,B28,1,1,1.0
2017-5,E01024347,B16,2,2,1.0
2017-5,E01024350,B19,1,1,1.0
2017-5,E01024369,B13,1,1,1.0
2017-5,E01024416,B25,1,1,1.0
2017-5,E01024419,B26,1,1,1.0
2017-5,E01024420,B19,2,1,2.0
2017-5,E01024420,B26,1,1,1.0
2017-5,E01024426,B25,1,1,1.0
2017-5,E01024428,B25,1,1,1.0
2017-5,E01024430,B25,1,1,1.0
2017-5,E01024433,B26,1,1,1.0
2017-5,E01024434,B18,2,1,2.0
2017-5,E01024439,B24,1,1,1.0
2017-5,E01024439,B28,1,1,1.0
2017-5,E01024449,B16,1,1,1.0
2017-5,E01024452,B26,1,1,1.0
2017-5,E01024455,B19,1,1,1.0
2017-5,E01024455,B26,1,1,1.0
2017-5,E01024456,B19,2,1,2.0
2017-5,E01024457,B26,1,1,1.0
2017-5,E01024458,B16,1,1,1.0
2017-5,E01024458,B26,1,1,1.0
2017-5,E01024461,B15,1,1,1.0
2017-5,E01024461,B17,1,1,1.0
2017-5,E01024467,B25,1,1,1.0
2017-5,E01024472,B17,1,1,1.0
2017-5,E01024475,B16,1,1,1.0
2017-5,E01024479,B16,1,1,1.0
2017-5,E01024481,B15,4,1,4.0
2017-5,E01024481,B16,1,1,1.0
2017-5,E01024485,B25,3,1,3.0
2017-5,E01024508,B24,1,1,1.0
2017-5,E01024518,B26,1,1,1.0
2017-5,E01024551,B1,1,1,1.0
2017-5,E01024551,B18,1,1,1.0
2017-5,E01024551,B25,1,1,1.0
2017-5,E01024553,B28,2,1,2.0
2017-5,E01024556,B13,2,2,1.0
2017-5,E01024557,B18,1,1,1.0
2017-5,E01024558,B13,1,1,1.0
2017-5,E01024560,B13,1,1,1.0
2017-5,E01024568,B26,1,1,1.0
2017-5,E01024571,B13,1,1,1.0
2017-5,E01024572,B13,1,1,1.0
2017-5,E01024579,B1,1,1,1.0
2017-5,E01024579,B15,11,1,11.0
2017-5,E01024579,B19,2,1,2.0
2017-5,E01024579,B25,1,1,1.0
2017-5,E01024582,B25,1,1,1.0
2017-5,E01024599,B16,1,1,1.0
2017-5,E01024602,B14,1,1,1.0
2017-5,E01024603,B25,2,2,1.0
2017-5,E01024625,B13,2,1,2.0
2017-5,E01024625,B25,1,1,1.0
2017-5,E01024627,B16,1,1,1.0
2017-5,E01024629,B15,1,1,1.0
2017-5,E01024635,B13,1,1,1.0
2017-5,E01024635,B26,1,1,1.0
2017-5,E01024637,B19,1,1,1.0
2017-5,E01024643,B26,3,1,3.0
2017-5,E01024649,B1,1,1,1.0
2017-5,E01024649,B16,1,1,1.0
2017-5,E01024649,B26,2,1,2.0
2017-5,E01024650,B25,1,1,1.0
2017-5,E01024651,B15,1,1,1.0
2017-5,E01024651,B26,2,1,2.0
2017-5,E01024653,B16,1,1,1.0
2017-5,E01024658,B19,1,1,1.0
2017-5,E01024658,B25,1,1,1.0
2017-5,E01024658,B26,1,1,1.0
2017-5,E01024659,B1,1,1,1.0
2017-5,E01024659,B14,1,1,1.0
2017-5,E01024659,B16,1,1,1.0
2017-5,E01024659,B25,1,1,1.0
2017-5,E01024662,B1,1,1,1.0
2017-5,E01024667,B1,2,1,2.0
2017-5,E01024667,B13,1,1,1.0
2017-5,E01024668,B1,1,1,1.0
2017-5,E01024672,B15,1,1,1.0
2017-5,E01024675,B25,1,1,1.0
2017-5,E01024688,B25,1,1,1.0
2017-5,E01024688,B28,1,1,1.0
2017-5,E01024691,B28,1,1,1.0
2017-5,E01024693,B25,1,1,1.0
2017-5,E01024698,B25,1,1,1.0
2017-5,E01024701,B26,1,1,1.0
2017-5,E01024706,B1,2,1,2.0
2017-5,E01024706,B24,1,1,1.0
2017-5,E01024706,B25,1,1,1.0
2017-5,E01024706,B26,1,1,1.0
2017-5,E01024717,B19,1,1,1.0
2017-5,E01024721,B13,1,1,1.0
2017-5,E01024721,B25,1,1,1.0
2017-5,E01024722,B1,1,1,1.0
2017-5,E01024722,B18,1,1,1.0
2017-5,E01024724,B15,1,1,1.0
2017-5,E01024740,B28,1,1,1.0
2017-5,E01024754,B25,1,1,1.0
2017-5,E01024755,B26,1,1,1.0
2017-5,E01024758,B25,6,5,1.2
2017-5,E01024762,B17,2,1,2.0
2017-5,E01024762,B19,2,1,2.0
2017-5,E01024762,B26,1,1,1.0
2017-5,E01024771,B15,2,1,2.0
2017-5,E01024772,B15,1,1,1.0
2017-5,E01024784,B25,1,1,1.0
2017-5,E01024786,B19,2,1,2.0
2017-5,E01024798,B25,1,1,1.0
2017-5,E01024799,B1,1,1,1.0
2017-5,E01024801,B19,1,1,1.0
2017-5,E01024802,B26,1,1,1.0
2017-5,E01024805,B14,1,1,1.0
2017-5,E01024805,B24,1,1,1.0
2017-5,E01024809,B16,1,1,1.0
2017-5,E01024811,B19,1,1,1.0
2017-5,E01024817,B18,1,1,1.0
2017-5,E01024817,B25,2,2,1.0
2017-5,E01024819,B25,2,1,2.0
2017-5,E01024822,B17,1,1,1.0
2017-5,E01024823,B19,1,1,1.0
2017-5,E01024825,B16,1,1,1.0
2017-5,E01024825,B26,4,3,1.3333333333333333
2017-5,E01024832,B14,2,1,2.0
2017-5,E01024833,B14,1,1,1.0
2017-5,E01024833,B25,2,1,2.0
2017-5,E01024833,B26,1,1,1.0
2017-5,E01024849,B25,1,1,1.0
2017-5,E01024851,B19,4,1,4.0
2017-5,E01024855,B15,1,1,1.0
2017-5,E01024861,B28,1,1,1.0
2017-5,E01024862,B1,1,1,1.0
2017-5,E01024872,B26,1,1,1.0
2017-5,E01024882,B16,1,1,1.0
2017-5,E01024882,B25,1,1,1.0
2017-5,E01024885,B26,1,1,1.0
2017-5,E01024917,B13,1,1,1.0
2017-5,E01024920,B26,2,1,2.0
2017-5,E01024921,B25,2,2,1.0
2017-5,E01024923,B24,1,1,1.0
2017-5,E01024923,B28,1,1,1.0
2017-5,E01024928,B26,1,1,1.0
2017-5,E01024934,B16,1,1,1.0
2017-5,E01024940,B24,1,1,1.0
2017-5,E01024943,B19,1,1,1.0
2017-5,E01024943,B26,3,2,1.5
2017-5,E01024943,B28,2,1,2.0
2017-5,E01024953,B18,1,1,1.0
2017-5,E01024959,B16,1,1,1.0
2017-5,E01024959,B25,1,1,1.0
2017-5,E01024961,B19,1,1,1.0
2017-5,E01024962,B17,1,1,1.0
2017-5,E01024962,B25,1,1,1.0
2017-5,E01024974,B13,1,1,1.0
2017-5,E01024978,B13,1,1,1.0
2017-5,E01024985,B13,1,1,1.0
2017-5,E01024986,B1,1,1,1.0
2017-5,E01024987,B19,2,2,1.0
2017-5,E01024987,B28,1,1,1.0
2017-5,E01024987,B6,1,1,1.0
2017-5,E01024988,B1,1,1,1.0
2017-5,E01025000,B16,1,1,1.0
2017-5,E01025002,B25,2,1,2.0
2017-5,E01025014,B13,1,1,1.0
2017-5,E01025016,B13,1,1,1.0
2017-5,E01025026,B25,1,1,1.0
2017-5,E01025027,B17,1,1,1.0
2017-5,E01025027,B25,1,1,1.0
2017-5,E01025028,B13,3,1,3.0
2017-5,E01025029,B13,1,1,1.0
2017-5,E01025031,B25,1,1,1.0
2017-5,E01025033,B1,1,1,1.0
2017-5,E01025051,B18,1,1,1.0
2017-5,E01025053,B25,1,1,1.0
2017-5,E01025065,B18,1,1,1.0
2017-5,E01025087,B19,1,1,1.0
2017-5,E01025088,B25,1,1,1.0
2017-5,E01025093,B13,1,1,1.0
2017-5,E01025093,B15,1,1,1.0
2017-5,E01025093,B16,1,1,1.0
2017-5,E01025093,B19,1,1,1.0
2017-5,E01025093,B25,1,1,1.0
2017-5,E01025095,B25,1,1,1.0
2017-5,E01025098,B25,9,4,2.25
2017-5,E01025098,B26,1,1,1.0
2017-5,E01025099,B13,1,1,1.0
2017-5,E01025100,B18,1,1,1.0
2017-5,E01025100,B19,1,1,1.0
2017-5,E01025100,B25,1,1,1.0
2017-5,E01025103,B16,1,1,1.0
2017-5,E01025107,B24,2,2,1.0
2017-5,E01025107,B28,1,1,1.0
2017-5,E01025108,B13,1,1,1.0
2017-5,E01025110,B28,1,1,1.0
2017-5,E01025111,B25,1,1,1.0
2017-5,E01025113,B1,1,1,1.0
2017-5,E01025120,B19,1,1,1.0
2017-5,E01025126,B25,5,1,5.0
2017-5,E01025127,B15,1,1,1.0
2017-5,E01025127,B19,1,1,1.0
2017-5,E01025127,B25,1,1,1.0
2017-5,E01025128,B17,1,1,1.0
2017-5,E01025128,B25,1,1,1.0
2017-5,E01025129,B18,1,1,1.0
2017-5,E01025129,B26,1,1,1.0
2017-5,E01025130,B13,1,1,1.0
2017-5,E01025130,B16,1,1,1.0
2017-5,E01025130,B25,1,1,1.0
2017-5,E01025141,B13,1,1,1.0
2017-5,E01025142,B19,1,1,1.0
2017-5,E01025142,B26,2,2,1.0
2017-5,E01025143,B15,1,1,1.0
2017-5,E01025143,B17,1,1,1.0
2017-5,E01025143,B24,1,1,1.0
2017-5,E01025145,B13,1,1,1.0
2017-5,E01025146,B19,1,1,1.0
2017-5,E01025147,B15,1,1,1.0
2017-5,E01025147,B24,1,1,1.0
2017-5,E01025148,B25,1,1,1.0
2017-5,E01025149,B26,2,1,2.0
2017-5,E01025150,B13,1,1,1.0
2017-5,E01025165,B16,1,1,1.0
2017-5,E01025167,B13,1,1,1.0
2017-5,E01025167,B16,1,1,1.0
2017-5,E01025169,B25,1,1,1.0
2017-5,E01025171,B17,1,1,1.0
2017-5,E01025171,B26,1,1,1.0
2017-5,E01025172,B24,1,1,1.0
2017-5,E01025178,B25,1,1,1.0
2017-5,E01025192,B26,1,1,1.0
2017-5,E01025200,B26,1,1,1.0
2017-5,E01025210,B24,1,1,1.0
2017-5,E01025213,B19,1,1,1.0
2017-5,E01025232,B1,1,1,1.0
2017-5,E01025241,B25,1,1,1.0
2017-5,E01025250,B25,3,1,3.0
2017-5,E01025251,B26,1,1,1.0
2017-5,E01025255,B28,1,1,1.0
2017-5,E01025269,B18,1,1,1.0
2017-5,E01025275,B15,1,1,1.0
2017-5,E01025277,B16,1,1,1.0
2017-5,E01025280,B25,1,1,1.0
2017-5,E01025280,B26,1,1,1.0
2017-5,E01025280,B28,1,1,1.0
2017-5,E01025284,B26,1,1,1.0
2017-5,E01025300,B1,1,1,1.0
2017-5,E01025300,B17,1,1,1.0
2017-5,E01025303,B26,1,1,1.0
2017-5,E01025310,B26,1,1,1.0
2017-5,E01025315,B16,1,1,1.0
2017-5,E01025321,B13,1,1,1.0
2017-5,E01025324,B26,1,1,1.0
2017-5,E01025332,B13,1,1,1.0
2017-5,E01025336,B13,1,1,1.0
2017-5,E01025340,B25,1,1,1.0
2017-5,E01025347,B15,1,1,1.0
2017-5,E01025347,B25,1,1,1.0
2017-5,E01025349,B25,1,1,1.0
2017-5,E01025356,B26,1,1,1.0
2017-5,E01025357,B26,1,1,1.0
2017-5,E01025359,B25,1,1,1.0
2017-5,E01025363,B18,1,1,1.0
2017-5,E01025365,B25,1,1,1.0
2017-5,E01025366,B26,1,1,1.0
2017-5,E01025368,B26,1,1,1.0
2017-5,E01025369,B13,1,1,1.0
2017-5,E01025373,B25,1,1,1.0
2017-5,E01025378,B19,1,1,1.0
2017-5,E01025378,B26,1,1,1.0
2017-5,E01025378,B28,1,1,1.0
2017-5,E01025379,B16,1,1,1.0
2017-5,E01025380,B25,1,1,1.0
2017-5,E01025382,B26,1,1,1.0
2017-5,E01025384,B26,1,1,1.0
2017-5,E01025395,B4,3,1,3.0
2017-5,E01025396,B26,2,1,2.0
2017-5,E01025397,B16,1,1,1.0
2017-5,E01025397,B19,1,1,1.0
2017-5,E01025397,B26,3,2,1.5
2017-5,E01025398,B25,1,1,1.0
2017-5,E01025404,B16,1,1,1.0
2017-5,E01025405,B1,1,1,1.0
2017-5,E01025407,B13,1,1,1.0
2017-5,E01025407,B28,1,1,1.0
2017-5,E01025408,B14,1,1,1.0
2017-5,E01025414,B16,1,1,1.0
2017-5,E01025416,B25,1,1,1.0
2017-5,E01025417,B25,1,1,1.0
2017-5,E01025417,B28,1,1,1.0
2017-5,E01025420,B13,1,1,1.0
2017-5,E01025440,B19,2,1,2.0
2017-5,E01025443,B25,1,1,1.0
2017-5,E01025444,B6,1,1,1.0
2017-5,E01025452,B25,1,1,1.0
2017-5,E01025458,B13,1,1,1.0
2017-5,E01025464,B17,1,1,1.0
2017-5,E01025464,B19,1,1,1.0
2017-5,E01025465,B25,1,1,1.0
2017-5,E01025472,B25,1,1,1.0
2017-5,E01025479,B25,2,2,1.0
2017-5,E01025479,B28,1,1,1.0
2017-5,E01025486,B28,2,1,2.0
2017-5,E01025490,B25,1,1,1.0
2017-5,E01025500,B19,1,1,1.0
2017-5,E01025500,B25,1,1,1.0
2017-5,E01025505,B26,1,1,1.0
2017-5,E01025507,B16,1,1,1.0
2017-5,E01025509,B18,1,1,1.0
2017-5,E01025509,B25,1,1,1.0
2017-5,E01025514,B13,1,1,1.0
2017-5,E01025514,B26,1,1,1.0
2017-5,E01025530,B25,1,1,1.0
2017-5,E01025534,B28,1,1,1.0
2017-5,E01025538,B13,1,1,1.0
2017-5,E01025545,B13,1,1,1.0
2017-5,E01025545,B25,1,1,1.0
2017-5,E01025547,B13,1,1,1.0
2017-5,E01025551,B27,1,1,1.0
2017-5,E01025552,B13,1,1,1.0
2017-5,E01025556,B16,1,1,1.0
2017-5,E01025557,B25,1,1,1.0
2017-5,E01025567,B25,1,1,1.0
2017-5,E01025571,B19,1,1,1.0
2017-5,E01025571,B25,1,1,1.0
2017-5,E01025577,B28,1,1,1.0
2017-5,E01025582,B19,1,1,1.0
2017-5,E01025592,B19,1,1,1.0
2017-5,E01025594,B18,1,1,1.0
2017-5,E01025594,B26,2,1,2.0
2017-5,E01025595,B19,1,1,1.0
2017-5,E01025597,B19,1,1,1.0
2017-5,E01025598,B26,1,1,1.0
2017-5,E01025601,B13,1,1,1.0
2017-5,E01025601,B17,1,1,1.0
2017-5,E01025603,B24,1,1,1.0
2017-5,E01025603,B28,1,1,1.0
2017-5,E01025617,B13,1,1,1.0
2017-5,E01025617,B18,1,1,1.0
2017-5,E01025617,B25,1,1,1.0
2017-5,E01025626,B13,1,1,1.0
2017-5,E01025626,B25,1,1,1.0
2017-5,E01025630,B25,1,1,1.0
2017-5,E01025633,B13,1,1,1.0
2017-5,E01025635,B1,1,1,1.0
2017-5,E01025638,B24,1,1,1.0
2017-5,E01025645,B13,1,1,1.0
2017-5,E01025645,B17,1,1,1.0
2017-5,E01025653,B16,1,1,1.0
2017-5,E01025659,B18,1,1,1.0
2017-5,E01025668,B26,1,1,1.0
2017-5,E01025687,B25,2,1,2.0
2017-5,E01025699,B13,2,1,2.0
2017-5,E01025703,B24,1,1,1.0
2017-5,E01025704,B25,1,1,1.0
2017-5,E01025706,B25,1,1,1.0
2017-5,E01025711,B16,1,1,1.0
2017-5,E01025711,B28,1,1,1.0
2017-5,E01025726,B19,2,1,2.0
2017-5,E01025734,B14,1,1,1.0
2017-5,E01025743,B19,1,1,1.0
2017-5,E01025746,B18,1,1,1.0
2017-5,E01025748,B18,1,1,1.0
2017-5,E01025751,B13,1,1,1.0
2017-5,E01025757,B13,1,1,1.0
2017-5,E01025768,B25,1,1,1.0
2017-5,E01025769,B19,1,1,1.0
2017-5,E01025776,B25,1,1,1.0
2017-5,E01025777,B1,1,1,1.0
2017-5,E01025778,B15,1,1,1.0
2017-5,E01025780,B13,2,1,2.0
2017-5,E01025780,B25,1,1,1.0
2017-5,E01025781,B26,1,1,1.0
2017-5,E01025787,B16,1,1,1.0
2017-5,E01025788,B26,1,1,1.0
2017-5,E01025791,B26,1,1,1.0
2017-5,E01025792,B13,1,1,1.0
2017-5,E01025794,B28,1,1,1.0
2017-5,E01025797,B13,1,1,1.0
2017-5,E01025798,B13,1,1,1.0
2017-5,E01025800,B13,1,1,1.0
2017-5,E01025802,B26,1,1,1.0
2017-5,E01025807,B26,1,1,1.0
2017-5,E01025808,B1,1,1,1.0
2017-5,E01025808,B13,1,1,1.0
2017-5,E01025808,B25,2,2,1.0
2017-5,E01025808,B26,1,1,1.0
2017-5,E01025815,B25,1,1,1.0
2017-5,E01025815,B26,1,1,1.0
2017-5,E01025816,B26,1,1,1.0
2017-5,E01025817,B25,1,1,1.0
2017-5,E01025818,B25,1,1,1.0
2017-5,E01025827,B1,1,1,1.0
2017-5,E01025827,B26,3,1,3.0
2017-5,E01025829,B19,1,1,1.0
2017-5,E01025848,B24,1,1,1.0
2017-5,E01025849,B28,1,1,1.0
2017-5,E01025864,B13,1,1,1.0
2017-5,E01025864,B25,1,1,1.0
2017-5,E01025869,B16,1,1,1.0
2017-5,E01025882,B13,1,1,1.0
2017-5,E01025882,B25,1,1,1.0
2017-5,E01025884,B16,1,1,1.0
2017-5,E01025887,B25,1,1,1.0
2017-5,E01025888,B26,1,1,1.0
2017-5,E01025890,B25,1,1,1.0
2017-5,E01025896,B26,1,1,1.0
2017-5,E01025904,B15,1,1,1.0
2017-5,E01025904,B26,2,1,2.0
2017-5,E01025904,B6,1,1,1.0
2017-5,E01025909,B25,1,1,1.0
2017-5,E01025913,B16,1,1,1.0
2017-5,E01025913,B19,1,1,1.0
2017-5,E01025946,B26,2,2,1.0
2017-5,E01025976,B16,1,1,1.0
2017-5,E01025990,B28,1,1,1.0
2017-5,E01025997,B16,1,1,1.0
2017-5,E01026003,B24,1,1,1.0
2017-5,E01026009,B13,1,1,1.0
2017-5,E01026009,B16,1,1,1.0
2017-5,E01026027,B25,1,1,1.0
2017-5,E01026038,B25,1,1,1.0
2017-5,E01026038,B26,1,1,1.0
2017-5,E01026055,B25,1,1,1.0
2017-5,E01026066,B19,2,1,2.0
2017-5,E01026070,B13,1,1,1.0
2017-5,E01026074,B19,1,1,1.0
2017-5,E01026078,B25,2,2,1.0
2017-5,E01026082,B25,1,1,1.0
2017-5,E01026105,B13,1,1,1.0
2017-5,E01026105,B25,5,4,1.25
2017-5,E01026109,B16,1,1,1.0
2017-5,E01026122,B17,1,1,1.0
2017-5,E01026123,B17,1,1,1.0
2017-5,E01026124,B19,1,1,1.0
2017-5,E01026124,B26,1,1,1.0
2017-5,E01026137,B19,1,1,1.0
2017-5,E01026146,B25,1,1,1.0
2017-5,E01026154,B17,1,1,1.0
2017-5,E01026156,B17,1,1,1.0
2017-5,E01026163,B25,2,2,1.0
2017-5,E01026163,B28,1,1,1.0
2017-5,E01026176,B13,2,1,2.0
2017-5,E01026182,B25,1,1,1.0
2017-5,E01026191,B25,1,1,1.0
2017-5,E01026193,B25,1,1,1.0
2017-5,E01026195,B13,1,1,1.0
2017-5,E01026195,B19,1,1,1.0
2017-5,E01026195,B25,1,1,1.0
2017-5,E01026199,B25,3,1,3.0
2017-5,E01026200,B25,1,1,1.0
2017-5,E01026210,B13,1,1,1.0
2017-5,E01026211,B13,1,1,1.0
2017-5,E01026221,B25,1,1,1.0
2017-5,E01026231,B16,1,1,1.0
2017-5,E01026236,B17,1,1,1.0
2017-5,E01026246,B19,1,1,1.0
2017-5,E01026246,B25,2,1,2.0
2017-5,E01026262,B16,1,1,1.0
2017-5,E01026262,B25,1,1,1.0
2017-5,E01026263,B15,1,1,1.0
2017-5,E01026267,B28,1,1,1.0
2017-5,E01026270,B28,1,1,1.0
2017-5,E01026271,B1,1,1,1.0
2017-5,E01026271,B17,1,1,1.0
2017-5,E01026275,B26,1,1,1.0
2017-5,E01026280,B16,1,1,1.0
2017-5,E01026290,B16,1,1,1.0
2017-5,E01026290,B25,1,1,1.0
2017-5,E01026298,B25,1,1,1.0
2017-5,E01026301,B13,1,1,1.0
2017-5,E01026301,B14,1,1,1.0
2017-5,E01026312,B1,1,1,1.0
2017-5,E01026312,B16,1,1,1.0
2017-5,E01026312,B26,1,1,1.0
2017-5,E01026316,B19,1,1,1.0
2017-5,E01026316,B25,1,1,1.0
2017-5,E01026317,B16,1,1,1.0
2017-5,E01026318,B6,1,1,1.0
2017-5,E01026319,B25,1,1,1.0
2017-5,E01026320,B1,1,1,1.0
2017-5,E01026320,B17,2,1,2.0
2017-5,E01026320,B26,1,1,1.0
2017-5,E01026321,B19,1,1,1.0
2017-5,E01026321,B26,3,1,3.0
2017-5,E01026322,B15,1,1,1.0
2017-5,E01026322,B19,1,1,1.0
2017-5,E01026323,B14,1,1,1.0
2017-5,E01026323,B17,1,1,1.0
2017-5,E01026323,B28,1,1,1.0
2017-5,E01026328,B26,1,1,1.0
2017-5,E01026329,B25,1,1,1.0
2017-5,E01026333,B25,1,1,1.0
2017-5,E01026343,B19,1,1,1.0
2017-5,E01026343,B25,1,1,1.0
2017-5,E01026350,B13,1,1,1.0
2017-5,E01026350,B25,2,2,1.0
2017-5,E01026359,B19,1,1,1.0
2017-5,E01026361,B16,1,1,1.0
2017-5,E01026361,B19,1,1,1.0
2017-5,E01026361,B25,3,2,1.5
2017-5,E01026361,B27,1,1,1.0
2017-5,E01026365,B13,1,1,1.0
2017-5,E01026365,B24,1,1,1.0
2017-5,E01026365,B27,1,1,1.0
2017-5,E01026366,B25,1,1,1.0
2017-5,E01026372,B13,1,1,1.0
2017-5,E01026376,B13,1,1,1.0
2017-5,E01026383,B14,1,1,1.0
2017-5,E01026383,B28,1,1,1.0
2017-5,E01026384,B16,1,1,1.0
2017-5,E01026384,B21,1,1,1.0
2017-5,E01026394,B19,1,1,1.0
2017-5,E01026411,B16,1,1,1.0
2017-5,E01026412,B13,1,1,1.0
2017-5,E01026414,B25,1,1,1.0
2017-5,E01026420,B25,1,1,1.0
2017-5,E01026422,B13,1,1,1.0
2017-5,E01026422,B16,1,1,1.0
2017-5,E01026424,B24,1,1,1.0
2017-5,E01026440,B13,1,1,1.0
2017-5,E01026446,B19,1,1,1.0
2017-5,E01026446,B25,1,1,1.0
2017-5,E01026446,B28,1,1,1.0
2017-5,E01026448,B13,1,1,1.0
2017-5,E01026450,B16,1,1,1.0
2017-5,E01026465,B23,2,2,1.0
2017-5,E01026466,B1,1,1,1.0
2017-5,E01026466,B19,1,1,1.0
2017-5,E01026468,B23,2,2,1.0
2017-5,E01026470,B15,1,1,1.0
2017-5,E01026470,B24,1,1,1.0
2017-5,E01026470,B28,1,1,1.0
2017-5,E01026471,B28,1,1,1.0
2017-5,E01026474,B17,1,1,1.0
2017-5,E01026474,B26,1,1,1.0
2017-5,E01026474,B28,3,2,1.5
2017-5,E01026475,B16,1,1,1.0
2017-5,E01026475,B27,1,1,1.0
2017-5,E01026476,B25,1,1,1.0
2017-5,E01026477,B26,2,2,1.0
2017-5,E01026478,B13,1,1,1.0
2017-5,E01026478,B16,2,2,1.0
2017-5,E01026478,B19,2,2,1.0
2017-5,E01026478,B26,1,1,1.0
2017-5,E01026480,B23,1,1,1.0
2017-5,E01026486,B16,1,1,1.0
2017-5,E01026490,B13,1,1,1.0
2017-5,E01026490,B19,1,1,1.0
2017-5,E01026490,B28,1,1,1.0
2017-5,E01026494,B13,1,1,1.0
2017-5,E01026494,B24,1,1,1.0
2017-5,E01026501,B13,1,1,1.0
2017-5,E01026512,B25,1,1,1.0
2017-5,E01026514,B13,1,1,1.0
2017-5,E01026516,B23,1,1,1.0
2017-5,E01026521,B17,1,1,1.0
2017-5,E01026523,B25,1,1,1.0
2017-5,E01026524,B25,2,1,2.0
2017-5,E01026525,B23,1,1,1.0
2017-5,E01026535,B25,1,1,1.0
2017-5,E01026548,B25,1,1,1.0
2017-5,E01026554,B13,1,1,1.0
2017-5,E01026558,B24,1,1,1.0
2017-5,E01026558,B25,2,1,2.0
2017-5,E01026562,B27,1,1,1.0
2017-5,E01026563,B16,1,1,1.0
2017-5,E01026563,B19,1,1,1.0
2017-5,E01026568,B17,1,1,1.0
2017-5,E01026570,B28,1,1,1.0
2017-5,E01026590,B26,1,1,1.0
2017-5,E01026594,B26,1,1,1.0
2017-5,E01026597,B16,2,2,1.0
2017-5,E01026597,B19,1,1,1.0
2017-5,E01026604,B16,2,1,2.0
2017-5,E01026611,B18,1,1,1.0
2017-5,E01026614,B13,1,1,1.0
2017-5,E01026615,B13,1,1,1.0
2017-5,E01026626,B16,1,1,1.0
2017-5,E01026626,B26,1,1,1.0
2017-5,E01026631,B19,1,1,1.0
2017-5,E01026635,B18,1,1,1.0
2017-5,E01026637,B4,1,1,1.0
2017-5,E01026640,B15,1,1,1.0
2017-5,E01026640,B19,1,1,1.0
2017-5,E01026640,B26,1,1,1.0
2017-5,E01026641,B18,1,1,1.0
2017-5,E01026650,B19,1,1,1.0
2017-5,E01026651,B13,1,1,1.0
2017-5,E01026651,B16,1,1,1.0
2017-5,E01026651,B24,1,1,1.0
2017-5,E01026665,B28,2,2,1.0
2017-5,E01026679,B26,1,1,1.0
2017-5,E01026704,B13,1,1,1.0
2017-5,E01026706,B24,1,1,1.0
2017-5,E01026714,B19,1,1,1.0
2017-5,E01026717,B13,2,1,2.0
2017-5,E01026717,B24,2,1,2.0
2017-5,E01026719,B16,1,1,1.0
2017-5,E01026720,B16,1,1,1.0
2017-5,E01026720,B19,1,1,1.0
2017-5,E01026721,B25,1,1,1.0
2017-5,E01026722,B16,1,1,1.0
2017-5,E01026722,B25,1,1,1.0
2017-5,E01026723,B23,1,1,1.0
2017-5,E01026724,B23,1,1,1.0
2017-5,E01026726,B16,1,1,1.0
2017-5,E01026726,B25,1,1,1.0
2017-5,E01026727,B23,1,1,1.0
2017-5,E01026728,B13,1,1,1.0
2017-5,E01026730,B19,1,1,1.0
2017-5,E01026738,B23,4,1,4.0
2017-5,E01026748,B1,1,1,1.0
2017-5,E01026750,B23,1,1,1.0
2017-5,E01026751,B18,2,1,2.0
2017-5,E01026751,B26,1,1,1.0
2017-5,E01026752,B23,1,1,1.0
2017-5,E01026758,B1,2,1,2.0
2017-5,E01026761,B23,1,1,1.0
2017-5,E01026762,B23,1,1,1.0
2017-5,E01026764,B19,1,1,1.0
2017-5,E01026766,B16,1,1,1.0
2017-5,E01026768,B23,1,1,1.0
2017-5,E01026774,B13,2,1,2.0
2017-5,E01026774,B26,1,1,1.0
2017-5,E01026776,B16,1,1,1.0
2017-5,E01026778,B23,2,1,2.0
2017-5,E01026785,B23,1,1,1.0
2017-5,E01026789,B23,1,1,1.0
2017-5,E01026790,B23,2,1,2.0
2017-5,E01026792,B24,1,1,1.0
2017-5,E01026796,B26,2,1,2.0
2017-5,E01026796,B28,1,1,1.0
2017-5,E01026798,B26,1,1,1.0
2017-5,E01026799,B16,1,1,1.0
2017-5,E01026800,B26,1,1,1.0
2017-5,E01026811,B19,1,1,1.0
2017-5,E01026814,B16,1,1,1.0
2017-5,E01026817,B25,1,1,1.0
2017-5,E01026818,B13,1,1,1.0
2017-5,E01026818,B25,1,1,1.0
2017-5,E01026818,B26,1,1,1.0
2017-5,E01026819,B16,3,1,3.0
2017-5,E01026819,B19,1,1,1.0
2017-5,E01026819,B26,2,1,2.0
2017-5,E01026825,B15,1,1,1.0
2017-5,E01026828,B13,1,1,1.0
2017-5,E01026828,B19,2,1,2.0
2017-5,E01026828,B27,1,1,1.0
2017-5,E01026829,B19,1,1,1.0
2017-5,E01026833,B25,1,1,1.0
2017-5,E01026844,B26,3,2,1.5
2017-5,E01026845,B26,1,1,1.0
2017-5,E01026846,B18,1,1,1.0
2017-5,E01026848,B18,1,1,1.0
2017-5,E01026852,B26,1,1,1.0
2017-5,E01026856,B26,1,1,1.0
2017-5,E01026863,B15,1,1,1.0
2017-5,E01026869,B28,1,1,1.0
2017-5,E01026874,B26,1,1,1.0
2017-5,E01026881,B26,1,1,1.0
2017-5,E01026894,B25,1,1,1.0
2017-5,E01026894,B26,1,1,1.0
2017-5,E01026897,B13,1,1,1.0
2017-5,E01026897,B25,1,1,1.0
2017-5,E01026898,B28,1,1,1.0
2017-5,E01026927,B26,1,1,1.0
2017-5,E01026930,B13,1,1,1.0
2017-5,E01026933,B28,1,1,1.0
2017-5,E01026940,B25,1,1,1.0
2017-5,E01026961,B25,1,1,1.0
2017-5,E01026974,B25,1,1,1.0
2017-5,E01026975,B25,2,1,2.0
2017-5,E01026978,B26,1,1,1.0
2017-5,E01026984,B25,1,1,1.0
2017-5,E01026997,B25,1,1,1.0
2017-5,E01027006,B28,1,1,1.0
2017-5,E01027011,B13,1,1,1.0
2017-5,E01027018,B25,1,1,1.0
2017-5,E01027025,B18,1,1,1.0
2017-5,E01027031,B25,1,1,1.0
2017-5,E01027043,B16,1,1,1.0
2017-5,E01027044,B13,1,1,1.0
2017-5,E01027044,B25,1,1,1.0
2017-5,E01027045,B19,2,1,2.0
2017-5,E01027045,B28,1,1,1.0
2017-5,E01027053,B18,1,1,1.0
2017-5,E01027055,B17,1,1,1.0
2017-5,E01027055,B19,1,1,1.0
2017-5,E01027059,B1,1,1,1.0
2017-5,E01027059,B19,1,1,1.0
2017-5,E01027062,B19,1,1,1.0
2017-5,E01027083,B25,1,1,1.0
2017-5,E01027086,B17,1,1,1.0
2017-5,E01027086,B19,1,1,1.0
2017-5,E01027104,B26,1,1,1.0
2017-5,E01027105,B16,1,1,1.0
2017-5,E01027124,B16,1,1,1.0
2017-5,E01027126,B25,1,1,1.0
2017-5,E01027129,B17,1,1,1.0
2017-5,E01027129,B25,1,1,1.0
2017-5,E01027140,B18,1,1,1.0
2017-5,E01027143,B25,1,1,1.0
2017-5,E01027152,B26,2,1,2.0
2017-5,E01027173,B1,2,1,2.0
2017-5,E01027173,B26,1,1,1.0
2017-5,E01027175,B1,1,1,1.0
2017-5,E01027181,B25,1,1,1.0
2017-5,E01027185,B26,2,1,2.0
2017-5,E01027186,B1,1,1,1.0
2017-5,E01027187,B16,1,1,1.0
2017-5,E01027187,B26,1,1,1.0
2017-5,E01027191,B18,1,1,1.0
2017-5,E01027204,B25,1,1,1.0
2017-5,E01027216,B26,1,1,1.0
2017-5,E01027219,B18,1,1,1.0
2017-5,E01027225,B16,1,1,1.0
2017-5,E01027231,B19,1,1,1.0
2017-5,E01027233,B25,1,1,1.0
2017-5,E01027252,B25,1,1,1.0
2017-5,E01027254,B1,1,1,1.0
2017-5,E01027257,B26,1,1,1.0
2017-5,E01027262,B25,1,1,1.0
2017-5,E01027272,B18,1,1,1.0
2017-5,E01027279,B18,1,1,1.0
2017-5,E01027284,B16,1,1,1.0
2017-5,E01027287,B24,1,1,1.0
2017-5,E01027290,B13,1,1,1.0
2017-5,E01027290,B25,6,1,6.0
2017-5,E01027290,B26,1,1,1.0
2017-5,E01027295,B13,1,1,1.0
2017-5,E01027295,B25,2,2,1.0
2017-5,E01027303,B24,1,1,1.0
2017-5,E01027304,B25,1,1,1.0
2017-5,E01027310,B18,1,1,1.0
2017-5,E01027316,B13,1,1,1.0
2017-5,E01027326,B16,1,1,1.0
2017-5,E01027326,B19,1,1,1.0
2017-5,E01027331,B1,1,1,1.0
2017-5,E01027349,B13,1,1,1.0
2017-5,E01027356,B26,1,1,1.0
2017-5,E01027364,B25,1,1,1.0
2017-5,E01027372,B13,1,1,1.0
2017-5,E01027375,B25,1,1,1.0
2017-5,E01027381,B25,1,1,1.0
2017-5,E01027388,B1,1,1,1.0
2017-5,E01027388,B19,1,1,1.0
2017-5,E01027398,B19,1,1,1.0
2017-5,E01027422,B28,1,1,1.0
2017-5,E01027423,B16,2,1,2.0
2017-5,E01027424,B26,1,1,1.0
2017-5,E01027429,B13,1,1,1.0
2017-5,E01027433,B18,1,1,1.0
2017-5,E01027435,B19,1,1,1.0
2017-5,E01027453,B24,1,1,1.0
2017-5,E01027476,B13,1,1,1.0
2017-5,E01027478,B1,1,1,1.0
2017-5,E01027487,B18,1,1,1.0
2017-5,E01027495,B25,1,1,1.0
2017-5,E01027499,B26,1,1,1.0
2017-5,E01027506,B26,2,1,2.0
2017-5,E01027510,B25,2,2,1.0
2017-5,E01027518,B17,1,1,1.0
2017-5,E01027532,B26,1,1,1.0
2017-5,E01027539,B26,1,1,1.0
2017-5,E01027550,B26,1,1,1.0
2017-5,E01027551,B25,2,1,2.0
2017-5,E01027557,B26,1,1,1.0
2017-5,E01027570,B28,1,1,1.0
2017-5,E01027577,B24,1,1,1.0
2017-5,E01027577,B26,1,1,1.0
2017-5,E01027597,B26,1,1,1.0
2017-5,E01027613,B26,1,1,1.0
2017-5,E01027618,B25,1,1,1.0
2017-5,E01027626,B25,1,1,1.0
2017-5,E01027635,B13,1,1,1.0
2017-5,E01027643,B26,1,1,1.0
2017-5,E01027646,B16,1,1,1.0
2017-5,E01027646,B26,3,2,1.5
2017-5,E01027649,B18,1,1,1.0
2017-5,E01027650,B25,1,1,1.0
2017-5,E01027652,B28,1,1,1.0
2017-5,E01027657,B25,1,1,1.0
2017-5,E01027660,B25,1,1,1.0
2017-5,E01027669,B13,1,1,1.0
2017-5,E01027669,B25,1,1,1.0
2017-5,E01027670,B1,1,1,1.0
2017-5,E01027678,B24,1,1,1.0
2017-5,E01027678,B25,3,1,3.0
2017-5,E01027687,B25,2,1,2.0
2017-5,E01027689,B25,1,1,1.0
2017-5,E01027691,B25,1,1,1.0
2017-5,E01027697,B8,1,1,1.0
2017-5,E01027703,B25,1,1,1.0
2017-5,E01027720,B25,1,1,1.0
2017-5,E01027720,B6,1,1,1.0
2017-5,E01027722,B26,2,1,2.0
2017-5,E01027722,B27,1,1,1.0
2017-5,E01027723,B27,1,1,1.0
2017-5,E01027724,B25,1,1,1.0
2017-5,E01027725,B13,1,1,1.0
2017-5,E01027735,B13,1,1,1.0
2017-5,E01027750,B25,1,1,1.0
2017-5,E01027767,B26,1,1,1.0
2017-5,E01027769,B26,1,1,1.0
2017-5,E01027776,B13,1,1,1.0
2017-5,E01027781,B25,1,1,1.0
2017-5,E01027782,B13,1,1,1.0
2017-5,E01027785,B16,1,1,1.0
2017-5,E01027785,B19,1,1,1.0
2017-5,E01027786,B19,1,1,1.0
2017-5,E01027792,B18,1,1,1.0
2017-5,E01027797,B13,2,2,1.0
2017-5,E01027797,B25,3,2,1.5
2017-5,E01027800,B25,1,1,1.0
2017-5,E01027805,B19,1,1,1.0
2017-5,E01027852,B19,1,1,1.0
2017-5,E01027861,B19,1,1,1.0
2017-5,E01027882,B25,1,1,1.0
2017-5,E01027891,B13,1,1,1.0
2017-5,E01027892,B26,2,1,2.0
2017-5,E01027896,B16,1,1,1.0
2017-5,E01027898,B27,1,1,1.0
2017-5,E01027901,B15,1,1,1.0
2017-5,E01027908,B25,1,1,1.0
2017-5,E01027909,B25,1,1,1.0
2017-5,E01027931,B25,1,1,1.0
2017-5,E01027932,B25,1,1,1.0
2017-5,E01027933,B26,1,1,1.0
2017-5,E01027947,B25,1,1,1.0
2017-5,E01027958,B25,1,1,1.0
2017-5,E01027959,B19,2,2,1.0
2017-5,E01027959,B25,1,1,1.0
2017-5,E01027959,B26,1,1,1.0
2017-5,E01027966,B16,1,1,1.0
2017-5,E01027986,B25,2,1,2.0
2017-5,E01027990,B25,1,1,1.0
2017-5,E01027992,B25,1,1,1.0
2017-5,E01027995,B26,1,1,1.0
2017-5,E01027997,B25,1,1,1.0
2017-5,E01028004,B19,1,1,1.0
2017-5,E01028011,B16,2,1,2.0
2017-5,E01028011,B18,1,1,1.0
2017-5,E01028011,B26,1,1,1.0
2017-5,E01028011,B27,1,1,1.0
2017-5,E01028020,B18,1,1,1.0
2017-5,E01028020,B25,1,1,1.0
2017-5,E01028023,B24,1,1,1.0
2017-5,E01028023,B26,1,1,1.0
2017-5,E01028024,B17,1,1,1.0
2017-5,E01028026,B28,1,1,1.0
2017-5,E01028036,B25,1,1,1.0
2017-5,E01028036,B4,1,1,1.0
2017-5,E01028046,B25,1,1,1.0
2017-5,E01028066,B4,1,1,1.0
2017-5,E01028070,B25,1,1,1.0
2017-5,E01028074,B1,1,1,1.0
2017-5,E01028075,B13,1,1,1.0
2017-5,E01028075,B24,1,1,1.0
2017-5,E01028077,B13,1,1,1.0
2017-5,E01028096,B25,1,1,1.0
2017-5,E01028097,B17,1,1,1.0
2017-5,E01028100,B25,1,1,1.0
2017-5,E01028119,B16,1,1,1.0
2017-5,E01028123,B18,1,1,1.0
2017-5,E01028124,B25,1,1,1.0
2017-5,E01028129,B1,1,1,1.0
2017-5,E01028143,B19,1,1,1.0
2017-5,E01028149,B6,1,1,1.0
2017-5,E01028152,B26,1,1,1.0
2017-5,E01028170,B26,1,1,1.0
2017-5,E01028185,B19,2,1,2.0
2017-5,E01028189,B26,1,1,1.0
2017-5,E01028237,B25,1,1,1.0
2017-5,E01028255,B25,1,1,1.0
2017-5,E01028277,B15,1,1,1.0
2017-5,E01028279,B26,1,1,1.0
2017-5,E01028284,B16,1,1,1.0
2017-5,E01028300,B16,2,1,2.0
2017-5,E01028300,B19,2,1,2.0
2017-5,E01028310,B13,1,1,1.0
2017-5,E01028310,B26,1,1,1.0
2017-5,E01028310,B28,1,1,1.0
2017-5,E01028312,B26,1,1,1.0
2017-5,E01028321,B25,1,1,1.0
2017-5,E01028331,B13,1,1,1.0
2017-5,E01028334,B25,1,1,1.0
2017-5,E01028339,B13,1,1,1.0
2017-5,E01028339,B26,1,1,1.0
2017-5,E01028367,B25,1,1,1.0
2017-5,E01028373,B19,1,1,1.0
2017-5,E01028374,B28,1,1,1.0
2017-5,E01028378,B25,1,1,1.0
2017-5,E01028387,B13,1,1,1.0
2017-5,E01028391,B13,1,1,1.0
2017-5,E01028392,B13,1,1,1.0
2017-5,E01028393,B25,2,1,2.0
2017-5,E01028398,B19,1,1,1.0
2017-5,E01028403,B26,1,1,1.0
2017-5,E01028405,B26,1,1,1.0
2017-5,E01028408,B13,1,1,1.0
2017-5,E01028408,B25,1,1,1.0
2017-5,E01028410,B25,3,1,3.0
2017-5,E01028412,B13,1,1,1.0
2017-5,E01028412,B25,1,1,1.0
2017-5,E01028422,B24,2,2,1.0
2017-5,E01028423,B1,2,2,1.0
2017-5,E01028423,B19,1,1,1.0
2017-5,E01028423,B24,2,2,1.0
2017-5,E01028424,B1,1,1,1.0
2017-5,E01028424,B17,2,2,1.0
2017-5,E01028424,B25,3,3,1.0
2017-5,E01028424,B28,1,1,1.0
2017-5,E01028425,B1,2,1,2.0
2017-5,E01028425,B17,1,1,1.0
2017-5,E01028425,B25,3,1,3.0
2017-5,E01028425,B26,3,3,1.0
2017-5,E01028425,B28,1,1,1.0
2017-5,E01028427,B13,1,1,1.0
2017-5,E01028427,B7,1,1,1.0
2017-5,E01028429,B1,1,1,1.0
2017-5,E01028429,B25,2,2,1.0
2017-5,E01028430,B19,1,1,1.0
2017-5,E01028430,B25,1,1,1.0
2017-5,E01028430,B7,1,1,1.0
2017-5,E01028431,B19,1,1,1.0
2017-5,E01028431,B25,2,2,1.0
2017-5,E01028433,B13,1,1,1.0
2017-5,E01028433,B28,2,2,1.0
2017-5,E01028434,B17,1,1,1.0
2017-5,E01028435,B1,1,1,1.0
2017-5,E01028435,B16,1,1,1.0
2017-5,E01028435,B19,3,3,1.0
2017-5,E01028435,B25,2,2,1.0
2017-5,E01028435,B28,1,1,1.0
2017-5,E01028437,B25,1,1,1.0
2017-5,E01028438,B25,1,1,1.0
2017-5,E01028438,B26,1,1,1.0
2017-5,E01028438,B28,1,1,1.0
2017-5,E01028438,B7,1,1,1.0
2017-5,E01028439,B25,1,1,1.0
2017-5,E01028440,B13,1,1,1.0
2017-5,E01028440,B26,1,1,1.0
2017-5,E01028441,B25,1,1,1.0
2017-5,E01028441,B28,1,1,1.0
2017-5,E01028441,B9,1,1,1.0
2017-5,E01028443,B19,2,2,1.0
2017-5,E01028445,B17,1,1,1.0
2017-5,E01028445,B24,1,1,1.0
2017-5,E01028445,B25,1,1,1.0
2017-5,E01028445,B28,1,1,1.0
2017-5,E01028446,B25,1,1,1.0
2017-5,E01028446,B28,1,1,1.0
2017-5,E01028447,B25,2,1,2.0
2017-5,E01028447,B7,1,1,1.0
2017-5,E01028448,B25,2,1,2.0
2017-5,E01028448,B28,1,1,1.0
2017-5,E01028449,B13,1,1,1.0
2017-5,E01028449,B25,2,1,2.0
2017-5,E01028449,B27,1,1,1.0
2017-5,E01028450,B25,2,1,2.0
2017-5,E01028451,B19,2,2,1.0
2017-5,E01028451,B25,2,1,2.0
2017-5,E01028451,B7,1,1,1.0
2017-5,E01028452,B17,1,1,1.0
2017-5,E01028452,B19,1,1,1.0
2017-5,E01028453,B13,1,1,1.0
2017-5,E01028453,B25,1,1,1.0
2017-5,E01028454,B17,1,1,1.0
2017-5,E01028454,B25,3,1,3.0
2017-5,E01028455,B24,1,1,1.0
2017-5,E01028455,B25,1,1,1.0
2017-5,E01028455,B28,1,1,1.0
2017-5,E01028456,B16,1,1,1.0
2017-5,E01028456,B19,1,1,1.0
2017-5,E01028457,B16,1,1,1.0
2017-5,E01028457,B25,2,2,1.0
2017-5,E01028458,B13,1,1,1.0
2017-5,E01028458,B16,1,1,1.0
2017-5,E01028458,B17,2,2,1.0
2017-5,E01028458,B25,1,1,1.0
2017-5,E01028458,B26,1,1,1.0
2017-5,E01028458,B6,1,1,1.0
2017-5,E01028459,B17,1,1,1.0
2017-5,E01028459,B23,1,1,1.0
2017-5,E01028460,B13,1,1,1.0
2017-5,E01028461,B17,4,3,1.3333333333333333
2017-5,E01028461,B25,1,1,1.0
2017-5,E01028462,B19,1,1,1.0
2017-5,E01028462,B28,3,2,1.5
2017-5,E01028463,B26,1,1,1.0
2017-5,E01028464,B13,1,1,1.0
2017-5,E01028464,B17,2,2,1.0
2017-5,E01028465,B19,1,1,1.0
2017-5,E01028465,B25,1,1,1.0
2017-5,E01028466,B1,1,1,1.0
2017-5,E01028466,B19,1,1,1.0
2017-5,E01028466,B26,1,1,1.0
2017-5,E01028467,B1,1,1,1.0
2017-5,E01028467,B17,1,1,1.0
2017-5,E01028468,B16,1,1,1.0
2017-5,E01028468,B17,1,1,1.0
2017-5,E01028468,B27,1,1,1.0
2017-5,E01028468,B28,1,1,1.0
2017-5,E01028469,B17,3,3,1.0
2017-5,E01028469,B28,1,1,1.0
2017-5,E01028470,B17,2,2,1.0
2017-5,E01028470,B19,2,2,1.0
2017-5,E01028470,B25,1,1,1.0
2017-5,E01028470,B28,2,1,2.0
2017-5,E01028471,B1,1,1,1.0
2017-5,E01028472,B17,3,2,1.5
2017-5,E01028473,B13,1,1,1.0
2017-5,E01028474,B19,1,1,1.0
2017-5,E01028474,B25,2,2,1.0
2017-5,E01028474,B28,2,1,2.0
2017-5,E01028475,B17,1,1,1.0
2017-5,E01028475,B19,2,1,2.0
2017-5,E01028475,B25,3,2,1.5
2017-5,E01028475,B7,1,1,1.0
2017-5,E01028476,B15,1,1,1.0
2017-5,E01028476,B16,1,1,1.0
2017-5,E01028476,B23,1,1,1.0
2017-5,E01028476,B25,2,2,1.0
2017-5,E01028477,B13,1,1,1.0
2017-5,E01028477,B17,1,1,1.0
2017-5,E01028477,B25,3,3,1.0
2017-5,E01028477,B26,1,1,1.0
2017-5,E01028477,B7,1,1,1.0
2017-5,E01028479,B17,1,1,1.0
2017-5,E01028479,B20,1,1,1.0
2017-5,E01028479,B25,7,5,1.4
2017-5,E01028479,B7,1,1,1.0
2017-5,E01028480,B17,3,3,1.0
2017-5,E01028480,B25,3,3,1.0
2017-5,E01028481,B25,1,1,1.0
2017-5,E01028482,B24,2,2,1.0
2017-5,E01028482,B25,2,2,1.0
2017-5,E01028482,B26,1,1,1.0
2017-5,E01028483,B17,1,1,1.0
2017-5,E01028483,B24,1,1,1.0
2017-5,E01028486,B23,1,1,1.0
2017-5,E01028486,B24,1,1,1.0
2017-5,E01028486,B25,4,3,1.3333333333333333
2017-5,E01028488,B24,1,1,1.0
2017-5,E01028488,B25,3,2,1.5
2017-5,E01028488,B7,2,1,2.0
2017-5,E01028493,B25,1,1,1.0
2017-5,E01028496,B7,1,1,1.0
2017-5,E01028497,B19,1,1,1.0
2017-5,E01028497,B25,3,3,1.0
2017-5,E01028497,B7,2,2,1.0
2017-5,E01028498,B17,1,1,1.0
2017-5,E01028498,B19,1,1,1.0
2017-5,E01028498,B23,2,2,1.0
2017-5,E01028498,B25,6,5,1.2
2017-5,E01028498,B26,3,3,1.0
2017-5,E01028499,B16,1,1,1.0
2017-5,E01028499,B17,3,2,1.5
2017-5,E01028499,B23,1,1,1.0
2017-5,E01028499,B24,1,1,1.0
2017-5,E01028499,B25,9,5,1.8
2017-5,E01028499,B28,1,1,1.0
2017-5,E01028500,B17,3,1,3.0
2017-5,E01028500,B19,1,1,1.0
2017-5,E01028500,B25,2,2,1.0
2017-5,E01028501,B26,1,1,1.0
2017-5,E01028502,B13,1,1,1.0
2017-5,E01028502,B25,1,1,1.0
2017-5,E01028502,B26,1,1,1.0
2017-5,E01028503,B13,1,1,1.0
2017-5,E01028503,B17,1,1,1.0
2017-5,E01028503,B26,1,1,1.0
2017-5,E01028504,B17,1,1,1.0
2017-5,E01028504,B19,1,1,1.0
2017-5,E01028504,B25,2,2,1.0
2017-5,E01028504,B29,1,1,1.0
2017-5,E01028505,B25,2,1,2.0
2017-5,E01028506,B19,1,1,1.0
2017-5,E01028508,B25,1,1,1.0
2017-5,E01028509,B13,1,1,1.0
2017-5,E01028509,B24,1,1,1.0
2017-5,E01028509,B25,2,2,1.0
2017-5,E01028509,B26,1,1,1.0
2017-5,E01028510,B13,1,1,1.0
2017-5,E01028510,B17,2,2,1.0
2017-5,E01028510,B23,2,1,2.0
2017-5,E01028511,B17,2,2,1.0
2017-5,E01028511,B25,4,4,1.0
2017-5,E01028511,B28,1,1,1.0
2017-5,E01028511,B7,1,1,1.0
2017-5,E01028512,B28,1,1,1.0
2017-5,E01028513,B14,1,1,1.0
2017-5,E01028513,B17,1,1,1.0
2017-5,E01028513,B23,1,1,1.0
2017-5,E01028513,B24,3,3,1.0
2017-5,E01028513,B7,2,2,1.0
2017-5,E01028514,B16,1,1,1.0
2017-5,E01028515,B17,1,1,1.0
2017-5,E01028515,B28,1,1,1.0
2017-5,E01028516,B17,2,2,1.0
2017-5,E01028516,B25,1,1,1.0
2017-5,E01028516,B28,1,1,1.0
2017-5,E01028518,B1,1,1,1.0
2017-5,E01028518,B16,1,1,1.0
2017-5,E01028519,B16,1,1,1.0
2017-5,E01028519,B17,1,1,1.0
2017-5,E01028519,B25,2,2,1.0
2017-5,E01028520,B13,1,1,1.0
2017-5,E01028521,B16,2,2,1.0
2017-5,E01028521,B19,1,1,1.0
2017-5,E01028521,B24,4,4,1.0
2017-5,E01028521,B25,5,4,1.25
2017-5,E01028521,B27,2,2,1.0
2017-5,E01028521,B7,3,2,1.5
2017-5,E01028522,B13,1,1,1.0
2017-5,E01028522,B24,1,1,1.0
2017-5,E01028522,B26,1,1,1.0
2017-5,E01028522,B7,1,1,1.0
2017-5,E01028523,B26,1,1,1.0
2017-5,E01028523,B28,2,2,1.0
2017-5,E01028524,B13,1,1,1.0
2017-5,E01028524,B25,1,1,1.0
2017-5,E01028524,B28,1,1,1.0
2017-5,E01028525,B16,1,1,1.0
2017-5,E01028525,B18,1,1,1.0
2017-5,E01028525,B19,1,1,1.0
2017-5,E01028525,B26,1,1,1.0
2017-5,E01028525,B27,1,1,1.0
2017-5,E01028525,B7,1,1,1.0
2017-5,E01028526,B17,1,1,1.0
2017-5,E01028526,B7,1,1,1.0
2017-5,E01028527,B25,1,1,1.0
2017-5,E01028528,B25,1,1,1.0
2017-5,E01028529,B14,1,1,1.0
2017-5,E01028531,B28,2,1,2.0
2017-5,E01028532,B13,1,1,1.0
2017-5,E01028532,B26,1,1,1.0
2017-5,E01028532,B28,3,3,1.0
2017-5,E01028533,B16,1,1,1.0
2017-5,E01028533,B28,1,1,1.0
2017-5,E01028535,B16,1,1,1.0
2017-5,E01028535,B26,1,1,1.0
2017-5,E01028535,B28,1,1,1.0
2017-5,E01028535,B7,1,1,1.0
2017-5,E01028536,B19,1,1,1.0
2017-5,E01028536,B25,1,1,1.0
2017-5,E01028536,B26,1,1,1.0
2017-5,E01028536,B28,2,1,2.0
2017-5,E01028537,B1,1,1,1.0
2017-5,E01028537,B19,1,1,1.0
2017-5,E01028538,B26,1,1,1.0
2017-5,E01028539,B24,1,1,1.0
2017-5,E01028539,B28,2,1,2.0
2017-5,E01028540,B13,1,1,1.0
2017-5,E01028540,B15,2,1,2.0
2017-5,E01028540,B17,2,1,2.0
2017-5,E01028540,B24,1,1,1.0
2017-5,E01028540,B7,1,1,1.0
2017-5,E01028541,B25,1,1,1.0
2017-5,E01028541,B26,1,1,1.0
2017-5,E01028542,B26,3,1,3.0
2017-5,E01028542,B28,1,1,1.0
2017-5,E01028543,B17,1,1,1.0
2017-5,E01028543,B25,1,1,1.0
2017-5,E01028544,B25,1,1,1.0
2017-5,E01028544,B26,2,1,2.0
2017-5,E01028545,B25,1,1,1.0
2017-5,E01028545,B26,1,1,1.0
2017-5,E01028545,B28,1,1,1.0
2017-5,E01028546,B25,1,1,1.0
2017-5,E01028546,B26,1,1,1.0
2017-5,E01028546,B28,1,1,1.0
2017-5,E01028547,B23,1,1,1.0
2017-5,E01028548,B17,3,3,1.0
2017-5,E01028548,B25,2,2,1.0
2017-5,E01028548,B26,1,1,1.0
2017-5,E01028548,B28,2,2,1.0
2017-5,E01028549,B1,1,1,1.0
2017-5,E01028549,B16,1,1,1.0
2017-5,E01028549,B24,1,1,1.0
2017-5,E01028549,B3,1,1,1.0
2017-5,E01028550,B25,2,2,1.0
2017-5,E01028550,B28,1,1,1.0
2017-5,E01028551,B17,1,1,1.0
2017-5,E01028551,B25,1,1,1.0
2017-5,E01028553,B19,1,1,1.0
2017-5,E01028553,B26,1,1,1.0
2017-5,E01028556,B28,1,1,1.0
2017-5,E01028557,B13,2,1,2.0
2017-5,E01028557,B15,1,1,1.0
2017-5,E01028557,B24,1,1,1.0
2017-5,E01028558,B13,1,1,1.0
2017-5,E01028558,B16,1,1,1.0
2017-5,E01028558,B25,1,1,1.0
2017-5,E01028559,B19,1,1,1.0
2017-5,E01028559,B26,2,2,1.0
2017-5,E01028561,B24,1,1,1.0
2017-5,E01028561,B28,1,1,1.0
2017-5,E01028562,B24,2,2,1.0
2017-5,E01028562,B25,1,1,1.0
2017-5,E01028563,B17,1,1,1.0
2017-5,E01028567,B24,1,1,1.0
2017-5,E01028567,B26,1,1,1.0
2017-5,E01028570,B25,1,1,1.0
2017-5,E01028571,B13,1,1,1.0
2017-5,E01028573,B23,1,1,1.0
2017-5,E01028574,B1,1,1,1.0
2017-5,E01028575,B14,1,1,1.0
2017-5,E01028576,B28,3,1,3.0
2017-5,E01028577,B6,1,1,1.0
2017-5,E01028578,B13,1,1,1.0
2017-5,E01028578,B17,1,1,1.0
2017-5,E01028578,B25,2,2,1.0
2017-5,E01028580,B24,1,1,1.0
2017-5,E01028580,B26,1,1,1.0
2017-5,E01028580,B28,1,1,1.0
2017-5,E01028582,B13,2,2,1.0
2017-5,E01028582,B25,2,2,1.0
2017-5,E01028582,B26,2,2,1.0
2017-5,E01028582,B28,1,1,1.0
2017-5,E01028583,B13,1,1,1.0
2017-5,E01028583,B17,1,1,1.0
2017-5,E01028583,B25,2,1,2.0
2017-5,E01028585,B25,1,1,1.0
2017-5,E01028586,B16,1,1,1.0
2017-5,E01028587,B25,1,1,1.0
2017-5,E01028587,B26,2,2,1.0
2017-5,E01028587,B28,1,1,1.0
2017-5,E01028588,B25,2,2,1.0
2017-5,E01028588,B28,2,2,1.0
2017-5,E01028591,B19,1,1,1.0
2017-5,E01028591,B28,1,1,1.0
2017-5,E01028592,B13,1,1,1.0
2017-5,E01028594,B13,1,1,1.0
2017-5,E01028596,B13,1,1,1.0
2017-5,E01028596,B24,1,1,1.0
2017-5,E01028596,B25,2,2,1.0
2017-5,E01028596,B4,1,1,1.0
2017-5,E01028598,B13,1,1,1.0
2017-5,E01028598,B25,3,3,1.0
2017-5,E01028599,B15,1,1,1.0
2017-5,E01028599,B16,1,1,1.0
2017-5,E01028600,B17,1,1,1.0
2017-5,E01028600,B25,1,1,1.0
2017-5,E01028600,B28,1,1,1.0
2017-5,E01028601,B20,1,1,1.0
2017-5,E01028602,B17,1,1,1.0
2017-5,E01028602,B25,1,1,1.0
2017-5,E01028603,B17,1,1,1.0
2017-5,E01028603,B25,1,1,1.0
2017-5,E01028605,B25,2,2,1.0
2017-5,E01028605,B7,1,1,1.0
2017-5,E01028606,B13,1,1,1.0
2017-5,E01028606,B25,2,2,1.0
2017-5,E01028607,B13,1,1,1.0
2017-5,E01028607,B17,3,3,1.0
2017-5,E01028607,B19,1,1,1.0
2017-5,E01028608,B25,1,1,1.0
2017-5,E01028609,B24,1,1,1.0
2017-5,E01028610,B25,1,1,1.0
2017-5,E01028611,B25,1,1,1.0
2017-5,E01028611,B26,1,1,1.0
2017-5,E01028611,B7,2,1,2.0
2017-5,E01028612,B17,3,3,1.0
2017-5,E01028612,B23,1,1,1.0
2017-5,E01028612,B25,1,1,1.0
2017-5,E01028613,B16,1,1,1.0
2017-5,E01028614,B25,1,1,1.0
2017-5,E01028615,B24,1,1,1.0
2017-5,E01028615,B25,2,2,1.0
2017-5,E01028616,B24,1,1,1.0
2017-5,E01028616,B25,7,6,1.1666666666666667
2017-5,E01028617,B17,1,1,1.0
2017-5,E01028617,B23,1,1,1.0
2017-5,E01028617,B28,2,2,1.0
2017-5,E01028618,B24,1,1,1.0
2017-5,E01028618,B7,1,1,1.0
2017-5,E01028619,B25,1,1,1.0
2017-5,E01028620,B13,1,1,1.0
2017-5,E01028620,B17,1,1,1.0
2017-5,E01028620,B24,1,1,1.0
2017-5,E01028620,B26,1,1,1.0
2017-5,E01028620,B28,1,1,1.0
2017-5,E01028621,B13,1,1,1.0
2017-5,E01028621,B28,3,3,1.0
2017-5,E01028621,B7,1,1,1.0
2017-5,E01028622,B1,1,1,1.0
2017-5,E01028623,B17,1,1,1.0
2017-5,E01028623,B23,1,1,1.0
2017-5,E01028623,B28,4,4,1.0
2017-5,E01028624,B16,1,1,1.0
2017-5,E01028624,B17,1,1,1.0
2017-5,E01028624,B25,1,1,1.0
2017-5,E01028624,B7,1,1,1.0
2017-5,E01028625,B19,1,1,1.0
2017-5,E01028625,B26,1,1,1.0
2017-5,E01028625,B29,1,1,1.0
2017-5,E01028626,B17,1,1,1.0
2017-5,E01028626,B25,1,1,1.0
2017-5,E01028627,B17,1,1,1.0
2017-5,E01028627,B24,1,1,1.0
2017-5,E01028627,B28,1,1,1.0
2017-5,E01028628,B13,1,1,1.0
2017-5,E01028628,B24,1,1,1.0
2017-5,E01028629,B17,1,1,1.0
2017-5,E01028630,B18,1,1,1.0
2017-5,E01028630,B28,1,1,1.0
2017-5,E01028631,B19,1,1,1.0
2017-5,E01028631,B25,2,2,1.0
2017-5,E01028631,B28,1,1,1.0
2017-5,E01028632,B17,1,1,1.0
2017-5,E01028632,B28,2,2,1.0
2017-5,E01028633,B16,1,1,1.0
2017-5,E01028633,B25,4,2,2.0
2017-5,E01028633,B28,1,1,1.0
2017-5,E01028635,B13,1,1,1.0
2017-5,E01028635,B26,2,1,2.0
2017-5,E01028635,B28,1,1,1.0
2017-5,E01028636,B28,2,2,1.0
2017-5,E01028636,B7,3,2,1.5
2017-5,E01028637,B26,2,2,1.0
2017-5,E01028638,B25,1,1,1.0
2017-5,E01028638,B26,1,1,1.0
2017-5,E01028639,B26,1,1,1.0
2017-5,E01028639,B29,1,1,1.0
2017-5,E01028639,B7,3,3,1.0
2017-5,E01028640,B23,1,1,1.0
2017-5,E01028640,B25,2,2,1.0
2017-5,E01028641,B13,1,1,1.0
2017-5,E01028641,B17,2,2,1.0
2017-5,E01028641,B25,4,4,1.0
2017-5,E01028641,B7,2,1,2.0
2017-5,E01028642,B17,2,2,1.0
2017-5,E01028642,B24,1,1,1.0
2017-5,E01028643,B25,1,1,1.0
2017-5,E01028644,B25,3,2,1.5
2017-5,E01028645,B13,1,1,1.0
2017-5,E01028645,B19,1,1,1.0
2017-5,E01028645,B24,1,1,1.0
2017-5,E01028645,B25,2,2,1.0
2017-5,E01028645,B28,1,1,1.0
2017-5,E01028645,B7,1,1,1.0
2017-5,E01028646,B17,1,1,1.0
2017-5,E01028646,B25,2,2,1.0
2017-5,E01028647,B13,1,1,1.0
2017-5,E01028647,B19,1,1,1.0
2017-5,E01028647,B25,2,2,1.0
2017-5,E01028648,B17,1,1,1.0
2017-5,E01028648,B20,1,1,1.0
2017-5,E01028648,B25,5,4,1.25
2017-5,E01028648,B29,1,1,1.0
2017-5,E01028649,B24,1,1,1.0
2017-5,E01028649,B25,1,1,1.0
2017-5,E01028649,B26,1,1,1.0
2017-5,E01028649,B7,1,1,1.0
2017-5,E01028650,B28,1,1,1.0
2017-5,E01028651,B17,1,1,1.0
2017-5,E01028651,B25,2,2,1.0
2017-5,E01028652,B13,1,1,1.0
2017-5,E01028652,B16,2,1,2.0
2017-5,E01028652,B19,1,1,1.0
2017-5,E01028652,B25,3,3,1.0
2017-5,E01028652,B7,2,2,1.0
2017-5,E01028653,B25,2,1,2.0
2017-5,E01028654,B19,1,1,1.0
2017-5,E01028655,B16,2,2,1.0
2017-5,E01028655,B25,2,1,2.0
2017-5,E01028656,B17,2,2,1.0
2017-5,E01028656,B19,1,1,1.0
2017-5,E01028656,B25,1,1,1.0
2017-5,E01028656,B26,2,1,2.0
2017-5,E01028656,B28,1,1,1.0
2017-5,E01028656,B7,1,1,1.0
2017-5,E01028657,B16,1,1,1.0
2017-5,E01028657,B17,1,1,1.0
2017-5,E01028657,B23,1,1,1.0
2017-5,E01028657,B25,1,1,1.0
2017-5,E01028658,B17,2,2,1.0
2017-5,E01028658,B24,2,2,1.0
2017-5,E01028658,B7,1,1,1.0
2017-5,E01028659,B13,2,2,1.0
2017-5,E01028659,B16,3,3,1.0
2017-5,E01028659,B17,3,2,1.5
2017-5,E01028659,B25,3,3,1.0
2017-5,E01028659,B26,4,4,1.0
2017-5,E01028659,B29,1,1,1.0
2017-5,E01028660,B13,1,1,1.0
2017-5,E01028660,B16,1,1,1.0
2017-5,E01028660,B25,8,3,2.6666666666666665
2017-5,E01028660,B26,4,4,1.0
2017-5,E01028660,B7,1,1,1.0
2017-5,E01028661,B17,2,1,2.0
2017-5,E01028661,B25,5,1,5.0
2017-5,E01028661,B7,1,1,1.0
2017-5,E01028662,B13,1,1,1.0
2017-5,E01028662,B6,1,1,1.0
2017-5,E01028662,B7,1,1,1.0
2017-5,E01028663,B25,2,2,1.0
2017-5,E01028663,B26,1,1,1.0
2017-5,E01028664,B13,1,1,1.0
2017-5,E01028665,B19,1,1,1.0
2017-5,E01028666,B25,1,1,1.0
2017-5,E01028667,B13,1,1,1.0
2017-5,E01028668,B28,1,1,1.0
2017-5,E01028669,B16,1,1,1.0
2017-5,E01028669,B17,1,1,1.0
2017-5,E01028669,B19,1,1,1.0
2017-5,E01028670,B19,1,1,1.0
2017-5,E01028671,B19,1,1,1.0
2017-5,E01028672,B1,1,1,1.0
2017-5,E01028672,B24,1,1,1.0
2017-5,E01028672,B26,1,1,1.0
2017-5,E01028672,B7,1,1,1.0
2017-5,E01028673,B7,1,1,1.0
2017-5,E01028674,B17,2,2,1.0
2017-5,E01028674,B19,1,1,1.0
2017-5,E01028674,B23,1,1,1.0
2017-5,E01028674,B25,3,3,1.0
2017-5,E01028675,B13,1,1,1.0
2017-5,E01028675,B19,1,1,1.0
2017-5,E01028676,B25,2,1,2.0
2017-5,E01028677,B24,3,2,1.5
2017-5,E01028677,B28,2,1,2.0
2017-5,E01028677,B7,3,2,1.5
2017-5,E01028678,B26,3,3,1.0
2017-5,E01028678,B7,1,1,1.0
2017-5,E01028679,B17,1,1,1.0
2017-5,E01028679,B19,1,1,1.0
2017-5,E01028679,B25,5,5,1.0
2017-5,E01028679,B26,1,1,1.0
2017-5,E01028680,B17,1,1,1.0
2017-5,E01028680,B19,2,1,2.0
2017-5,E01028680,B25,2,2,1.0
2017-5,E01028680,B29,1,1,1.0
2017-5,E01028680,B7,1,1,1.0
2017-5,E01028681,B1,1,1,1.0
2017-5,E01028681,B23,1,1,1.0
2017-5,E01028681,B25,1,1,1.0
2017-5,E01028682,B26,1,1,1.0
2017-5,E01028683,B25,1,1,1.0
2017-5,E01028684,B17,1,1,1.0
2017-5,E01028684,B20,1,1,1.0
2017-5,E01028684,B25,1,1,1.0
2017-5,E01028684,B26,1,1,1.0
2017-5,E01028684,B29,1,1,1.0
2017-5,E01028685,B25,1,1,1.0
2017-5,E01028686,B26,1,1,1.0
2017-5,E01028688,B13,1,1,1.0
2017-5,E01028689,B17,2,2,1.0
2017-5,E01028690,B19,1,1,1.0
2017-5,E01028691,B17,2,1,2.0
2017-5,E01028691,B25,1,1,1.0
2017-5,E01028693,B1,1,1,1.0
2017-5,E01028693,B19,1,1,1.0
2017-5,E01028693,B25,3,3,1.0
2017-5,E01028693,B28,1,1,1.0
2017-5,E01028697,B17,3,1,3.0
2017-5,E01028697,B19,1,1,1.0
2017-5,E01028698,B17,1,1,1.0
2017-5,E01028698,B25,1,1,1.0
2017-5,E01028699,B24,1,1,1.0
2017-5,E01028699,B25,2,2,1.0
2017-5,E01028700,B16,1,1,1.0
2017-5,E01028700,B17,1,1,1.0
2017-5,E01028702,B9,1,1,1.0
2017-5,E01028703,B25,1,1,1.0
2017-5,E01028703,B26,1,1,1.0
2017-5,E01028704,B17,1,1,1.0
2017-5,E01028705,B25,1,1,1.0
2017-5,E01028706,B28,1,1,1.0
2017-5,E01028708,B25,2,2,1.0
2017-5,E01028709,B17,1,1,1.0
2017-5,E01028709,B25,1,1,1.0
2017-5,E01028710,B19,1,1,1.0
2017-5,E01028710,B25,2,2,1.0
2017-5,E01028710,B7,1,1,1.0
2017-5,E01028711,B17,2,2,1.0
2017-5,E01028711,B24,1,1,1.0
2017-5,E01028711,B25,3,2,1.5
2017-5,E01028711,B7,1,1,1.0
2017-5,E01028712,B13,2,2,1.0
2017-5,E01028712,B16,1,1,1.0
2017-5,E01028712,B17,1,1,1.0
2017-5,E01028712,B19,2,2,1.0
2017-5,E01028712,B25,2,2,1.0
2017-5,E01028713,B13,1,1,1.0
2017-5,E01028713,B16,1,1,1.0
2017-5,E01028713,B17,1,1,1.0
2017-5,E01028713,B19,2,1,2.0
2017-5,E01028713,B23,1,1,1.0
2017-5,E01028713,B25,6,3,2.0
2017-5,E01028713,B7,2,2,1.0
2017-5,E01028714,B26,2,2,1.0
2017-5,E01028714,B28,1,1,1.0
2017-5,E01028715,B16,2,2,1.0
2017-5,E01028716,B25,5,4,1.25
2017-5,E01028717,B13,1,1,1.0
2017-5,E01028717,B16,1,1,1.0
2017-5,E01028717,B23,1,1,1.0
2017-5,E01028717,B24,1,1,1.0
2017-5,E01028717,B26,3,1,3.0
2017-5,E01028717,B7,1,1,1.0
2017-5,E01028718,B15,1,1,1.0
2017-5,E01028718,B25,2,2,1.0
2017-5,E01028720,B17,1,1,1.0
2017-5,E01028720,B25,2,2,1.0
2017-5,E01028721,B26,1,1,1.0
2017-5,E01028722,B13,1,1,1.0
2017-5,E01028722,B17,1,1,1.0
2017-5,E01028722,B28,1,1,1.0
2017-5,E01028723,B13,1,1,1.0
2017-5,E01028723,B16,1,1,1.0
2017-5,E01028723,B17,3,3,1.0
2017-5,E01028723,B25,5,2,2.5
2017-5,E01028724,B17,1,1,1.0
2017-5,E01028724,B25,3,3,1.0
2017-5,E01028725,B25,1,1,1.0
2017-5,E01028725,B26,1,1,1.0
2017-5,E01028726,B13,1,1,1.0
2017-5,E01028726,B17,2,2,1.0
2017-5,E01028726,B23,1,1,1.0
2017-5,E01028726,B24,2,2,1.0
2017-5,E01028726,B25,4,4,1.0
2017-5,E01028726,B26,1,1,1.0
2017-5,E01028726,B7,1,1,1.0
2017-5,E01028727,B13,1,1,1.0
2017-5,E01028727,B17,1,1,1.0
2017-5,E01028727,B19,1,1,1.0
2017-5,E01028727,B25,5,5,1.0
2017-5,E01028727,B26,2,2,1.0
2017-5,E01028727,B7,1,1,1.0
2017-5,E01028728,B13,1,1,1.0
2017-5,E01028728,B28,1,1,1.0
2017-5,E01028729,B16,2,2,1.0
2017-5,E01028729,B17,2,1,2.0
2017-5,E01028729,B25,2,2,1.0
2017-5,E01028729,B26,1,1,1.0
2017-5,E01028730,B17,1,1,1.0
2017-5,E01028730,B23,1,1,1.0
2017-5,E01028730,B25,3,3,1.0
2017-5,E01028731,B13,1,1,1.0
2017-5,E01028731,B17,2,2,1.0
2017-5,E01028731,B24,1,1,1.0
2017-5,E01028731,B25,1,1,1.0
2017-5,E01028732,B24,1,1,1.0
2017-5,E01028732,B25,1,1,1.0
2017-5,E01028732,B26,1,1,1.0
2017-5,E01028732,B27,1,1,1.0
2017-5,E01028732,B28,1,1,1.0
2017-5,E01028733,B17,1,1,1.0
2017-5,E01028733,B24,1,1,1.0
2017-5,E01028733,B25,1,1,1.0
2017-5,E01028734,B24,1,1,1.0
2017-5,E01028734,B25,1,1,1.0
2017-5,E01028734,B26,1,1,1.0
2017-5,E01028735,B17,1,1,1.0
2017-5,E01028735,B25,1,1,1.0
2017-5,E01028736,B1,1,1,1.0
2017-5,E01028736,B24,2,2,1.0
2017-5,E01028736,B25,5,2,2.5
2017-5,E01028736,B7,1,1,1.0
2017-5,E01028737,B1,1,1,1.0
2017-5,E01028737,B16,1,1,1.0
2017-5,E01028737,B17,1,1,1.0
2017-5,E01028737,B23,2,2,1.0
2017-5,E01028737,B24,2,2,1.0
2017-5,E01028737,B25,4,4,1.0
2017-5,E01028737,B26,1,1,1.0
2017-5,E01028737,B7,2,1,2.0
2017-5,E01028738,B13,1,1,1.0
2017-5,E01028738,B17,1,1,1.0
2017-5,E01028739,B17,2,2,1.0
2017-5,E01028739,B24,1,1,1.0
2017-5,E01028739,B25,1,1,1.0
2017-5,E01028739,B9,1,1,1.0
2017-5,E01028741,B25,4,1,4.0
2017-5,E01028742,B14,1,1,1.0
2017-5,E01028742,B17,1,1,1.0
2017-5,E01028742,B24,1,1,1.0
2017-5,E01028742,B25,1,1,1.0
2017-5,E01028742,B28,1,1,1.0
2017-5,E01028742,B29,1,1,1.0
2017-5,E01028742,B7,3,3,1.0
2017-5,E01028744,B17,1,1,1.0
2017-5,E01028745,B1,1,1,1.0
2017-5,E01028745,B25,1,1,1.0
2017-5,E01028745,B28,1,1,1.0
2017-5,E01028746,B25,9,7,1.2857142857142858
2017-5,E01028747,B17,2,2,1.0
2017-5,E01028747,B25,11,7,1.5714285714285714
2017-5,E01028748,B17,1,1,1.0
2017-5,E01028748,B28,1,1,1.0
2017-5,E01028749,B17,1,1,1.0
2017-5,E01028749,B23,3,1,3.0
2017-5,E01028749,B24,1,1,1.0
2017-5,E01028749,B25,5,2,2.5
2017-5,E01028749,B26,1,1,1.0
2017-5,E01028749,B7,2,2,1.0
2017-5,E01028749,B9,1,1,1.0
2017-5,E01028750,B25,2,2,1.0
2017-5,E01028750,B28,1,1,1.0
2017-5,E01028751,B17,1,1,1.0
2017-5,E01028751,B25,2,2,1.0
2017-5,E01028751,B26,1,1,1.0
2017-5,E01028752,B17,3,3,1.0
2017-5,E01028752,B25,1,1,1.0
2017-5,E01028752,B7,6,3,2.0
2017-5,E01028753,B1,1,1,1.0
2017-5,E01028753,B13,1,1,1.0
2017-5,E01028753,B19,1,1,1.0
2017-5,E01028754,B7,1,1,1.0
2017-5,E01028755,B9,1,1,1.0
2017-5,E01028756,B19,2,2,1.0
2017-5,E01028756,B25,1,1,1.0
2017-5,E01028757,B17,1,1,1.0
2017-5,E01028757,B25,1,1,1.0
2017-5,E01028757,B26,1,1,1.0
2017-5,E01028758,B19,1,1,1.0
2017-5,E01028759,B17,1,1,1.0
2017-5,E01028760,B25,3,2,1.5
2017-5,E01028760,B7,1,1,1.0
2017-5,E01028761,B17,1,1,1.0
2017-5,E01028761,B19,1,1,1.0
2017-5,E01028761,B25,2,2,1.0
2017-5,E01028761,B28,1,1,1.0
2017-5,E01028761,B3,1,1,1.0
2017-5,E01028762,B24,5,5,1.0
2017-5,E01028762,B25,5,4,1.25
2017-5,E01028763,B17,1,1,1.0
2017-5,E01028763,B25,1,1,1.0
2017-5,E01028764,B25,2,2,1.0
2017-5,E01028765,B1,1,1,1.0
2017-5,E01028765,B28,1,1,1.0
2017-5,E01028765,B7,2,2,1.0
2017-5,E01028766,B13,1,1,1.0
2017-5,E01028766,B19,1,1,1.0
2017-5,E01028766,B24,1,1,1.0
2017-5,E01028766,B25,8,6,1.3333333333333333
2017-5,E01028766,B7,1,1,1.0
2017-5,E01028767,B17,1,1,1.0
2017-5,E01028767,B24,2,1,2.0
2017-5,E01028767,B25,2,2,1.0
2017-5,E01028772,B19,1,1,1.0
2017-5,E01028773,B19,1,1,1.0
2017-5,E01028773,B28,1,1,1.0
2017-5,E01028774,B28,1,1,1.0
2017-5,E01028775,B1,1,1,1.0
2017-5,E01028776,B13,1,1,1.0
2017-5,E01028776,B17,3,3,1.0
2017-5,E01028776,B25,6,2,3.0
2017-5,E01028777,B19,1,1,1.0
2017-5,E01028777,B26,1,1,1.0
2017-5,E01028777,B7,1,1,1.0
2017-5,E01028779,B17,1,1,1.0
2017-5,E01028779,B25,2,1,2.0
2017-5,E01028779,B7,3,2,1.5
2017-5,E01028780,B16,1,1,1.0
2017-5,E01028780,B17,1,1,1.0
2017-5,E01028780,B19,1,1,1.0
2017-5,E01028780,B7,1,1,1.0
2017-5,E01028781,B24,1,1,1.0
2017-5,E01028781,B7,1,1,1.0
2017-5,E01028782,B16,2,2,1.0
2017-5,E01028782,B17,1,1,1.0
2017-5,E01028783,B18,1,1,1.0
2017-5,E01028783,B20,1,1,1.0
2017-5,E01028783,B24,1,1,1.0
2017-5,E01028783,B25,1,1,1.0
2017-5,E01028783,B26,1,1,1.0
2017-5,E01028784,B23,1,1,1.0
2017-5,E01028784,B25,2,2,1.0
2017-5,E01028784,B7,1,1,1.0
2017-5,E01028785,B13,1,1,1.0
2017-5,E01028785,B28,1,1,1.0
2017-5,E01028786,B25,2,2,1.0
2017-5,E01028786,B7,3,3,1.0
2017-5,E01028787,B13,2,2,1.0
2017-5,E01028787,B15,1,1,1.0
2017-5,E01028787,B16,1,1,1.0
2017-5,E01028787,B17,1,1,1.0
2017-5,E01028787,B25,4,3,1.3333333333333333
2017-5,E01028787,B26,2,2,1.0
2017-5,E01028788,B17,2,2,1.0
2017-5,E01028788,B25,6,2,3.0
2017-5,E01028788,B7,2,2,1.0
2017-5,E01028789,B17,1,1,1.0
2017-5,E01028789,B19,1,1,1.0
2017-5,E01028789,B25,2,1,2.0
2017-5,E01028789,B26,1,1,1.0
2017-5,E01028790,B17,1,1,1.0
2017-5,E01028790,B25,2,1,2.0
2017-5,E01028790,B26,1,1,1.0
2017-5,E01028790,B7,1,1,1.0
2017-5,E01028791,B25,1,1,1.0
2017-5,E01028792,B24,1,1,1.0
2017-5,E01028792,B25,4,4,1.0
2017-5,E01028793,B13,1,1,1.0
2017-5,E01028793,B25,5,3,1.6666666666666667
2017-5,E01028793,B26,1,1,1.0
2017-5,E01028793,B28,1,1,1.0
2017-5,E01028794,B26,1,1,1.0
2017-5,E01028794,B28,1,1,1.0
2017-5,E01028795,B17,1,1,1.0
2017-5,E01028795,B24,2,2,1.0
2017-5,E01028795,B25,7,6,1.1666666666666667
2017-5,E01028796,B16,2,1,2.0
2017-5,E01028796,B7,1,1,1.0
2017-5,E01028797,B7,1,1,1.0
2017-5,E01028798,B28,1,1,1.0
2017-5,E01028799,B23,1,1,1.0
2017-5,E01028799,B25,2,1,2.0
2017-5,E01028799,B7,1,1,1.0
2017-5,E01028800,B25,2,2,1.0
2017-5,E01028801,B24,1,1,1.0
2017-5,E01028801,B25,2,2,1.0
2017-5,E01028802,B13,1,1,1.0
2017-5,E01028802,B17,1,1,1.0
2017-5,E01028802,B25,1,1,1.0
2017-5,E01028802,B7,1,1,1.0
2017-5,E01028806,B13,2,1,2.0
2017-5,E01028806,B24,1,1,1.0
2017-5,E01028806,B25,1,1,1.0
2017-5,E01028806,B7,2,1,2.0
2017-5,E01028807,B17,2,2,1.0
2017-5,E01028807,B24,1,1,1.0
2017-5,E01028808,B17,1,1,1.0
2017-5,E01028809,B25,2,2,1.0
2017-5,E01028810,B17,1,1,1.0
2017-5,E01028811,B1,1,1,1.0
2017-5,E01028811,B23,1,1,1.0
2017-5,E01028811,B25,1,1,1.0
2017-5,E01028811,B26,1,1,1.0
2017-5,E01028813,B17,1,1,1.0
2017-5,E01028814,B17,1,1,1.0
2017-5,E01028815,B28,1,1,1.0
2017-5,E01028816,B17,2,2,1.0
2017-5,E01028817,B19,2,2,1.0
2017-5,E01028817,B25,3,3,1.0
2017-5,E01028818,B19,1,1,1.0
2017-5,E01028818,B24,1,1,1.0
2017-5,E01028818,B25,3,3,1.0
2017-5,E01028818,B26,2,2,1.0
2017-5,E01028818,B28,1,1,1.0
2017-5,E01028818,B7,1,1,1.0
2017-5,E01028819,B13,1,1,1.0
2017-5,E01028819,B16,1,1,1.0
2017-5,E01028819,B17,2,2,1.0
2017-5,E01028819,B25,2,2,1.0
2017-5,E01028819,B28,1,1,1.0
2017-5,E01028820,B16,1,1,1.0
2017-5,E01028820,B17,2,2,1.0
2017-5,E01028820,B25,1,1,1.0
2017-5,E01028820,B28,3,3,1.0
2017-5,E01028822,B18,1,1,1.0
2017-5,E01028822,B19,1,1,1.0
2017-5,E01028822,B25,1,1,1.0
2017-5,E01028823,B19,1,1,1.0
2017-5,E01028823,B7,1,1,1.0
2017-5,E01028824,B13,1,1,1.0
2017-5,E01028824,B17,1,1,1.0
2017-5,E01028824,B24,1,1,1.0
2017-5,E01028824,B25,2,2,1.0
2017-5,E01028824,B26,1,1,1.0
2017-5,E01028824,B27,1,1,1.0
2017-5,E01028824,B3,1,1,1.0
2017-5,E01028824,B6,1,1,1.0
2017-5,E01028825,B13,1,1,1.0
2017-5,E01028825,B17,2,2,1.0
2017-5,E01028829,B25,1,1,1.0
2017-5,E01028847,B23,2,1,2.0
2017-5,E01028857,B26,1,1,1.0
2017-5,E01028859,B25,1,1,1.0
2017-5,E01028860,B24,1,1,1.0
2017-5,E01028879,B19,1,1,1.0
2017-5,E01028906,B28,1,1,1.0
2017-5,E01028924,B6,1,1,1.0
2017-5,E01028949,B26,1,1,1.0
2017-5,E01028960,B13,1,1,1.0
2017-5,E01028977,B13,1,1,1.0
2017-5,E01028977,B16,1,1,1.0
2017-5,E01028980,B25,1,1,1.0
2017-5,E01029019,B25,1,1,1.0
2017-5,E01029019,B26,1,1,1.0
2017-5,E01029020,B26,2,2,1.0
2017-5,E01029027,B1,1,1,1.0
2017-5,E01029029,B15,1,1,1.0
2017-5,E01029029,B6,1,1,1.0
2017-5,E01029030,B26,1,1,1.0
2017-5,E01029031,B19,2,1,2.0
2017-5,E01029035,B16,1,1,1.0
2017-5,E01029046,B26,2,1,2.0
2017-5,E01029047,B26,2,1,2.0
2017-5,E01029051,B26,1,1,1.0
2017-5,E01029055,B26,1,1,1.0
2017-5,E01029056,B26,1,1,1.0
2017-5,E01029057,B13,1,1,1.0
2017-5,E01029058,B13,1,1,1.0
2017-5,E01029061,B19,1,1,1.0
2017-5,E01029063,B26,1,1,1.0
2017-5,E01029065,B13,1,1,1.0
2017-5,E01029065,B14,2,1,2.0
2017-5,E01029068,B24,1,1,1.0
2017-5,E01029074,B26,1,1,1.0
2017-5,E01029076,B19,1,1,1.0
2017-5,E01029080,B14,1,1,1.0
2017-5,E01029082,B19,1,1,1.0
2017-5,E01029084,B1,1,1,1.0
2017-5,E01029093,B28,1,1,1.0
2017-5,E01029106,B18,1,1,1.0
2017-5,E01029117,B15,1,1,1.0
2017-5,E01029127,B18,1,1,1.0
2017-5,E01029130,B25,1,1,1.0
2017-5,E01029133,B16,2,2,1.0
2017-5,E01029134,B26,1,1,1.0
2017-5,E01029137,B16,1,1,1.0
2017-5,E01029139,B26,2,1,2.0
2017-5,E01029147,B26,1,1,1.0
2017-5,E01029153,B25,3,1,3.0
2017-5,E01029154,B19,1,1,1.0
2017-5,E01029160,B19,2,1,2.0
2017-5,E01029162,B19,1,1,1.0
2017-5,E01029165,B26,1,1,1.0
2017-5,E01029169,B26,1,1,1.0
2017-5,E01029171,B25,1,1,1.0
2017-5,E01029185,B26,1,1,1.0
2017-5,E01029211,B25,1,1,1.0
2017-5,E01029216,B25,1,1,1.0
2017-5,E01029226,B19,1,1,1.0
2017-5,E01029231,B17,1,1,1.0
2017-5,E01029233,B25,1,1,1.0
2017-5,E01029240,B25,1,1,1.0
2017-5,E01029242,B13,1,1,1.0
2017-5,E01029246,B16,1,1,1.0
2017-5,E01029248,B25,1,1,1.0
2017-5,E01029258,B13,1,1,1.0
2017-5,E01029261,B13,1,1,1.0
2017-5,E01029261,B15,1,1,1.0
2017-5,E01029261,B24,1,1,1.0
2017-5,E01029261,B25,5,2,2.5
2017-5,E01029269,B16,1,1,1.0
2017-5,E01029269,B24,1,1,1.0
2017-5,E01029269,B25,1,1,1.0
2017-5,E01029270,B25,3,1,3.0
2017-5,E01029316,B19,1,1,1.0
2017-5,E01029324,B13,1,1,1.0
2017-5,E01029325,B13,1,1,1.0
2017-5,E01029325,B18,1,1,1.0
2017-5,E01029327,B1,1,1,1.0
2017-5,E01029329,B13,1,1,1.0
2017-5,E01029330,B19,1,1,1.0
2017-5,E01029395,B25,1,1,1.0
2017-5,E01029415,B15,1,1,1.0
2017-5,E01029418,B15,1,1,1.0
2017-5,E01029426,B1,1,1,1.0
2017-5,E01029426,B13,1,1,1.0
2017-5,E01029426,B26,2,1,2.0
2017-5,E01029430,B26,1,1,1.0
2017-5,E01029448,B15,1,1,1.0
2017-5,E01029448,B17,1,1,1.0
2017-5,E01029448,B25,1,1,1.0
2017-5,E01029457,B17,1,1,1.0
2017-5,E01029458,B18,1,1,1.0
2017-5,E01029461,B18,1,1,1.0
2017-5,E01029461,B25,1,1,1.0
2017-5,E01029470,B13,1,1,1.0
2017-5,E01029480,B26,1,1,1.0
2017-5,E01029496,B18,1,1,1.0
2017-5,E01029507,B17,1,1,1.0
2017-5,E01029508,B1,1,1,1.0
2017-5,E01029523,B26,1,1,1.0
2017-5,E01029527,B26,1,1,1.0
2017-5,E01029529,B18,1,1,1.0
2017-5,E01029570,B25,1,1,1.0
2017-5,E01029570,B26,1,1,1.0
2017-5,E01029580,B25,1,1,1.0
2017-5,E01029593,B26,1,1,1.0
2017-5,E01029602,B26,2,1,2.0
2017-5,E01029613,B26,1,1,1.0
2017-5,E01029619,B26,1,1,1.0
2017-5,E01029621,B18,1,1,1.0
2017-5,E01029630,B26,1,1,1.0
2017-5,E01029632,B26,1,1,1.0
2017-5,E01029633,B26,1,1,1.0
2017-5,E01029635,B19,1,1,1.0
2017-5,E01029638,B1,1,1,1.0
2017-5,E01029645,B26,1,1,1.0
2017-5,E01029657,B26,1,1,1.0
2017-5,E01029665,B1,1,1,1.0
2017-5,E01029673,B24,1,1,1.0
2017-5,E01029674,B15,1,1,1.0
2017-5,E01029706,B16,1,1,1.0
2017-5,E01029720,B6,1,1,1.0
2017-5,E01029820,B19,1,1,1.0
2017-5,E01029824,B26,1,1,1.0
2017-5,E01029827,B26,1,1,1.0
2017-5,E01029877,B17,1,1,1.0
2017-5,E01029877,B23,1,1,1.0
2017-5,E01029878,B19,3,1,3.0
2017-5,E01029878,B25,1,1,1.0
2017-5,E01029879,B26,1,1,1.0
2017-5,E01029883,B13,1,1,1.0
2017-5,E01029896,B1,1,1,1.0
2017-5,E01029900,B13,1,1,1.0
2017-5,E01029908,B15,1,1,1.0
2017-5,E01029909,B25,1,1,1.0
2017-5,E01029911,B16,1,1,1.0
2017-5,E01029918,B14,1,1,1.0
2017-5,E01029918,B27,1,1,1.0
2017-5,E01029918,B28,1,1,1.0
2017-5,E01029927,B13,1,1,1.0
2017-5,E01029927,B19,3,1,3.0
2017-5,E01029927,B24,1,1,1.0
2017-5,E01029929,B25,1,1,1.0
2017-5,E01029930,B16,2,1,2.0
2017-5,E01029950,B18,2,1,2.0
2017-5,E01029950,B19,1,1,1.0
2017-5,E01029957,B25,1,1,1.0
2017-5,E01029958,B24,1,1,1.0
2017-5,E01029966,B16,1,1,1.0
2017-5,E01029984,B24,1,1,1.0
2017-5,E01029988,B24,6,1,6.0
2017-5,E01029988,B26,2,2,1.0
2017-5,E01029988,B27,1,1,1.0
2017-5,E01029988,B28,7,1,7.0
2017-5,E01029998,B17,2,1,2.0
2017-5,E01029998,B25,1,1,1.0
2017-5,E01030006,B25,2,1,2.0
2017-5,E01030006,B26,1,1,1.0
2017-5,E01030008,B16,1,1,1.0
2017-5,E01030011,B17,1,1,1.0
2017-5,E01030011,B19,1,1,1.0
2017-5,E01030022,B13,2,1,2.0
2017-5,E01030023,B26,1,1,1.0
2017-5,E01030025,B26,1,1,1.0
2017-5,E01030036,B26,1,1,1.0
2017-5,E01030045,B26,1,1,1.0
2017-5,E01030060,B26,1,1,1.0
2017-5,E01030080,B24,2,1,2.0
2017-5,E01030082,B16,1,1,1.0
2017-5,E01030083,B26,1,1,1.0
2017-5,E01030091,B23,1,1,1.0
2017-5,E01030105,B25,1,1,1.0
2017-5,E01030105,B26,1,1,1.0
2017-5,E01030106,B25,1,1,1.0
2017-5,E01030108,B1,1,1,1.0
2017-5,E01030108,B25,1,1,1.0
2017-5,E01030110,B16,1,1,1.0
2017-5,E01030110,B25,1,1,1.0
2017-5,E01030112,B28,1,1,1.0
2017-5,E01030113,B25,1,1,1.0
2017-5,E01030123,B18,1,1,1.0
2017-5,E01030132,B25,1,1,1.0
2017-5,E01030138,B25,1,1,1.0
2017-5,E01030144,B13,1,1,1.0
2017-5,E01030151,B25,1,1,1.0
2017-5,E01030152,B25,1,1,1.0
2017-5,E01030154,B13,1,1,1.0
2017-5,E01030160,B19,2,1,2.0
2017-5,E01030161,B15,1,1,1.0
2017-5,E01030188,B25,1,1,1.0
2017-5,E01030190,B16,1,1,1.0
2017-5,E01030190,B17,1,1,1.0
2017-5,E01030194,B25,3,1,3.0
2017-5,E01030197,B23,2,1,2.0
2017-5,E01030197,B24,1,1,1.0
2017-5,E01030203,B26,1,1,1.0
2017-5,E01030230,B19,1,1,1.0
2017-5,E01030237,B18,1,1,1.0
2017-5,E01030243,B16,1,1,1.0
2017-5,E01030250,B15,1,1,1.0
2017-5,E01030250,B19,1,1,1.0
2017-5,E01030250,B26,1,1,1.0
2017-5,E01030254,B26,1,1,1.0
2017-5,E01030272,B19,1,1,1.0
2017-5,E01030273,B18,1,1,1.0
2017-5,E01030286,B26,1,1,1.0
2017-5,E01030305,B26,2,1,2.0
2017-5,E01030321,B24,1,1,1.0
2017-5,E01030322,B13,1,1,1.0
2017-5,E01030325,B16,1,1,1.0
2017-5,E01030332,B13,1,1,1.0
2017-5,E01030332,B16,1,1,1.0
2017-5,E01030334,B26,1,1,1.0
2017-5,E01030339,B25,1,1,1.0
2017-5,E01030343,B13,1,1,1.0
2017-5,E01030346,B26,1,1,1.0
2017-5,E01030347,B19,1,1,1.0
2017-5,E01030348,B25,1,1,1.0
2017-5,E01030355,B18,1,1,1.0
2017-5,E01030359,B16,1,1,1.0
2017-5,E01030370,B25,1,1,1.0
2017-5,E01030372,B13,1,1,1.0
2017-5,E01030372,B16,1,1,1.0
2017-5,E01030374,B15,1,1,1.0
2017-5,E01030376,B18,1,1,1.0
2017-5,E01030380,B25,1,1,1.0
2017-5,E01030381,B25,1,1,1.0
2017-5,E01030384,B13,1,1,1.0
2017-5,E01030391,B26,1,1,1.0
2017-5,E01030392,B13,1,1,1.0
2017-5,E01030395,B26,1,1,1.0
2017-5,E01030405,B23,1,1,1.0
2017-5,E01030406,B26,1,1,1.0
2017-5,E01030408,B25,1,1,1.0
2017-5,E01030411,B19,1,1,1.0
2017-5,E01030417,B24,1,1,1.0
2017-5,E01030422,B26,1,1,1.0
2017-5,E01030423,B16,1,1,1.0
2017-5,E01030425,B18,1,1,1.0
2017-5,E01030426,B26,2,1,2.0
2017-5,E01030427,B24,1,1,1.0
2017-5,E01030427,B26,1,1,1.0
2017-5,E01030428,B13,1,1,1.0
2017-5,E01030429,B1,1,1,1.0
2017-5,E01030430,B26,1,1,1.0
2017-5,E01030431,B28,1,1,1.0
2017-5,E01030432,B25,1,1,1.0
2017-5,E01030434,B13,1,1,1.0
2017-5,E01030434,B25,1,1,1.0
2017-5,E01030435,B25,1,1,1.0
2017-5,E01030438,B25,1,1,1.0
2017-5,E01030439,B25,1,1,1.0
2017-5,E01030444,B25,1,1,1.0
2017-5,E01030447,B13,1,1,1.0
2017-5,E01030447,B25,1,1,1.0
2017-5,E01030448,B19,1,1,1.0
2017-5,E01030448,B24,1,1,1.0
2017-5,E01030450,B19,1,1,1.0
2017-5,E01030450,B24,1,1,1.0
2017-5,E01030450,B25,1,1,1.0
2017-5,E01030451,B25,1,1,1.0
2017-5,E01030453,B19,1,1,1.0
2017-5,E01030457,B26,1,1,1.0
2017-5,E01030458,B25,1,1,1.0
2017-5,E01030459,B25,1,1,1.0
2017-5,E01030463,B13,1,1,1.0
2017-5,E01030464,B25,2,1,2.0
2017-5,E01030466,B13,1,1,1.0
2017-5,E01030466,B24,1,1,1.0
2017-5,E01030472,B26,1,1,1.0
2017-5,E01030480,B16,1,1,1.0
2017-5,E01030491,B25,1,1,1.0
2017-5,E01030500,B13,1,1,1.0
2017-5,E01030501,B25,1,1,1.0
2017-5,E01030508,B19,1,1,1.0
2017-5,E01030509,B25,1,1,1.0
2017-5,E01030519,B18,1,1,1.0
2017-5,E01030523,B25,1,1,1.0
2017-5,E01030524,B26,2,1,2.0
2017-5,E01030525,B25,1,1,1.0
2017-5,E01030527,B25,1,1,1.0
2017-5,E01030531,B25,1,1,1.0
2017-5,E01030533,B26,1,1,1.0
2017-5,E01030537,B13,1,1,1.0
2017-5,E01030540,B19,1,1,1.0
2017-5,E01030541,B16,1,1,1.0
2017-5,E01030541,B25,1,1,1.0
2017-5,E01030543,B16,2,1,2.0
2017-5,E01030549,B1,1,1,1.0
2017-5,E01030549,B17,1,1,1.0
2017-5,E01030549,B23,3,1,3.0
2017-5,E01030550,B25,1,1,1.0
2017-5,E01030551,B23,3,1,3.0
2017-5,E01030554,B25,1,1,1.0
2017-5,E01030554,B26,1,1,1.0
2017-5,E01030555,B26,1,1,1.0
2017-5,E01030567,B25,1,1,1.0
2017-5,E01030574,B13,1,1,1.0
2017-5,E01030579,B24,1,1,1.0
2017-5,E01030582,B24,1,1,1.0
2017-5,E01030592,B13,1,1,1.0
2017-5,E01030592,B19,1,1,1.0
2017-5,E01030592,B25,1,1,1.0
2017-5,E01030592,B26,1,1,1.0
2017-5,E01030596,B24,1,1,1.0
2017-5,E01030598,B19,1,1,1.0
2017-5,E01030598,B23,1,1,1.0
2017-5,E01030608,B1,1,1,1.0
2017-5,E01030612,B24,1,1,1.0
2017-5,E01030612,B26,1,1,1.0
2017-5,E01030616,B28,1,1,1.0
2017-5,E01030622,B24,1,1,1.0
2017-5,E01030628,B1,1,1,1.0
2017-5,E01030636,B24,1,1,1.0
2017-5,E01030646,B23,1,1,1.0
2017-5,E01030649,B19,1,1,1.0
2017-5,E01030649,B26,2,1,2.0
2017-5,E01030652,B18,1,1,1.0
2017-5,E01030653,B1,1,1,1.0
2017-5,E01030655,B24,1,1,1.0
2017-5,E01030656,B25,1,1,1.0
2017-5,E01030658,B13,1,1,1.0
2017-5,E01030661,B13,1,1,1.0
2017-5,E01030663,B25,1,1,1.0
2017-5,E01030664,B16,3,1,3.0
2017-5,E01030664,B28,1,1,1.0
2017-5,E01030665,B16,1,1,1.0
2017-5,E01030665,B23,1,1,1.0
2017-5,E01030667,B18,1,1,1.0
2017-5,E01030667,B19,1,1,1.0
2017-5,E01030667,B25,2,1,2.0
2017-5,E01030668,B1,2,1,2.0
2017-5,E01030668,B16,1,1,1.0
2017-5,E01030668,B18,1,1,1.0
2017-5,E01030668,B25,2,2,1.0
2017-5,E01030668,B26,1,1,1.0
2017-5,E01030669,B18,1,1,1.0
2017-5,E01030669,B26,1,1,1.0
2017-5,E01030669,B6,1,1,1.0
2017-5,E01030671,B24,1,1,1.0
2017-5,E01030671,B26,1,1,1.0
2017-5,E01030671,B28,1,1,1.0
2017-5,E01030672,B19,1,1,1.0
2017-5,E01030673,B16,1,1,1.0
2017-5,E01030673,B26,1,1,1.0
2017-5,E01030677,B1,1,1,1.0
2017-5,E01030677,B16,1,1,1.0
2017-5,E01030677,B26,3,2,1.5
2017-5,E01030685,B16,1,1,1.0
2017-5,E01030686,B23,1,1,1.0
2017-5,E01030697,B19,1,1,1.0
2017-5,E01030699,B17,1,1,1.0
2017-5,E01030706,B17,1,1,1.0
2017-5,E01030715,B15,1,1,1.0
2017-5,E01030717,B1,2,1,2.0
2017-5,E01030719,B25,1,1,1.0
2017-5,E01030721,B13,1,1,1.0
2017-5,E01030724,B1,1,1,1.0
2017-5,E01030727,B14,1,1,1.0
2017-5,E01030729,B25,1,1,1.0
2017-5,E01030730,B19,1,1,1.0
2017-5,E01030732,B16,1,1,1.0
2017-5,E01030735,B26,1,1,1.0
2017-5,E01030736,B25,1,1,1.0
2017-5,E01030737,B23,1,1,1.0
2017-5,E01030738,B25,1,1,1.0
2017-5,E01030744,B13,1,1,1.0
2017-5,E01030744,B25,2,2,1.0
2017-5,E01030746,B25,2,2,1.0
2017-5,E01030747,B26,1,1,1.0
2017-5,E01030752,B13,1,1,1.0
2017-5,E01030752,B19,1,1,1.0
2017-5,E01030753,B19,1,1,1.0
2017-5,E01030755,B13,1,1,1.0
2017-5,E01030755,B25,1,1,1.0
2017-5,E01030758,B13,1,1,1.0
2017-5,E01030762,B26,1,1,1.0
2017-5,E01030763,B25,2,2,1.0
2017-5,E01030766,B24,3,2,1.5
2017-5,E01030768,B13,1,1,1.0
2017-5,E01030774,B18,1,1,1.0
2017-5,E01030777,B13,1,1,1.0
2017-5,E01030779,B16,1,1,1.0
2017-5,E01030782,B26,1,1,1.0
2017-5,E01030791,B18,1,1,1.0
2017-5,E01030791,B23,1,1,1.0
2017-5,E01030793,B13,1,1,1.0
2017-5,E01030793,B19,2,2,1.0
2017-5,E01030793,B25,1,1,1.0
2017-5,E01030795,B19,1,1,1.0
2017-5,E01030796,B15,1,1,1.0
2017-5,E01030797,B25,1,1,1.0
2017-5,E01030798,B16,1,1,1.0
2017-5,E01030803,B25,1,1,1.0
2017-5,E01030805,B24,1,1,1.0
2017-5,E01030805,B25,1,1,1.0
2017-5,E01030808,B26,1,1,1.0
2017-5,E01030820,B25,1,1,1.0
2017-5,E01030821,B25,2,2,1.0
2017-5,E01030825,B24,1,1,1.0
2017-5,E01030825,B26,1,1,1.0
2017-5,E01030831,B24,1,1,1.0
2017-5,E01030832,B26,3,2,1.5
2017-5,E01030836,B16,1,1,1.0
2017-5,E01030837,B23,1,1,1.0
2017-5,E01030850,B19,1,1,1.0
2017-5,E01030850,B28,1,1,1.0
2017-5,E01030852,B13,1,1,1.0
2017-5,E01030852,B26,1,1,1.0
2017-5,E01030873,B25,1,1,1.0
2017-5,E01030875,B25,1,1,1.0
2017-5,E01030884,B25,1,1,1.0
2017-5,E01030885,B19,1,1,1.0
2017-5,E01030885,B25,3,1,3.0
2017-5,E01030886,B19,1,1,1.0
2017-5,E01030886,B23,1,1,1.0
2017-5,E01030886,B25,2,1,2.0
2017-5,E01030889,B19,1,1,1.0
2017-5,E01030889,B24,1,1,1.0
2017-5,E01030893,B26,2,1,2.0
2017-5,E01030894,B19,1,1,1.0
2017-5,E01030895,B26,1,1,1.0
2017-5,E01030896,B13,1,1,1.0
2017-5,E01030899,B13,1,1,1.0
2017-5,E01030901,B19,1,1,1.0
2017-5,E01030902,B24,1,1,1.0
2017-5,E01030903,B24,1,1,1.0
2017-5,E01030905,B16,1,1,1.0
2017-5,E01030905,B25,1,1,1.0
2017-5,E01030906,B25,1,1,1.0
2017-5,E01030914,B26,2,2,1.0
2017-5,E01030937,B1,1,1,1.0
2017-5,E01030947,B28,1,1,1.0
2017-5,E01030950,B16,1,1,1.0
2017-5,E01030950,B19,1,1,1.0
2017-5,E01030950,B25,1,1,1.0
2017-5,E01030952,B13,1,1,1.0
2017-5,E01030963,B25,1,1,1.0
2017-5,E01030964,B15,1,1,1.0
2017-5,E01030964,B25,2,1,2.0
2017-5,E01030967,B13,1,1,1.0
2017-5,E01030970,B25,1,1,1.0
2017-5,E01030975,B13,1,1,1.0
2017-5,E01030978,B13,1,1,1.0
2017-5,E01030982,B26,1,1,1.0
2017-5,E01030986,B13,1,1,1.0
2017-5,E01030986,B25,1,1,1.0
2017-5,E01030990,B25,1,1,1.0
2017-5,E01030993,B13,1,1,1.0
2017-5,E01030995,B13,1,1,1.0
2017-5,E01030998,B25,1,1,1.0
2017-5,E01030999,B13,1,1,1.0
2017-5,E01030999,B19,1,1,1.0
2017-5,E01031000,B24,1,1,1.0
2017-5,E01031000,B25,1,1,1.0
2017-5,E01031001,B19,2,1,2.0
2017-5,E01031001,B25,1,1,1.0
2017-5,E01031007,B23,2,2,1.0
2017-5,E01031010,B16,1,1,1.0
2017-5,E01031011,B16,1,1,1.0
2017-5,E01031011,B17,1,1,1.0
2017-5,E01031014,B16,1,1,1.0
2017-5,E01031014,B3,2,2,1.0
2017-5,E01031015,B17,1,1,1.0
2017-5,E01031015,B25,1,1,1.0
2017-5,E01031017,B7,1,1,1.0
2017-5,E01031018,B23,1,1,1.0
2017-5,E01031019,B16,1,1,1.0
2017-5,E01031019,B24,1,1,1.0
2017-5,E01031019,B25,1,1,1.0
2017-5,E01031020,B12,1,1,1.0
2017-5,E01031021,B24,1,1,1.0
2017-5,E01031022,B24,2,1,2.0
2017-5,E01031023,B1,1,1,1.0
2017-5,E01031023,B16,1,1,1.0
2017-5,E01031023,B23,1,1,1.0
2017-5,E01031023,B25,1,1,1.0
2017-5,E01031024,B18,1,1,1.0
2017-5,E01031024,B23,2,1,2.0
2017-5,E01031024,B24,1,1,1.0
2017-5,E01031024,B25,2,2,1.0
2017-5,E01031025,B7,1,1,1.0
2017-5,E01031027,B23,1,1,1.0
2017-5,E01031027,B24,1,1,1.0
2017-5,E01031027,B7,1,1,1.0
2017-5,E01031028,B23,5,4,1.25
2017-5,E01031028,B25,1,1,1.0
2017-5,E01031030,B17,1,1,1.0
2017-5,E01031030,B23,5,4,1.25
2017-5,E01031030,B25,1,1,1.0
2017-5,E01031030,B7,1,1,1.0
2017-5,E01031031,B23,3,3,1.0
2017-5,E01031031,B26,2,2,1.0
2017-5,E01031031,B7,1,1,1.0
2017-5,E01031032,B23,1,1,1.0
2017-5,E01031033,B15,1,1,1.0
2017-5,E01031033,B24,1,1,1.0
2017-5,E01031035,B24,1,1,1.0
2017-5,E01031035,B7,1,1,1.0
2017-5,E01031036,B16,2,1,2.0
2017-5,E01031036,B23,1,1,1.0
2017-5,E01031039,B26,1,1,1.0
2017-5,E01031040,B18,1,1,1.0
2017-5,E01031040,B23,1,1,1.0
2017-5,E01031041,B16,1,1,1.0
2017-5,E01031041,B7,1,1,1.0
2017-5,E01031042,B16,1,1,1.0
2017-5,E01031042,B23,2,1,2.0
2017-5,E01031043,B16,1,1,1.0
2017-5,E01031043,B24,1,1,1.0
2017-5,E01031047,B23,1,1,1.0
2017-5,E01031048,B16,1,1,1.0
2017-5,E01031049,B16,1,1,1.0
2017-5,E01031049,B23,1,1,1.0
2017-5,E01031049,B25,1,1,1.0
2017-5,E01031049,B7,2,1,2.0
2017-5,E01031050,B12,1,1,1.0
2017-5,E01031050,B7,1,1,1.0
2017-5,E01031055,B17,1,1,1.0
2017-5,E01031055,B23,1,1,1.0
2017-5,E01031056,B16,1,1,1.0
2017-5,E01031058,B14,1,1,1.0
2017-5,E01031058,B17,2,1,2.0
2017-5,E01031060,B26,1,1,1.0
2017-5,E01031061,B3,1,1,1.0
2017-5,E01031061,B7,1,1,1.0
2017-5,E01031063,B24,1,1,1.0
2017-5,E01031064,B23,1,1,1.0
2017-5,E01031067,B23,1,1,1.0
2017-5,E01031069,B26,1,1,1.0
2017-5,E01031074,B23,1,1,1.0
2017-5,E01031075,B23,1,1,1.0
2017-5,E01031081,B16,1,1,1.0
2017-5,E01031083,B23,1,1,1.0
2017-5,E01031085,B16,1,1,1.0
2017-5,E01031086,B23,1,1,1.0
2017-5,E01031086,B7,1,1,1.0
2017-5,E01031090,B23,1,1,1.0
2017-5,E01031091,B7,1,1,1.0
2017-5,E01031092,B7,1,1,1.0
2017-5,E01031095,B16,1,1,1.0
2017-5,E01031104,B28,1,1,1.0
2017-5,E01031105,B12,1,1,1.0
2017-5,E01031107,B16,1,1,1.0
2017-5,E01031107,B23,1,1,1.0
2017-5,E01031109,B16,1,1,1.0
2017-5,E01031109,B25,1,1,1.0
2017-5,E01031110,B3,1,1,1.0
2017-5,E01031112,B23,1,1,1.0
2017-5,E01031113,B15,1,1,1.0
2017-5,E01031113,B28,1,1,1.0
2017-5,E01031114,B24,1,1,1.0
2017-5,E01031114,B26,1,1,1.0
2017-5,E01031116,B27,2,1,2.0
2017-5,E01031117,B23,1,1,1.0
2017-5,E01031118,B23,1,1,1.0
2017-5,E01031119,B28,1,1,1.0
2017-5,E01031120,B16,1,1,1.0
2017-5,E01031120,B23,1,1,1.0
2017-5,E01031120,B24,1,1,1.0
2017-5,E01031120,B25,1,1,1.0
2017-5,E01031120,B27,1,1,1.0
2017-5,E01031120,B7,1,1,1.0
2017-5,E01031124,B23,1,1,1.0
2017-5,E01031127,B7,1,1,1.0
2017-5,E01031129,B24,1,1,1.0
2017-5,E01031130,B24,1,1,1.0
2017-5,E01031131,B26,1,1,1.0
2017-5,E01031132,B16,1,1,1.0
2017-5,E01031132,B7,1,1,1.0
2017-5,E01031133,B25,1,1,1.0
2017-5,E01031135,B7,1,1,1.0
2017-5,E01031137,B23,2,1,2.0
2017-5,E01031139,B16,1,1,1.0
2017-5,E01031139,B23,4,1,4.0
2017-5,E01031139,B26,1,1,1.0
2017-5,E01031141,B23,2,2,1.0
2017-5,E01031141,B25,1,1,1.0
2017-5,E01031141,B3,1,1,1.0
2017-5,E01031142,B17,1,1,1.0
2017-5,E01031142,B26,1,1,1.0
2017-5,E01031145,B24,1,1,1.0
2017-5,E01031145,B7,1,1,1.0
2017-5,E01031147,B23,2,2,1.0
2017-5,E01031149,B23,4,4,1.0
2017-5,E01031149,B24,4,3,1.3333333333333333
2017-5,E01031149,B7,1,1,1.0
2017-5,E01031153,B16,1,1,1.0
2017-5,E01031153,B23,1,1,1.0
2017-5,E01031154,B16,1,1,1.0
2017-5,E01031159,B16,1,1,1.0
2017-5,E01031159,B17,1,1,1.0
2017-5,E01031159,B7,1,1,1.0
2017-5,E01031160,B23,3,2,1.5
2017-5,E01031160,B24,1,1,1.0
2017-5,E01031160,B25,1,1,1.0
2017-5,E01031160,B26,1,1,1.0
2017-5,E01031160,B7,1,1,1.0
2017-5,E01031161,B16,1,1,1.0
2017-5,E01031161,B23,1,1,1.0
2017-5,E01031162,B25,1,1,1.0
2017-5,E01031165,B16,1,1,1.0
2017-5,E01031166,B23,1,1,1.0
2017-5,E01031166,B25,1,1,1.0
2017-5,E01031168,B23,1,1,1.0
2017-5,E01031173,B25,1,1,1.0
2017-5,E01031174,B23,1,1,1.0
2017-5,E01031176,B17,1,1,1.0
2017-5,E01031179,B17,2,1,2.0
2017-5,E01031179,B18,1,1,1.0
2017-5,E01031181,B25,1,1,1.0
2017-5,E01031183,B7,2,1,2.0
2017-5,E01031184,B16,2,2,1.0
2017-5,E01031184,B23,2,2,1.0
2017-5,E01031186,B23,1,1,1.0
2017-5,E01031187,B25,1,1,1.0
2017-5,E01031190,B16,1,1,1.0
2017-5,E01031192,B16,1,1,1.0
2017-5,E01031194,B23,3,3,1.0
2017-5,E01031194,B25,4,3,1.3333333333333333
2017-5,E01031194,B26,1,1,1.0
2017-5,E01031195,B16,1,1,1.0
2017-5,E01031195,B23,5,4,1.25
2017-5,E01031195,B25,1,1,1.0
2017-5,E01031196,B16,1,1,1.0
2017-5,E01031196,B23,1,1,1.0
2017-5,E01031197,B16,1,1,1.0
2017-5,E01031197,B7,1,1,1.0
2017-5,E01031198,B16,3,2,1.5
2017-5,E01031198,B23,1,1,1.0
2017-5,E01031199,B16,2,2,1.0
2017-5,E01031199,B23,1,1,1.0
2017-5,E01031199,B25,1,1,1.0
2017-5,E01031201,B25,1,1,1.0
2017-5,E01031202,B7,1,1,1.0
2017-5,E01031204,B23,2,2,1.0
2017-5,E01031204,B26,1,1,1.0
2017-5,E01031205,B12,2,2,1.0
2017-5,E01031207,B12,1,1,1.0
2017-5,E01031207,B24,1,1,1.0
2017-5,E01031207,B7,2,2,1.0
2017-5,E01031208,B7,1,1,1.0
2017-5,E01031209,B12,1,1,1.0
2017-5,E01031209,B23,9,2,4.5
2017-5,E01031210,B16,1,1,1.0
2017-5,E01031211,B17,1,1,1.0
2017-5,E01031211,B23,1,1,1.0
2017-5,E01031212,B23,1,1,1.0
2017-5,E01031213,B17,1,1,1.0
2017-5,E01031213,B23,1,1,1.0
2017-5,E01031213,B25,1,1,1.0
2017-5,E01031213,B7,1,1,1.0
2017-5,E01031215,B23,1,1,1.0
2017-5,E01031217,B7,3,1,3.0
2017-5,E01031218,B23,2,2,1.0
2017-5,E01031220,B16,1,1,1.0
2017-5,E01031221,B7,1,1,1.0
2017-5,E01031222,B16,2,2,1.0
2017-5,E01031222,B23,1,1,1.0
2017-5,E01031222,B24,1,1,1.0
2017-5,E01031222,B26,1,1,1.0
2017-5,E01031223,B25,2,2,1.0
2017-5,E01031224,B23,3,3,1.0
2017-5,E01031225,B25,1,1,1.0
2017-5,E01031227,B16,1,1,1.0
2017-5,E01031227,B28,2,1,2.0
2017-5,E01031229,B23,1,1,1.0
2017-5,E01031230,B16,1,1,1.0
2017-5,E01031230,B25,1,1,1.0
2017-5,E01031230,B28,1,1,1.0
2017-5,E01031232,B23,1,1,1.0
2017-5,E01031233,B12,1,1,1.0
2017-5,E01031234,B16,1,1,1.0
2017-5,E01031234,B24,1,1,1.0
2017-5,E01031234,B25,1,1,1.0
2017-5,E01031235,B15,1,1,1.0
2017-5,E01031235,B23,1,1,1.0
2017-5,E01031238,B7,1,1,1.0
2017-5,E01031239,B16,1,1,1.0
2017-5,E01031239,B23,3,3,1.0
2017-5,E01031239,B25,1,1,1.0
2017-5,E01031240,B17,1,1,1.0
2017-5,E01031241,B23,1,1,1.0
2017-5,E01031241,B25,1,1,1.0
2017-5,E01031244,B17,2,1,2.0
2017-5,E01031244,B23,1,1,1.0
2017-5,E01031245,B23,1,1,1.0
2017-5,E01031246,B26,1,1,1.0
2017-5,E01031248,B16,1,1,1.0
2017-5,E01031248,B23,1,1,1.0
2017-5,E01031250,B16,1,1,1.0
2017-5,E01031250,B23,1,1,1.0
2017-5,E01031250,B24,1,1,1.0
2017-5,E01031250,B7,1,1,1.0
2017-5,E01031251,B23,1,1,1.0
2017-5,E01031252,B17,1,1,1.0
2017-5,E01031252,B7,1,1,1.0
2017-5,E01031254,B12,1,1,1.0
2017-5,E01031254,B23,1,1,1.0
2017-5,E01031256,B16,1,1,1.0
2017-5,E01031257,B7,1,1,1.0
2017-5,E01031258,B23,1,1,1.0
2017-5,E01031259,B12,2,1,2.0
2017-5,E01031259,B23,1,1,1.0
2017-5,E01031259,B26,1,1,1.0
2017-5,E01031260,B23,2,2,1.0
2017-5,E01031260,B25,1,1,1.0
2017-5,E01031260,B7,1,1,1.0
2017-5,E01031261,B23,2,2,1.0
2017-5,E01031265,B23,2,2,1.0
2017-5,E01031266,B16,1,1,1.0
2017-5,E01031266,B25,1,1,1.0
2017-5,E01031269,B23,1,1,1.0
2017-5,E01031269,B28,1,1,1.0
2017-5,E01031271,B7,1,1,1.0
2017-5,E01031274,B16,1,1,1.0
2017-5,E01031274,B23,1,1,1.0
2017-5,E01031276,B23,1,1,1.0
2017-5,E01031277,B23,1,1,1.0
2017-5,E01031277,B24,1,1,1.0
2017-5,E01031278,B23,1,1,1.0
2017-5,E01031279,B17,1,1,1.0
2017-5,E01031280,B23,3,1,3.0
2017-5,E01031281,B16,1,1,1.0
2017-5,E01031281,B23,2,2,1.0
2017-5,E01031282,B23,4,3,1.3333333333333333
2017-5,E01031282,B25,1,1,1.0
2017-5,E01031282,B26,1,1,1.0
2017-5,E01031284,B24,1,1,1.0
2017-5,E01031284,B7,1,1,1.0
2017-5,E01031285,B17,1,1,1.0
2017-5,E01031285,B25,1,1,1.0
2017-5,E01031288,B12,1,1,1.0
2017-5,E01031289,B24,2,1,2.0
2017-5,E01031289,B26,1,1,1.0
2017-5,E01031291,B23,1,1,1.0
2017-5,E01031292,B23,2,2,1.0
2017-5,E01031292,B7,2,2,1.0
2017-5,E01031293,B25,1,1,1.0
2017-5,E01031293,B7,1,1,1.0
2017-5,E01031294,B12,2,2,1.0
2017-5,E01031294,B17,1,1,1.0
2017-5,E01031296,B23,1,1,1.0
2017-5,E01031297,B17,2,2,1.0
2017-5,E01031297,B26,1,1,1.0
2017-5,E01031298,B23,1,1,1.0
2017-5,E01031300,B16,1,1,1.0
2017-5,E01031301,B23,4,2,2.0
2017-5,E01031301,B25,1,1,1.0
2017-5,E01031301,B7,1,1,1.0
2017-5,E01031302,B24,1,1,1.0
2017-5,E01031302,B25,1,1,1.0
2017-5,E01031303,B12,1,1,1.0
2017-5,E01031303,B24,1,1,1.0
2017-5,E01031304,B17,1,1,1.0
2017-5,E01031307,B23,2,2,1.0
2017-5,E01031308,B16,1,1,1.0
2017-5,E01031308,B17,1,1,1.0
2017-5,E01031308,B24,1,1,1.0
2017-5,E01031308,B25,2,1,2.0
2017-5,E01031309,B16,1,1,1.0
2017-5,E01031309,B23,2,2,1.0
2017-5,E01031310,B16,1,1,1.0
2017-5,E01031311,B17,1,1,1.0
2017-5,E01031312,B16,1,1,1.0
2017-5,E01031312,B17,1,1,1.0
2017-5,E01031312,B28,1,1,1.0
2017-5,E01031313,B23,1,1,1.0
2017-5,E01031315,B12,1,1,1.0
2017-5,E01031316,B23,1,1,1.0
2017-5,E01031320,B16,1,1,1.0
2017-5,E01031321,B16,1,1,1.0
2017-5,E01031321,B24,1,1,1.0
2017-5,E01031322,B23,1,1,1.0
2017-5,E01031323,B16,1,1,1.0
2017-5,E01031323,B18,1,1,1.0
2017-5,E01031323,B7,2,1,2.0
2017-5,E01031324,B16,1,1,1.0
2017-5,E01031324,B7,1,1,1.0
2017-5,E01031325,B16,1,1,1.0
2017-5,E01031327,B7,1,1,1.0
2017-5,E01031332,B26,1,1,1.0
2017-5,E01031334,B16,1,1,1.0
2017-5,E01031334,B7,1,1,1.0
2017-5,E01031335,B18,1,1,1.0
2017-5,E01031335,B7,1,1,1.0
2017-5,E01031336,B25,1,1,1.0
2017-5,E01031336,B7,1,1,1.0
2017-5,E01031337,B23,1,1,1.0
2017-5,E01031337,B25,1,1,1.0
2017-5,E01031353,B24,1,1,1.0
2017-5,E01031360,B19,1,1,1.0
2017-5,E01031386,B13,1,1,1.0
2017-5,E01031391,B13,1,1,1.0
2017-5,E01031391,B28,1,1,1.0
2017-5,E01031395,B19,1,1,1.0
2017-5,E01031395,B6,1,1,1.0
2017-5,E01031399,B1,1,1,1.0
2017-5,E01031401,B24,1,1,1.0
2017-5,E01031405,B1,1,1,1.0
2017-5,E01031429,B26,2,1,2.0
2017-5,E01031436,B26,1,1,1.0
2017-5,E01031437,B18,1,1,1.0
2017-5,E01031439,B25,1,1,1.0
2017-5,E01031444,B26,1,1,1.0
2017-5,E01031445,B19,1,1,1.0
2017-5,E01031448,B1,1,1,1.0
2017-5,E01031465,B26,1,1,1.0
2017-5,E01031468,B16,1,1,1.0
2017-5,E01031477,B25,1,1,1.0
2017-5,E01031480,B19,1,1,1.0
2017-5,E01031490,B13,1,1,1.0
2017-5,E01031500,B25,1,1,1.0
2017-5,E01031503,B25,2,2,1.0
2017-5,E01031505,B13,1,1,1.0
2017-5,E01031506,B13,1,1,1.0
2017-5,E01031512,B17,1,1,1.0
2017-5,E01031513,B19,1,1,1.0
2017-5,E01031516,B25,1,1,1.0
2017-5,E01031521,B16,1,1,1.0
2017-5,E01031533,B19,1,1,1.0
2017-5,E01031534,B13,1,1,1.0
2017-5,E01031535,B19,1,1,1.0
2017-5,E01031541,B25,1,1,1.0
2017-5,E01031543,B25,1,1,1.0
2017-5,E01031547,B18,1,1,1.0
2017-5,E01031567,B25,1,1,1.0
2017-5,E01031570,B19,1,1,1.0
2017-5,E01031576,B18,1,1,1.0
2017-5,E01031581,B16,1,1,1.0
2017-5,E01031583,B18,1,1,1.0
2017-5,E01031584,B26,1,1,1.0
2017-5,E01031603,B16,1,1,1.0
2017-5,E01031613,B25,1,1,1.0
2017-5,E01031626,B25,3,1,3.0
2017-5,E01031628,B16,1,1,1.0
2017-5,E01031630,B19,1,1,1.0
2017-5,E01031636,B16,1,1,1.0
2017-5,E01031637,B1,1,1,1.0
2017-5,E01031640,B13,1,1,1.0
2017-5,E01031640,B25,1,1,1.0
2017-5,E01031658,B19,6,1,6.0
2017-5,E01031658,B25,1,1,1.0
2017-5,E01031659,B25,1,1,1.0
2017-5,E01031661,B16,1,1,1.0
2017-5,E01031662,B25,1,1,1.0
2017-5,E01031672,B18,1,1,1.0
2017-5,E01031672,B25,2,2,1.0
2017-5,E01031675,B25,1,1,1.0
2017-5,E01031676,B24,1,1,1.0
2017-5,E01031676,B25,1,1,1.0
2017-5,E01031679,B1,1,1,1.0
2017-5,E01031679,B24,1,1,1.0
2017-5,E01031679,B28,1,1,1.0
2017-5,E01031686,B16,1,1,1.0
2017-5,E01031692,B25,1,1,1.0
2017-5,E01031697,B25,1,1,1.0
2017-5,E01031700,B18,1,1,1.0
2017-5,E01031707,B25,1,1,1.0
2017-5,E01031708,B16,1,1,1.0
2017-5,E01031717,B25,1,1,1.0
2017-5,E01031726,B19,1,1,1.0
2017-5,E01031726,B25,2,1,2.0
2017-5,E01031726,B27,1,1,1.0
2017-5,E01031727,B19,1,1,1.0
2017-5,E01031727,B25,2,1,2.0
2017-5,E01031729,B13,1,1,1.0
2017-5,E01031731,B16,1,1,1.0
2017-5,E01031731,B18,1,1,1.0
2017-5,E01031733,B13,1,1,1.0
2017-5,E01031741,B24,1,1,1.0
2017-5,E01031741,B25,1,1,1.0
2017-5,E01031743,B25,1,1,1.0
2017-5,E01031746,B25,1,1,1.0
2017-5,E01031761,B16,1,1,1.0
2017-5,E01031770,B26,1,1,1.0
2017-5,E01031784,B13,1,1,1.0
2017-5,E01031788,B25,1,1,1.0
2017-5,E01031789,B25,1,1,1.0
2017-5,E01031803,B16,1,1,1.0
2017-5,E01031807,B1,2,1,2.0
2017-5,E01031807,B19,1,1,1.0
2017-5,E01031810,B26,1,1,1.0
2017-5,E01031814,B26,1,1,1.0
2017-5,E01031815,B18,1,1,1.0
2017-5,E01031823,B25,1,1,1.0
2017-5,E01031827,B13,1,1,1.0
2017-5,E01031861,B13,1,1,1.0
2017-5,E01031922,B28,1,1,1.0
2017-5,E01031960,B25,1,1,1.0
2017-5,E01032003,B26,1,1,1.0
2017-5,E01032025,B13,1,1,1.0
2017-5,E01032030,B24,1,1,1.0
2017-5,E01032032,B16,1,1,1.0
2017-5,E01032036,B25,1,1,1.0
2017-5,E01032042,B25,1,1,1.0
2017-5,E01032061,B25,1,1,1.0
2017-5,E01032098,B1,1,1,1.0
2017-5,E01032123,B16,1,1,1.0
2017-5,E01032134,B18,1,1,1.0
2017-5,E01032138,B26,1,1,1.0
2017-5,E01032139,B16,1,1,1.0
2017-5,E01032156,B26,1,1,1.0
2017-5,E01032156,B6,1,1,1.0
2017-5,E01032178,B26,1,1,1.0
2017-5,E01032193,B26,1,1,1.0
2017-5,E01032226,B16,1,1,1.0
2017-5,E01032228,B16,1,1,1.0
2017-5,E01032237,B26,1,1,1.0
2017-5,E01032238,B16,1,1,1.0
2017-5,E01032239,B26,1,1,1.0
2017-5,E01032247,B26,1,1,1.0
2017-5,E01032249,B16,1,1,1.0
2017-5,E01032299,B18,1,1,1.0
2017-5,E01032325,B16,1,1,1.0
2017-5,E01032342,B1,1,1,1.0
2017-5,E01032343,B26,2,2,1.0
2017-5,E01032345,B16,1,1,1.0
2017-5,E01032402,B17,1,1,1.0
2017-5,E01032409,B19,1,1,1.0
2017-5,E01032417,B16,1,1,1.0
2017-5,E01032450,B14,1,1,1.0
2017-5,E01032460,B16,1,1,1.0
2017-5,E01032463,B17,1,1,1.0
2017-5,E01032485,B25,2,1,2.0
2017-5,E01032485,B26,2,2,1.0
2017-5,E01032495,B15,2,1,2.0
2017-5,E01032495,B18,1,1,1.0
2017-5,E01032495,B28,1,1,1.0
2017-5,E01032502,B26,1,1,1.0
2017-5,E01032508,B25,1,1,1.0
2017-5,E01032509,B14,1,1,1.0
2017-5,E01032510,B24,1,1,1.0
2017-5,E01032515,B7,1,1,1.0
2017-5,E01032516,B23,2,2,1.0
2017-5,E01032516,B7,1,1,1.0
2017-5,E01032518,B13,1,1,1.0
2017-5,E01032518,B23,5,2,2.5
2017-5,E01032518,B25,1,1,1.0
2017-5,E01032518,B6,1,1,1.0
2017-5,E01032519,B7,1,1,1.0
2017-5,E01032534,B17,1,1,1.0
2017-5,E01032536,B13,1,1,1.0
2017-5,E01032546,B24,1,1,1.0
2017-5,E01032551,B18,1,1,1.0
2017-5,E01032554,B13,1,1,1.0
2017-5,E01032554,B19,1,1,1.0
2017-5,E01032554,B25,1,1,1.0
2017-5,E01032554,B28,1,1,1.0
2017-5,E01032561,B25,1,1,1.0
2017-5,E01032562,B1,1,1,1.0
2017-5,E01032562,B26,4,3,1.3333333333333333
2017-5,E01032563,B1,2,2,1.0
2017-5,E01032563,B19,1,1,1.0
2017-5,E01032563,B25,3,2,1.5
2017-5,E01032563,B26,5,4,1.25
2017-5,E01032564,B26,2,2,1.0
2017-5,E01032565,B13,1,1,1.0
2017-5,E01032565,B14,2,2,1.0
2017-5,E01032565,B26,1,1,1.0
2017-5,E01032566,B26,1,1,1.0
2017-5,E01032567,B16,1,1,1.0
2017-5,E01032567,B26,1,1,1.0
2017-5,E01032568,B1,2,2,1.0
2017-5,E01032568,B14,3,3,1.0
2017-5,E01032568,B25,2,1,2.0
2017-5,E01032568,B28,1,1,1.0
2017-5,E01032570,B14,2,2,1.0
2017-5,E01032570,B17,1,1,1.0
2017-5,E01032570,B23,1,1,1.0
2017-5,E01032579,B26,2,1,2.0
2017-5,E01032582,B24,3,1,3.0
2017-5,E01032582,B25,1,1,1.0
2017-5,E01032582,B26,1,1,1.0
2017-5,E01032586,B26,1,1,1.0
2017-5,E01032590,B18,1,1,1.0
2017-5,E01032590,B28,1,1,1.0
2017-5,E01032593,B16,1,1,1.0
2017-5,E01032593,B19,2,1,2.0
2017-5,E01032593,B25,1,1,1.0
2017-5,E01032593,B26,1,1,1.0
2017-5,E01032598,B16,1,1,1.0
2017-5,E01032609,B19,1,1,1.0
2017-5,E01032619,B26,1,1,1.0
2017-5,E01032623,B13,2,1,2.0
2017-5,E01032627,B16,1,1,1.0
2017-5,E01032629,B25,1,1,1.0
2017-5,E01032630,B28,1,1,1.0
2017-5,E01032634,B25,1,1,1.0
2017-5,E01032639,B26,1,1,1.0
2017-5,E01032642,B25,1,1,1.0
2017-5,E01032645,B24,1,1,1.0
2017-5,E01032646,B19,1,1,1.0
2017-5,E01032646,B26,1,1,1.0
2017-5,E01032654,B26,1,1,1.0
2017-5,E01032656,B25,1,1,1.0
2017-5,E01032666,B26,1,1,1.0
2017-5,E01032667,B25,1,1,1.0
2017-5,E01032674,B25,1,1,1.0
2017-5,E01032674,B28,1,1,1.0
2017-5,E01032675,B1,1,1,1.0
2017-5,E01032715,B16,1,1,1.0
2017-5,E01032715,B26,2,1,2.0
2017-5,E01032719,B26,1,1,1.0
2017-5,E01032722,B19,1,1,1.0
2017-5,E01032725,B26,1,1,1.0
2017-5,E01032727,B25,1,1,1.0
2017-5,E01032733,B13,1,1,1.0
2017-5,E01032734,B13,1,1,1.0
2017-5,E01032734,B19,2,2,1.0
2017-5,E01032738,B19,1,1,1.0
2017-5,E01032738,B26,2,2,1.0
2017-5,E01032739,B14,1,1,1.0
2017-5,E01032739,B16,1,1,1.0
2017-5,E01032739,B24,1,1,1.0
2017-5,E01032739,B25,1,1,1.0
2017-5,E01032739,B26,1,1,1.0
2017-5,E01032740,B24,1,1,1.0
2017-5,E01032745,B17,1,1,1.0
2017-5,E01032746,B25,1,1,1.0
2017-5,E01032753,B26,1,1,1.0
2017-5,E01032758,B25,1,1,1.0
2017-5,E01032767,B26,1,1,1.0
2017-5,E01032771,B26,1,1,1.0
2017-5,E01032774,B26,1,1,1.0
2017-5,E01032780,B16,1,1,1.0
2017-5,E01032797,B19,1,1,1.0
2017-5,E01032798,B1,1,1,1.0
2017-5,E01032803,B1,1,1,1.0
2017-5,E01032808,B16,1,1,1.0
2017-5,E01032811,B16,1,1,1.0
2017-5,E01032813,B15,1,1,1.0
2017-5,E01032814,B25,1,1,1.0
2017-5,E01032819,B19,1,1,1.0
2017-5,E01032824,B25,1,1,1.0
2017-5,E01032829,B16,1,1,1.0
2017-5,E01032846,B14,1,1,1.0
2017-5,E01032847,B14,4,2,2.0
2017-5,E01032850,B13,1,1,1.0
2017-5,E01032850,B15,1,1,1.0
2017-5,E01032851,B19,1,1,1.0
2017-5,E01032853,B16,1,1,1.0
2017-5,E01032854,B1,1,1,1.0
2017-5,E01032854,B26,1,1,1.0
2017-5,E01032855,B16,1,1,1.0
2017-5,E01032856,B24,1,1,1.0
2017-5,E01032857,B25,1,1,1.0
2017-5,E01032858,B25,1,1,1.0
2017-5,E01032891,B24,1,1,1.0
2017-5,E01032891,B26,1,1,1.0
2017-5,E01032892,B16,2,2,1.0
2017-5,E01032892,B23,2,2,1.0
2017-5,E01032892,B25,1,1,1.0
2017-5,E01032892,B26,1,1,1.0
2017-5,E01032895,B24,1,1,1.0
2017-5,E01032895,B28,1,1,1.0
2017-5,E01032921,B13,1,1,1.0
2017-5,E01032922,B15,1,1,1.0
2017-5,E01032922,B25,2,2,1.0
2017-5,E01032928,B26,1,1,1.0
2017-5,E01032934,B16,1,1,1.0
2017-5,E01032939,B23,1,1,1.0
2017-5,E01032940,B15,1,1,1.0
2017-5,E01032941,B7,1,1,1.0
2017-5,E01032943,B25,2,1,2.0
2017-5,E01032943,B28,15,1,15.0
2017-5,E01032944,B19,1,1,1.0
2017-5,E01032944,B25,1,1,1.0
2017-5,E01032944,B7,1,1,1.0
2017-5,E01032945,B24,1,1,1.0
2017-5,E01032947,B15,2,2,1.0
2017-5,E01032947,B26,2,2,1.0
2017-5,E01032947,B28,2,2,1.0
2017-5,E01032948,B13,1,1,1.0
2017-5,E01032948,B28,1,1,1.0
2017-5,E01032950,B18,1,1,1.0
2017-5,E01032951,B16,1,1,1.0
2017-5,E01032951,B17,2,2,1.0
2017-5,E01032951,B25,1,1,1.0
2017-5,E01032951,B6,1,1,1.0
2017-5,E01032952,B16,1,1,1.0
2017-5,E01032953,B25,3,2,1.5
2017-5,E01032954,B13,4,2,2.0
2017-5,E01032954,B17,1,1,1.0
2017-5,E01032954,B18,1,1,1.0
2017-5,E01032954,B25,5,5,1.0
2017-5,E01032954,B6,1,1,1.0
2017-5,E01032955,B18,1,1,1.0
2017-5,E01032963,B6,1,1,1.0
2017-5,E01032965,B18,1,1,1.0
2017-5,E01032966,B26,1,1,1.0
2017-5,E01032982,B13,1,1,1.0
2017-5,E01032982,B16,1,1,1.0
2017-5,E01032982,B26,1,1,1.0
2017-5,E01032986,B25,1,1,1.0
2017-5,E01032995,B26,1,1,1.0
2017-5,E01032995,B28,1,1,1.0
2017-5,E01033006,B18,1,1,1.0
2017-5,E01033015,B14,1,1,1.0
2017-5,E01033023,B25,1,1,1.0
2017-5,E01033025,B16,1,1,1.0
2017-5,E01033036,B13,1,1,1.0
2017-5,E01033038,B13,3,1,3.0
2017-5,E01033038,B19,1,1,1.0
2017-5,E01033042,B13,1,1,1.0
2017-5,E01033052,B16,1,1,1.0
2017-5,E01033057,B25,1,1,1.0
2017-5,E01033072,B25,2,2,1.0
2017-5,E01033075,B26,1,1,1.0
2017-5,E01033078,B25,1,1,1.0
2017-5,E01033093,B19,1,1,1.0
2017-5,E01033099,B13,1,1,1.0
2017-5,E01033104,B24,1,1,1.0
2017-5,E01033104,B28,1,1,1.0
2017-5,E01033106,B18,1,1,1.0
2017-5,E01033122,B26,1,1,1.0
2017-5,E01033127,B14,1,1,1.0
2017-5,E01033127,B19,1,1,1.0
2017-5,E01033130,B19,1,1,1.0
2017-5,E01033140,B13,1,1,1.0
2017-5,E01033145,B1,1,1,1.0
2017-5,E01033176,B1,1,1,1.0
2017-5,E01033178,B18,1,1,1.0
2017-5,E01033189,B16,2,1,2.0
2017-5,E01033191,B28,1,1,1.0
2017-5,E01033192,B28,1,1,1.0
2017-5,E01033193,B18,1,1,1.0
2017-5,E01033193,B4,1,1,1.0
2017-5,E01033200,B19,1,1,1.0
2017-5,E01033200,B26,1,1,1.0
2017-5,E01033214,B26,1,1,1.0
2017-5,E01033215,B25,1,1,1.0
2017-5,E01033217,B18,1,1,1.0
2017-5,E01033221,B24,1,1,1.0
2017-5,E01033223,B24,1,1,1.0
2017-5,E01033233,B14,1,1,1.0
2017-5,E01033233,B25,1,1,1.0
2017-5,E01033239,B16,1,1,1.0
2017-5,E01033239,B19,2,1,2.0
2017-5,E01033245,B4,1,1,1.0
2017-5,E01033251,B15,1,1,1.0
2017-5,E01033251,B16,1,1,1.0
2017-5,E01033251,B23,4,3,1.3333333333333333
2017-5,E01033251,B24,1,1,1.0
2017-5,E01033251,B26,1,1,1.0
2017-5,E01033251,B28,1,1,1.0
2017-5,E01033251,B6,1,1,1.0
2017-5,E01033252,B1,1,1,1.0
2017-5,E01033252,B12,1,1,1.0
2017-5,E01033253,B16,2,2,1.0
2017-5,E01033255,B12,1,1,1.0
2017-5,E01033255,B23,2,2,1.0
2017-5,E01033255,B24,1,1,1.0
2017-5,E01033255,B25,1,1,1.0
2017-5,E01033263,B13,1,1,1.0
2017-5,E01033263,B18,1,1,1.0
2017-5,E01033264,B16,1,1,1.0
2017-5,E01033268,B14,1,1,1.0
2017-5,E01033269,B1,1,1,1.0
2017-5,E01033269,B13,1,1,1.0
2017-5,E01033270,B16,1,1,1.0
2017-5,E01033270,B26,2,1,2.0
2017-5,E01033270,B4,1,1,1.0
2017-5,E01033270,B6,1,1,1.0
2017-5,E01033273,B19,2,2,1.0
2017-5,E01033273,B26,1,1,1.0
2017-5,E01033276,B13,1,1,1.0
2017-5,E01033277,B18,1,1,1.0
2017-5,E01033279,B16,1,1,1.0
2017-5,E01033281,B13,1,1,1.0
2017-5,E01033282,B1,1,1,1.0
2017-5,E01033282,B13,1,1,1.0
2017-5,E01033282,B26,1,1,1.0
2017-5,E01033282,B28,2,2,1.0
2017-5,E01033292,B1,1,1,1.0
2017-5,E01033305,B17,1,1,1.0
2017-5,E01033306,B17,2,2,1.0
2017-5,E01033306,B19,2,1,2.0
2017-5,E01033306,B24,2,2,1.0
2017-5,E01033306,B25,2,2,1.0
2017-5,E01033310,B18,1,1,1.0
2017-5,E01033310,B26,1,1,1.0
2017-5,E01033311,B13,1,1,1.0
2017-5,E01033314,B1,1,1,1.0
2017-5,E01033320,B13,1,1,1.0
2017-5,E01033320,B15,1,1,1.0
2017-5,E01033320,B26,26,9,2.888888888888889
2017-5,E01033322,B13,1,1,1.0
2017-5,E01033322,B26,1,1,1.0
2017-5,E01033324,B1,2,2,1.0
2017-5,E01033324,B14,1,1,1.0
2017-5,E01033324,B15,1,1,1.0
2017-5,E01033324,B18,1,1,1.0
2017-5,E01033324,B26,2,2,1.0
2017-5,E01033324,B6,1,1,1.0
2017-5,E01033327,B13,8,4,2.0
2017-5,E01033327,B14,7,2,3.5
2017-5,E01033327,B16,1,1,1.0
2017-5,E01033327,B18,2,2,1.0
2017-5,E01033327,B26,13,4,3.25
2017-5,E01033327,B28,1,1,1.0
2017-5,E01033331,B15,1,1,1.0
2017-5,E01033334,B19,1,1,1.0
2017-5,E01033336,B17,1,1,1.0
2017-5,E01033339,B26,1,1,1.0
2017-5,E01033341,B13,2,1,2.0
2017-5,E01033341,B14,1,1,1.0
2017-5,E01033341,B26,5,3,1.6666666666666667
2017-5,E01033342,B19,1,1,1.0
2017-5,E01033342,B23,1,1,1.0
2017-5,E01033342,B29,1,1,1.0
2017-5,E01033342,B7,1,1,1.0
2017-5,E01033344,B15,1,1,1.0
2017-5,E01033344,B17,1,1,1.0
2017-5,E01033344,B19,2,2,1.0
2017-5,E01033345,B19,1,1,1.0
2017-5,E01033347,B19,2,2,1.0
2017-5,E01033347,B23,2,2,1.0
2017-5,E01033348,B29,1,1,1.0
2017-5,E01033350,B19,1,1,1.0
2017-5,E01033352,B16,1,1,1.0
2017-5,E01033352,B23,2,2,1.0
2017-5,E01033352,B25,1,1,1.0
2017-5,E01033352,B26,2,2,1.0
2017-5,E01033353,B23,2,2,1.0
2017-5,E01033353,B24,6,5,1.2
2017-5,E01033353,B26,2,2,1.0
2017-5,E01033353,B3,1,1,1.0
2017-5,E01033355,B13,1,1,1.0
2017-5,E01033355,B14,2,1,2.0
2017-5,E01033355,B18,1,1,1.0
2017-5,E01033355,B19,1,1,1.0
2017-5,E01033355,B24,1,1,1.0
2017-5,E01033355,B25,1,1,1.0
2017-5,E01033355,B7,1,1,1.0
2017-5,E01033356,B13,1,1,1.0
2017-5,E01033358,B13,1,1,1.0
2017-5,E01033358,B27,2,2,1.0
2017-5,E01033359,B19,1,1,1.0
2017-5,E01033359,B23,1,1,1.0
2017-5,E01033359,B24,1,1,1.0
2017-5,E01033359,B25,1,1,1.0
2017-5,E01033361,B26,1,1,1.0
2017-5,E01033362,B26,1,1,1.0
2017-5,E01033362,B4,1,1,1.0
2017-5,E01033364,B23,1,1,1.0
2017-5,E01033364,B25,1,1,1.0
2017-5,E01033364,B7,1,1,1.0
2017-5,E01033367,B13,1,1,1.0
2017-5,E01033367,B19,1,1,1.0
2017-5,E01033369,B23,1,1,1.0
2017-5,E01033369,B24,1,1,1.0
2017-5,E01033369,B7,1,1,1.0
2017-5,E01033378,B26,1,1,1.0
2017-5,E01033392,B13,1,1,1.0
2017-5,E01033395,B26,3,1,3.0
2017-5,E01033397,B19,1,1,1.0
2017-5,E01033415,B13,1,1,1.0
2017-5,E01033415,B19,2,2,1.0
2017-5,E01033415,B24,3,2,1.5
2017-5,E01033415,B25,1,1,1.0
2017-5,E01033415,B27,1,1,1.0
2017-5,E01033418,B25,1,1,1.0
2017-5,E01033420,B26,1,1,1.0
2017-5,E01033429,B16,1,1,1.0
2017-5,E01033436,B19,1,1,1.0
2017-5,E01033438,B1,1,1,1.0
2017-5,E01033439,B16,1,1,1.0
2017-5,E01033439,B26,2,2,1.0
2017-5,E01033439,B28,1,1,1.0
2017-5,E01033442,B23,1,1,1.0
2017-5,E01033443,B16,1,1,1.0
2017-5,E01033445,B13,1,1,1.0
2017-5,E01033445,B15,1,1,1.0
2017-5,E01033445,B27,1,1,1.0
2017-5,E01033445,B28,1,1,1.0
2017-5,E01033456,B24,1,1,1.0
2017-5,E01033460,B13,1,1,1.0
2017-5,E01033468,B26,3,1,3.0
2017-5,E01033474,B1,1,1,1.0
2017-5,E01033474,B18,1,1,1.0
2017-5,E01033477,B14,3,1,3.0
2017-5,E01033478,B18,1,1,1.0
2017-5,E01033480,B26,2,1,2.0
2017-5,E01033488,B16,1,1,1.0
2017-5,E01033492,B19,1,1,1.0
2017-5,E01033508,B28,1,1,1.0
2017-5,E01033509,B13,1,1,1.0
2017-5,E01033536,B25,1,1,1.0
2017-5,E01033537,B26,1,1,1.0
2017-5,E01033547,B16,1,1,1.0
2017-5,E01033556,B26,2,2,1.0
2017-5,E01033557,B19,2,1,2.0
2017-5,E01033559,B1,1,1,1.0
2017-5,E01033559,B18,1,1,1.0
2017-5,E01033561,B24,1,1,1.0
2017-5,E01033564,B26,1,1,1.0
2017-5,E01033567,B14,6,1,6.0
2017-5,E01033572,B26,1,1,1.0
2017-5,E01033572,B7,1,1,1.0
2017-5,E01033583,B15,1,1,1.0
2017-5,E01033586,B24,1,1,1.0
2017-5,E01033594,B24,1,1,1.0
2017-5,E01033595,B13,1,1,1.0
2017-5,E01033615,B1,1,1,1.0
2017-5,E01033615,B14,5,1,5.0
2017-5,E01033615,B16,1,1,1.0
2017-5,E01033615,B19,1,1,1.0
2017-5,E01033616,B14,1,1,1.0
2017-5,E01033616,B28,1,1,1.0
2017-5,E01033618,B26,1,1,1.0
2017-5,E01033620,B13,1,1,1.0
2017-5,E01033621,B26,1,1,1.0
2017-5,E01033622,B19,1,1,1.0
2017-5,E01033625,B14,1,1,1.0
2017-5,E01033627,B14,1,1,1.0
2017-5,E01033627,B19,1,1,1.0
2017-5,E01033627,B26,1,1,1.0
2017-5,E01033628,B26,3,1,3.0
2017-5,E01033629,B26,1,1,1.0
2017-5,E01033630,B6,1,1,1.0
2017-5,E01033633,B26,2,1,2.0
2017-5,E01033635,B16,1,1,1.0
2017-5,E01033635,B19,3,2,1.5
2017-5,E01033635,B26,9,2,4.5
2017-5,E01033637,B26,7,1,7.0
2017-5,E01033639,B14,4,2,2.0
2017-5,E01033639,B16,1,1,1.0
2017-5,E01033639,B19,4,2,2.0
2017-5,E01033639,B24,2,1,2.0
2017-5,E01033639,B26,3,2,1.5
2017-5,E01033639,B27,1,1,1.0
2017-5,E01033643,B16,1,1,1.0
2017-5,E01033643,B25,1,1,1.0
2017-5,E01033651,B26,1,1,1.0
2017-5,E01033658,B19,1,1,1.0
2017-5,E01033659,B14,1,1,1.0
2017-5,E01033661,B14,8,1,8.0
2017-5,E01033665,B25,1,1,1.0
2017-5,E01033665,B26,3,1,3.0
2017-5,E01033668,B15,1,1,1.0
2017-5,E01033676,B25,2,1,2.0
2017-5,E01033688,B25,1,1,1.0
2017-5,E01033688,B26,1,1,1.0
2017-5,E01033689,B16,1,1,1.0
2017-5,E01033693,B18,1,1,1.0
2017-5,E01033706,B26,1,1,1.0
2017-5,E01033708,B26,1,1,1.0
2017-5,E01033709,B13,1,1,1.0
2017-5,E01033709,B25,1,1,1.0
2017-5,E01033709,B26,1,1,1.0
2017-5,E01033711,B26,1,1,1.0
2017-5,E01033714,B28,1,1,1.0
2017-5,E01033724,B13,1,1,1.0
2017-5,E01033725,B6,1,1,1.0
2017-5,E01033726,B1,1,1,1.0
2017-5,E01033726,B26,2,2,1.0
2017-5,E01033726,B8,1,1,1.0
2017-5,E01033727,B1,1,1,1.0
2017-5,E01033727,B15,1,1,1.0
2017-5,E01033727,B19,1,1,1.0
2017-5,E01033727,B26,1,1,1.0
2017-5,E01033729,B26,2,2,1.0
2017-5,E01033731,B18,1,1,1.0
2017-5,E01033731,B26,2,2,1.0
2017-5,E01033732,B25,1,1,1.0
2017-5,E01033733,B1,1,1,1.0
2017-5,E01033733,B19,3,2,1.5
2017-5,E01033733,B26,1,1,1.0
2017-5,E01033734,B1,1,1,1.0
2017-5,E01033735,B26,1,1,1.0
2017-5,E01033735,B8,1,1,1.0
2017-5,E01033737,B1,2,1,2.0
2017-5,E01033737,B26,2,2,1.0
2017-5,E01033738,B15,1,1,1.0
2017-5,E01033738,B26,3,3,1.0
2017-5,E01033739,B1,1,1,1.0
2017-5,E01033740,B26,3,3,1.0
2017-5,E01033741,B26,4,1,4.0
2017-5,E01033742,B26,2,2,1.0
2017-5,E01033743,B15,1,1,1.0
2017-5,E01033743,B16,1,1,1.0
2017-5,E01033743,B26,1,1,1.0
2017-5,E01033744,B1,6,1,6.0
2017-5,E01033744,B16,1,1,1.0
2017-5,E01033744,B26,1,1,1.0
2017-5,E01033745,B26,2,2,1.0
2017-5,E01033746,B26,1,1,1.0
2017-5,E01033752,B26,2,1,2.0
2017-5,E01033753,B26,2,1,2.0
2017-5,E01033754,B26,1,1,1.0
2017-5,E01033756,B1,1,1,1.0
2017-5,E01033760,B26,1,1,1.0
2017-5,E01033762,B16,2,2,1.0
2017-5,E01033762,B25,1,1,1.0
2017-5,E01033768,B24,1,1,1.0
2017-5,E01033768,B26,1,1,1.0
2017-5,E01033768,B28,1,1,1.0
2017-5,S01006510,B25,1,1,1.0
2017-5,S01006547,B25,1,1,1.0
2017-5,S01006551,B24,2,1,2.0
2017-5,S01006551,B28,1,1,1.0
2017-5,S01006566,B6,1,1,1.0
2017-5,S01006567,B24,1,1,1.0
2017-5,S01006568,B24,1,1,1.0
2017-5,S01006584,B14,1,1,1.0
2017-5,S01006585,B24,1,1,1.0
2017-5,S01006586,B27,1,1,1.0
2017-5,S01006587,B24,1,1,1.0
2017-5,S01006587,B28,3,1,3.0
2017-5,S01006588,B24,2,1,2.0
2017-5,S01006588,B27,1,1,1.0
2017-5,S01006588,B28,8,1,8.0
2017-5,S01006593,B15,1,1,1.0
2017-5,S01006603,B28,1,1,1.0
2017-5,S01006621,B24,1,1,1.0
2017-5,S01006621,B28,1,1,1.0
2017-5,S01006637,B26,1,1,1.0
2017-5,S01006639,B25,1,1,1.0
2017-5,S01006646,B28,2,1,2.0
2017-5,S01006647,B4,1,1,1.0
2017-5,S01006648,B24,1,1,1.0
2017-5,S01006666,B19,1,1,1.0
2017-5,S01006681,B4,1,1,1.0
2017-5,S01006684,B4,1,1,1.0
2017-5,S01006695,B13,1,1,1.0
2017-5,S01006726,B28,1,1,1.0
2017-5,S01006738,B28,1,1,1.0
2017-5,S01006738,B4,2,1,2.0
2017-5,S01006743,B28,1,1,1.0
2017-5,S01006744,B28,1,1,1.0
2017-5,S01006745,B4,1,1,1.0
2017-5,S01006746,B27,1,1,1.0
2017-5,S01006746,B28,1,1,1.0
2017-5,S01006748,B24,1,1,1.0
2017-5,S01006748,B4,1,1,1.0
2017-5,S01006750,B4,1,1,1.0
2017-5,S01006751,B4,1,1,1.0
2017-5,S01006753,B4,2,1,2.0
2017-5,S01006760,B28,1,1,1.0
2017-5,S01006761,B28,1,1,1.0
2017-5,S01006768,B1,1,1,1.0
2017-5,S01006768,B19,1,1,1.0
2017-5,S01006811,B17,1,1,1.0
2017-5,S01006811,B19,1,1,1.0
2017-5,S01006828,B16,1,1,1.0
2017-5,S01006829,B16,1,1,1.0
2017-5,S01006850,B26,1,1,1.0
2017-5,S01006869,B1,1,1,1.0
2017-5,S01006889,B6,1,1,1.0
2017-5,S01006905,B24,1,1,1.0
2017-5,S01006981,B13,1,1,1.0
2017-5,S01006992,B25,1,1,1.0
2017-5,S01006998,B28,1,1,1.0
2017-5,S01007020,B16,1,1,1.0
2017-5,S01007024,B15,2,1,2.0
2017-5,S01007031,B1,2,1,2.0
2017-5,S01007136,B28,1,1,1.0
2017-5,S01007144,B28,1,1,1.0
2017-5,S01007151,B19,1,1,1.0
2017-5,S01007166,B28,1,1,1.0
2017-5,S01007171,B28,1,1,1.0
2017-5,S01007179,B28,3,2,1.5
2017-5,S01007187,B18,1,1,1.0
2017-5,S01007189,B28,2,1,2.0
2017-5,S01007204,B28,1,1,1.0
2017-5,S01007212,B28,1,1,1.0
2017-5,S01007224,B28,1,1,1.0
2017-5,S01007227,B28,2,1,2.0
2017-5,S01007230,B1,1,1,1.0
2017-5,S01007264,B28,1,1,1.0
2017-5,S01007470,B18,1,1,1.0
2017-5,S01007514,B13,1,1,1.0
2017-5,S01007515,B25,2,1,2.0
2017-5,S01007596,B25,3,1,3.0
2017-5,S01007617,B19,1,1,1.0
2017-5,S01007650,B25,1,1,1.0
2017-5,S01007688,B18,1,1,1.0
2017-5,S01007698,B1,1,1,1.0
2017-5,S01007700,B26,2,1,2.0
2017-5,S01007761,B16,1,1,1.0
2017-5,S01007766,B25,1,1,1.0
2017-5,S01007793,B25,1,1,1.0
2017-5,S01007829,B18,1,1,1.0
2017-5,S01007903,B1,2,2,1.0
2017-5,S01007923,B13,1,1,1.0
2017-5,S01007927,B25,1,1,1.0
2017-5,S01007929,B25,1,1,1.0
2017-5,S01007961,B14,1,1,1.0
2017-5,S01007979,B19,2,2,1.0
2017-5,S01008004,B25,1,1,1.0
2017-5,S01008008,B26,1,1,1.0
2017-5,S01008023,B1,1,1,1.0
2017-5,S01008045,B24,1,1,1.0
2017-5,S01008046,B16,1,1,1.0
2017-5,S01008046,B25,1,1,1.0
2017-5,S01008054,B25,2,1,2.0
2017-5,S01008086,B15,1,1,1.0
2017-5,S01008086,B24,1,1,1.0
2017-5,S01008113,B18,2,1,2.0
2017-5,S01008130,B4,1,1,1.0
2017-5,S01008133,B4,1,1,1.0
2017-5,S01008158,B15,1,1,1.0
2017-5,S01008164,B24,1,1,1.0
2017-5,S01008193,B1,1,1,1.0
2017-5,S01008193,B24,1,1,1.0
2017-5,S01008218,B26,2,2,1.0
2017-5,S01008255,B1,1,1,1.0
2017-5,S01008268,B25,1,1,1.0
2017-5,S01008302,B25,1,1,1.0
2017-5,S01008318,B13,1,1,1.0
2017-5,S01008335,B16,1,1,1.0
2017-5,S01008369,B26,1,1,1.0
2017-5,S01008382,B1,1,1,1.0
2017-5,S01008386,B25,1,1,1.0
2017-5,S01008399,B13,1,1,1.0
2017-5,S01008405,B13,2,1,2.0
2017-5,S01008425,B24,1,1,1.0
2017-5,S01008425,B25,4,1,4.0
2017-5,S01008437,B1,1,1,1.0
2017-5,S01008444,B13,1,1,1.0
2017-5,S01008477,B18,1,1,1.0
2017-5,S01008478,B13,1,1,1.0
2017-5,S01008478,B4,1,1,1.0
2017-5,S01008481,B26,1,1,1.0
2017-5,S01008484,B19,1,1,1.0
2017-5,S01008486,B26,1,1,1.0
2017-5,S01008491,B18,1,1,1.0
2017-5,S01008506,B25,2,1,2.0
2017-5,S01008507,B26,2,1,2.0
2017-5,S01008517,B13,1,1,1.0
2017-5,S01008521,B26,1,1,1.0
2017-5,S01008548,B26,1,1,1.0
2017-5,S01008549,B26,1,1,1.0
2017-5,S01008549,B28,2,1,2.0
2017-5,S01008562,B6,1,1,1.0
2017-5,S01008563,B24,1,1,1.0
2017-5,S01008563,B25,1,1,1.0
2017-5,S01008575,B19,1,1,1.0
2017-5,S01008579,B25,1,1,1.0
2017-5,S01008579,B26,1,1,1.0
2017-5,S01008603,B25,1,1,1.0
2017-5,S01008613,B25,1,1,1.0
2017-5,S01008615,B19,1,1,1.0
2017-5,S01008615,B25,1,1,1.0
2017-5,S01008624,B25,1,1,1.0
2017-5,S01008651,B26,3,1,3.0
2017-5,S01008655,B26,2,2,1.0
2017-5,S01008657,B26,1,1,1.0
2017-5,S01008657,B6,1,1,1.0
2017-5,S01008659,B14,1,1,1.0
2017-5,S01008659,B16,1,1,1.0
2017-5,S01008660,B26,6,1,6.0
2017-5,S01008664,B25,1,1,1.0
2017-5,S01008665,B26,1,1,1.0
2017-5,S01008667,B25,4,1,4.0
2017-5,S01008668,B25,1,1,1.0
2017-5,S01008669,B26,1,1,1.0
2017-5,S01008670,B25,1,1,1.0
2017-5,S01008670,B26,1,1,1.0
2017-5,S01008671,B19,1,1,1.0
2017-5,S01008677,B13,1,1,1.0
2017-5,S01008677,B26,2,1,2.0
2017-5,S01008678,B16,1,1,1.0
2017-5,S01008683,B19,1,1,1.0
2017-5,S01008686,B13,2,1,2.0
2017-5,S01008687,B26,2,2,1.0
2017-5,S01008688,B19,1,1,1.0
2017-5,S01008704,B25,1,1,1.0
2017-5,S01008713,B16,1,1,1.0
2017-5,S01008720,B26,1,1,1.0
2017-5,S01008724,B26,1,1,1.0
2017-5,S01008730,B19,1,1,1.0
2017-5,S01008734,B26,1,1,1.0
2017-5,S01008747,B26,1,1,1.0
2017-5,S01008749,B26,1,1,1.0
2017-5,S01008750,B18,1,1,1.0
2017-5,S01008766,B26,1,1,1.0
2017-5,S01008769,B24,1,1,1.0
2017-5,S01008769,B26,2,1,2.0
2017-5,S01008770,B26,1,1,1.0
2017-5,S01008775,B26,1,1,1.0
2017-5,S01008782,B26,1,1,1.0
2017-5,S01008786,B26,1,1,1.0
2017-5,S01008789,B26,3,3,1.0
2017-5,S01008791,B25,1,1,1.0
2017-5,S01008792,B16,1,1,1.0
2017-5,S01008795,B26,1,1,1.0
2017-5,S01008797,B16,1,1,1.0
2017-5,S01008799,B26,1,1,1.0
2017-5,S01008801,B26,2,2,1.0
2017-5,S01008809,B13,1,1,1.0
2017-5,S01008810,B26,1,1,1.0
2017-5,S01008813,B26,3,2,1.5
2017-5,S01008814,B25,1,1,1.0
2017-5,S01008815,B18,1,1,1.0
2017-5,S01008819,B15,1,1,1.0
2017-5,S01008820,B26,1,1,1.0
2017-5,S01008823,B25,1,1,1.0
2017-5,S01008831,B28,1,1,1.0
2017-5,S01008846,B26,1,1,1.0
2017-5,S01008868,B19,1,1,1.0
2017-5,S01008868,B26,5,1,5.0
2017-5,S01008873,B25,1,1,1.0
2017-5,S01008875,B24,1,1,1.0
2017-5,S01008893,B26,1,1,1.0
2017-5,S01008894,B25,1,1,1.0
2017-5,S01008899,B19,1,1,1.0
2017-5,S01008903,B26,1,1,1.0
2017-5,S01008908,B28,1,1,1.0
2017-5,S01008911,B26,2,1,2.0
2017-5,S01008920,B25,1,1,1.0
2017-5,S01008928,B26,1,1,1.0
2017-5,S01008971,B13,1,1,1.0
2017-5,S01008975,B19,1,1,1.0
2017-5,S01008992,B18,1,1,1.0
2017-5,S01008992,B19,1,1,1.0
2017-5,S01008993,B14,1,1,1.0
2017-5,S01008993,B26,1,1,1.0
2017-5,S01008997,B26,1,1,1.0
2017-5,S01008999,B18,1,1,1.0
2017-5,S01009107,B25,1,1,1.0
2017-5,S01009134,B13,1,1,1.0
2017-5,S01009279,B25,1,1,1.0
2017-5,S01009294,B13,1,1,1.0
2017-5,S01009301,B16,1,1,1.0
2017-5,S01009335,B1,1,1,1.0
2017-5,S01009363,B25,1,1,1.0
2017-5,S01009364,B17,2,2,1.0
2017-5,S01009372,B13,1,1,1.0
2017-5,S01009409,B25,1,1,1.0
2017-5,S01009442,B25,1,1,1.0
2017-5,S01009528,B25,1,1,1.0
2017-5,S01009545,B26,1,1,1.0
2017-5,S01009589,B6,1,1,1.0
2017-5,S01009606,B24,1,1,1.0
2017-5,S01009614,B17,1,1,1.0
2017-5,S01009618,B16,1,1,1.0
2017-5,S01009655,B13,1,1,1.0
2017-5,S01009661,B26,1,1,1.0
2017-5,S01009702,B25,4,1,4.0
2017-5,S01009709,B17,1,1,1.0
2017-5,S01009711,B18,1,1,1.0
2017-5,S01009771,B28,1,1,1.0
2017-5,S01009787,B26,2,1,2.0
2017-5,S01009792,B28,1,1,1.0
2017-5,S01009818,B24,1,1,1.0
2017-5,S01009827,B13,1,1,1.0
2017-5,S01009827,B25,1,1,1.0
2017-5,S01009832,B1,1,1,1.0
2017-5,S01009846,B15,1,1,1.0
2017-5,S01009852,B19,1,1,1.0
2017-5,S01009858,B18,1,1,1.0
2017-5,S01009861,B26,1,1,1.0
2017-5,S01009883,B13,1,1,1.0
2017-5,S01009884,B18,1,1,1.0
2017-5,S01009888,B19,1,1,1.0
2017-5,S01009889,B26,2,1,2.0
2017-5,S01009903,B19,1,1,1.0
2017-5,S01009915,B16,1,1,1.0
2017-5,S01009937,B25,2,1,2.0
2017-5,S01009939,B25,1,1,1.0
2017-5,S01009941,B28,1,1,1.0
2017-5,S01009953,B25,1,1,1.0
2017-5,S01009957,B26,1,1,1.0
2017-5,S01009959,B13,1,1,1.0
2017-5,S01009964,B18,1,1,1.0
2017-5,S01010021,B18,1,1,1.0
2017-5,S01010030,B26,1,1,1.0
2017-5,S01010032,B1,1,1,1.0
2017-5,S01010037,B16,1,1,1.0
2017-5,S01010049,B19,1,1,1.0
2017-5,S01010081,B13,1,1,1.0
2017-5,S01010094,B16,1,1,1.0
2017-5,S01010100,B18,1,1,1.0
2017-5,S01010111,B25,1,1,1.0
2017-5,S01010117,B26,1,1,1.0
2017-5,S01010120,B25,1,1,1.0
2017-5,S01010169,B19,1,1,1.0
2017-5,S01010170,B26,1,1,1.0
2017-5,S01010205,B13,1,1,1.0
2017-5,S01010234,B18,1,1,1.0
2017-5,S01010236,B26,3,1,3.0
2017-5,S01010240,B13,1,1,1.0
2017-5,S01010257,B16,1,1,1.0
2017-5,S01010283,B14,1,1,1.0
2017-5,S01010291,B18,1,1,1.0
2017-5,S01010297,B26,1,1,1.0
2017-5,S01010305,B16,1,1,1.0
2017-5,S01010306,B1,1,1,1.0
2017-5,S01010345,B25,1,1,1.0
2017-5,S01010362,B15,1,1,1.0
2017-5,S01010377,B26,2,1,2.0
2017-5,S01010387,B19,1,1,1.0
2017-5,S01010391,B1,2,1,2.0
2017-5,S01010391,B16,1,1,1.0
2017-5,S01010407,B18,1,1,1.0
2017-5,S01010407,B19,1,1,1.0
2017-5,S01010407,B26,1,1,1.0
2017-5,S01010409,B28,1,1,1.0
2017-5,S01010425,B14,1,1,1.0
2017-5,S01010432,B18,1,1,1.0
2017-5,S01010433,B26,1,1,1.0
2017-5,S01010467,B18,1,1,1.0
2017-5,S01010483,B16,1,1,1.0
2017-5,S01010489,B16,1,1,1.0
2017-5,S01010494,B26,1,1,1.0
2017-5,S01010519,B16,1,1,1.0
2017-5,S01010558,B16,1,1,1.0
2017-5,S01010613,B17,1,1,1.0
2017-5,S01010620,B24,1,1,1.0
2017-5,S01010622,B1,1,1,1.0
2017-5,S01010624,B25,1,1,1.0
2017-5,S01010657,B25,1,1,1.0
2017-5,S01010659,B16,1,1,1.0
2017-5,S01010680,B16,1,1,1.0
2017-5,S01010704,B25,1,1,1.0
2017-5,S01010771,B21,1,1,1.0
2017-5,S01010772,B16,1,1,1.0
2017-5,S01010787,B25,1,1,1.0
2017-5,S01010794,B26,1,1,1.0
2017-5,S01010798,B13,1,1,1.0
2017-5,S01010799,B25,2,1,2.0
2017-5,S01010802,B26,1,1,1.0
2017-5,S01010805,B25,1,1,1.0
2017-5,S01010810,B16,1,1,1.0
2017-5,S01010810,B25,1,1,1.0
2017-5,S01010817,B28,1,1,1.0
2017-5,S01010858,B13,1,1,1.0
2017-5,S01010895,B26,1,1,1.0
2017-5,S01010954,B4,1,1,1.0
2017-5,S01010982,B26,1,1,1.0
2017-5,S01010991,B16,1,1,1.0
2017-5,S01010991,B27,1,1,1.0
2017-5,S01010999,B18,1,1,1.0
2017-5,S01011006,B16,1,1,1.0
2017-5,S01011181,B25,1,1,1.0
2017-5,S01011193,B17,1,1,1.0
2017-5,S01011268,B13,1,1,1.0
2017-5,S01011270,B18,1,1,1.0
2017-5,S01011270,B26,2,1,2.0
2017-5,S01011331,B16,1,1,1.0
2017-5,S01011345,B25,1,1,1.0
2017-5,S01011356,B25,1,1,1.0
2017-5,S01011445,B16,1,1,1.0
2017-5,S01011674,B18,1,1,1.0
2017-5,S01011688,B25,1,1,1.0
2017-5,S01011712,B26,1,1,1.0
2017-5,S01011748,B15,1,1,1.0
2017-5,S01011748,B19,1,1,1.0
2017-5,S01011749,B19,1,1,1.0
2017-5,S01011790,B19,1,1,1.0
2017-5,S01011835,B25,1,1,1.0
2017-5,S01011844,B25,1,1,1.0
2017-5,S01011846,B25,1,1,1.0
2017-5,S01011871,B25,1,1,1.0
2017-5,S01011893,B13,1,1,1.0
2017-5,S01012009,B24,1,1,1.0
2017-5,S01012020,B19,1,1,1.0
2017-5,S01012023,B25,2,2,1.0
2017-5,S01012027,B13,1,1,1.0
2017-5,S01012027,B25,4,3,1.3333333333333333
2017-5,S01012029,B19,1,1,1.0
2017-5,S01012030,B25,3,2,1.5
2017-5,S01012032,B13,1,1,1.0
2017-5,S01012033,B25,1,1,1.0
2017-5,S01012034,B25,1,1,1.0
2017-5,S01012036,B13,1,1,1.0
2017-5,S01012048,B28,1,1,1.0
2017-5,S01012052,B25,1,1,1.0
2017-5,S01012061,B25,1,1,1.0
2017-5,S01012074,B25,1,1,1.0
2017-5,S01012083,B1,1,1,1.0
2017-5,S01012106,B13,1,1,1.0
2017-5,S01012131,B26,1,1,1.0
2017-5,S01012131,B6,1,1,1.0
2017-5,S01012153,B1,1,1,1.0
2017-5,S01012155,B16,1,1,1.0
2017-5,S01012211,B19,1,1,1.0
2017-5,S01012224,B16,1,1,1.0
2017-5,S01012226,B18,1,1,1.0
2017-5,S01012236,B13,1,1,1.0
2017-5,S01012243,B25,3,1,3.0
2017-5,S01012322,B25,1,1,1.0
2017-5,S01012323,B25,2,1,2.0
2017-5,S01012366,B1,1,1,1.0
2017-5,S01012434,B13,1,1,1.0
2017-5,S01012478,B28,1,1,1.0
2017-5,S01012486,B25,1,1,1.0
2017-5,S01012544,B25,1,1,1.0
2017-5,S01012792,B16,1,1,1.0
2017-5,S01013002,B18,1,1,1.0
2017-5,S01013025,B25,1,1,1.0
2017-5,S01013059,B16,1,1,1.0
2017-5,S01013104,B28,1,1,1.0
2017-5,S01013109,B17,1,1,1.0
2017-5,S01013109,B19,1,1,1.0
2017-5,S01013151,B25,1,1,1.0
2017-5,S01013154,B25,1,1,1.0
2017-5,S01013171,B25,1,1,1.0
2017-5,S01013227,B14,1,1,1.0
2017-5,S01013231,B25,1,1,1.0
2017-5,S01013233,B25,8,1,8.0
2017-5,S01013236,B25,4,1,4.0
2017-5,S01013241,B25,3,1,3.0
2017-5,S01013242,B25,1,1,1.0
2017-5,S01013244,B18,1,1,1.0
2017-5,S01013267,B25,1,1,1.0
2017-5,S01013269,B25,1,1,1.0
2017-5,S01013277,B26,1,1,1.0
2017-5,S01013279,B19,1,1,1.0
2017-5,S01013283,B26,1,1,1.0
2017-5,S01013289,B13,1,1,1.0
2017-5,S01013289,B24,1,1,1.0
2017-5,S01013289,B26,1,1,1.0
2017-5,S01013302,B26,1,1,1.0
2017-5,S01013309,B25,1,1,1.0
2017-5,S01013324,B13,1,1,1.0
2017-5,S01013327,B13,1,1,1.0
2017-5,S01013336,B4,1,1,1.0
2017-5,S01013348,B16,1,1,1.0
2017-5,S01013401,B13,1,1,1.0
2017-5,S01013404,B26,1,1,1.0
2017-5,S01013436,B25,1,1,1.0
2017-5,S01013443,B13,1,1,1.0
2017-5,S01013444,B19,1,1,1.0
2017-5,S01013444,B25,1,1,1.0
2017-5,S01013455,B13,1,1,1.0
2017-5,S01013455,B15,1,1,1.0
2017-5,S01013455,B28,1,1,1.0
2017-5,S01013456,B13,1,1,1.0
2017-5,S01013456,B15,1,1,1.0
2017-5,S01013476,B13,1,1,1.0
2017-5,S01013477,B26,1,1,1.0
2017-5,W01000010,B17,1,1,1.0
2017-5,W01000022,B13,1,1,1.0
2017-5,W01000030,B18,1,1,1.0
2017-5,W01000031,B15,1,1,1.0
2017-5,W01000048,B16,2,1,2.0
2017-5,W01000090,B16,1,1,1.0
2017-5,W01000103,B17,1,1,1.0
2017-5,W01000111,B25,1,1,1.0
2017-5,W01000128,B28,1,1,1.0
2017-5,W01000135,B25,1,1,1.0
2017-5,W01000166,B15,1,1,1.0
2017-5,W01000167,B26,1,1,1.0
2017-5,W01000177,B17,1,1,1.0
2017-5,W01000177,B6,1,1,1.0
2017-5,W01000202,B25,1,1,1.0
2017-5,W01000237,B6,1,1,1.0
2017-5,W01000248,B25,1,1,1.0
2017-5,W01000262,B13,1,1,1.0
2017-5,W01000287,B18,1,1,1.0
2017-5,W01000322,B13,1,1,1.0
2017-5,W01000332,B16,1,1,1.0
2017-5,W01000347,B4,1,1,1.0
2017-5,W01000349,B13,1,1,1.0
2017-5,W01000350,B1,1,1,1.0
2017-5,W01000350,B13,1,1,1.0
2017-5,W01000361,B19,1,1,1.0
2017-5,W01000362,B28,1,1,1.0
2017-5,W01000365,B26,1,1,1.0
2017-5,W01000372,B4,1,1,1.0
2017-5,W01000379,B15,1,1,1.0
2017-5,W01000380,B16,1,1,1.0
2017-5,W01000380,B17,2,1,2.0
2017-5,W01000380,B19,1,1,1.0
2017-5,W01000388,B13,1,1,1.0
2017-5,W01000398,B4,1,1,1.0
2017-5,W01000399,B16,1,1,1.0
2017-5,W01000402,B13,1,1,1.0
2017-5,W01000402,B26,2,1,2.0
2017-5,W01000428,B13,1,1,1.0
2017-5,W01000428,B24,1,1,1.0
2017-5,W01000429,B19,1,1,1.0
2017-5,W01000441,B25,1,1,1.0
2017-5,W01000465,B26,2,1,2.0
2017-5,W01000488,B16,1,1,1.0
2017-5,W01000515,B26,1,1,1.0
2017-5,W01000534,B27,1,1,1.0
2017-5,W01000543,B26,1,1,1.0
2017-5,W01000545,B13,1,1,1.0
2017-5,W01000553,B19,1,1,1.0
2017-5,W01000567,B1,1,1,1.0
2017-5,W01000567,B19,1,1,1.0
2017-5,W01000568,B25,1,1,1.0
2017-5,W01000613,B16,1,1,1.0
2017-5,W01000624,B16,1,1,1.0
2017-5,W01000624,B24,1,1,1.0
2017-5,W01000646,B24,1,1,1.0
2017-5,W01000648,B24,1,1,1.0
2017-5,W01000649,B24,1,1,1.0
2017-5,W01000653,B26,1,1,1.0
2017-5,W01000689,B13,1,1,1.0
2017-5,W01000744,B26,1,1,1.0
2017-5,W01000747,B1,1,1,1.0
2017-5,W01000747,B26,1,1,1.0
2017-5,W01000756,B25,1,1,1.0
2017-5,W01000758,B13,1,1,1.0
2017-5,W01000796,B26,1,1,1.0
2017-5,W01000813,B26,1,1,1.0
2017-5,W01000816,B17,1,1,1.0
2017-5,W01000839,B13,1,1,1.0
2017-5,W01000839,B25,1,1,1.0
2017-5,W01000844,B1,1,1,1.0
2017-5,W01000850,B26,1,1,1.0
2017-5,W01000871,B26,2,1,2.0
2017-5,W01000881,B13,1,1,1.0
2017-5,W01000884,B24,1,1,1.0
2017-5,W01000884,B26,1,1,1.0
2017-5,W01000891,B28,1,1,1.0
2017-5,W01000917,B16,1,1,1.0
2017-5,W01000917,B25,1,1,1.0
2017-5,W01000946,B13,2,2,1.0
2017-5,W01000946,B18,1,1,1.0
2017-5,W01000946,B25,3,3,1.0
2017-5,W01000950,B19,1,1,1.0
2017-5,W01000951,B26,1,1,1.0
2017-5,W01000952,B18,1,1,1.0
2017-5,W01000952,B26,1,1,1.0
2017-5,W01000959,B28,3,1,3.0
2017-5,W01000975,B26,1,1,1.0
2017-5,W01000975,B4,1,1,1.0
2017-5,W01000976,B25,1,1,1.0
2017-5,W01000979,B25,1,1,1.0
2017-5,W01000983,B25,1,1,1.0
2017-5,W01000990,B19,1,1,1.0
2017-5,W01000990,B25,1,1,1.0
2017-5,W01000990,B28,1,1,1.0
2017-5,W01000997,B25,1,1,1.0
2017-5,W01000998,B25,1,1,1.0
2017-5,W01000998,B26,1,1,1.0
2017-5,W01001000,B17,1,1,1.0
2017-5,W01001000,B19,1,1,1.0
2017-5,W01001000,B26,2,1,2.0
2017-5,W01001002,B25,1,1,1.0
2017-5,W01001002,B26,1,1,1.0
2017-5,W01001007,B25,1,1,1.0
2017-5,W01001011,B1,1,1,1.0
2017-5,W01001020,B25,1,1,1.0
2017-5,W01001026,B25,1,1,1.0
2017-5,W01001030,B28,1,1,1.0
2017-5,W01001031,B19,1,1,1.0
2017-5,W01001035,B25,1,1,1.0
2017-5,W01001037,B13,1,1,1.0
2017-5,W01001040,B14,1,1,1.0
2017-5,W01001040,B16,1,1,1.0
2017-5,W01001041,B16,1,1,1.0
2017-5,W01001041,B17,1,1,1.0
2017-5,W01001041,B19,1,1,1.0
2017-5,W01001046,B19,1,1,1.0
2017-5,W01001050,B26,1,1,1.0
2017-5,W01001054,B19,1,1,1.0
2017-5,W01001071,B16,1,1,1.0
2017-5,W01001078,B28,1,1,1.0
2017-5,W01001084,B18,1,1,1.0
2017-5,W01001086,B25,1,1,1.0
2017-5,W01001104,B1,1,1,1.0
2017-5,W01001124,B28,1,1,1.0
2017-5,W01001128,B13,1,1,1.0
2017-5,W01001136,B24,1,1,1.0
2017-5,W01001136,B26,1,1,1.0
2017-5,W01001140,B1,1,1,1.0
2017-5,W01001146,B28,1,1,1.0
2017-5,W01001148,B16,1,1,1.0
2017-5,W01001148,B18,1,1,1.0
2017-5,W01001161,B16,1,1,1.0
2017-5,W01001166,B18,1,1,1.0
2017-5,W01001167,B1,2,1,2.0
2017-5,W01001179,B13,1,1,1.0
2017-5,W01001181,B25,1,1,1.0
2017-5,W01001197,B25,1,1,1.0
2017-5,W01001225,B25,1,1,1.0
2017-5,W01001231,B1,1,1,1.0
2017-5,W01001257,B18,2,2,1.0
2017-5,W01001258,B24,1,1,1.0
2017-5,W01001279,B15,1,1,1.0
2017-5,W01001284,B1,1,1,1.0
2017-5,W01001289,B26,1,1,1.0
2017-5,W01001293,B16,2,1,2.0
2017-5,W01001296,B25,1,1,1.0
2017-5,W01001296,B26,1,1,1.0
2017-5,W01001296,B28,1,1,1.0
2017-5,W01001299,B26,1,1,1.0
2017-5,W01001308,B25,1,1,1.0
2017-5,W01001310,B26,2,1,2.0
2017-5,W01001312,B26,2,2,1.0
2017-5,W01001333,B18,1,1,1.0
2017-5,W01001350,B26,3,1,3.0
2017-5,W01001361,B26,2,1,2.0
2017-5,W01001392,B14,1,1,1.0
2017-5,W01001398,B1,1,1,1.0
2017-5,W01001406,B26,1,1,1.0
2017-5,W01001409,B16,1,1,1.0
2017-5,W01001410,B16,1,1,1.0
2017-5,W01001413,B26,2,1,2.0
2017-5,W01001423,B18,1,1,1.0
2017-5,W01001424,B6,1,1,1.0
2017-5,W01001444,B15,1,1,1.0
2017-5,W01001451,B13,1,1,1.0
2017-5,W01001464,B1,1,1,1.0
2017-5,W01001470,B25,1,1,1.0
2017-5,W01001474,B16,1,1,1.0
2017-5,W01001505,B13,1,1,1.0
2017-5,W01001505,B24,1,1,1.0
2017-5,W01001531,B18,1,1,1.0
2017-5,W01001531,B24,1,1,1.0
2017-5,W01001542,B13,1,1,1.0
2017-5,W01001542,B26,1,1,1.0
2017-5,W01001543,B17,1,1,1.0
2017-5,W01001545,B13,1,1,1.0
2017-5,W01001552,B19,1,1,1.0
2017-5,W01001553,B14,1,1,1.0
2017-5,W01001562,B26,1,1,1.0
2017-5,W01001564,B13,1,1,1.0
2017-5,W01001578,B13,1,1,1.0
2017-5,W01001580,B13,1,1,1.0
2017-5,W01001580,B16,1,1,1.0
2017-5,W01001581,B13,1,1,1.0
2017-5,W01001581,B24,1,1,1.0
2017-5,W01001583,B17,1,1,1.0
2017-5,W01001583,B24,1,1,1.0
2017-5,W01001592,B17,1,1,1.0
2017-5,W01001593,B26,1,1,1.0
2017-5,W01001598,B16,1,1,1.0
2017-5,W01001604,B18,1,1,1.0
2017-5,W01001605,B18,1,1,1.0
2017-5,W01001612,B26,1,1,1.0
2017-5,W01001613,B25,1,1,1.0
2017-5,W01001614,B25,1,1,1.0
2017-5,W01001628,B17,1,1,1.0
2017-5,W01001641,B13,1,1,1.0
2017-5,W01001659,B15,1,1,1.0
2017-5,W01001659,B16,1,1,1.0
2017-5,W01001659,B26,3,2,1.5
2017-5,W01001660,B26,2,2,1.0
2017-5,W01001661,B26,2,1,2.0
2017-5,W01001662,B16,1,1,1.0
2017-5,W01001670,B13,1,1,1.0
2017-5,W01001672,B13,1,1,1.0
2017-5,W01001676,B18,1,1,1.0
2017-5,W01001686,B15,1,1,1.0
2017-5,W01001686,B26,1,1,1.0
2017-5,W01001695,B26,1,1,1.0
2017-5,W01001696,B26,1,1,1.0
2017-5,W01001697,B26,1,1,1.0
2017-5,W01001698,B26,1,1,1.0
2017-5,W01001702,B19,1,1,1.0
2017-5,W01001709,B26,1,1,1.0
2017-5,W01001711,B15,1,1,1.0
2017-5,W01001711,B26,1,1,1.0
2017-5,W01001713,B26,1,1,1.0
2017-5,W01001714,B26,2,1,2.0
2017-5,W01001715,B16,1,1,1.0
2017-5,W01001721,B26,1,1,1.0
2017-5,W01001726,B14,1,1,1.0
2017-5,W01001729,B26,1,1,1.0
2017-5,W01001731,B25,1,1,1.0
2017-5,W01001735,B28,1,1,1.0
2017-5,W01001753,B26,1,1,1.0
2017-5,W01001761,B26,1,1,1.0
2017-5,W01001776,B25,1,1,1.0
2017-5,W01001781,B18,1,1,1.0
2017-5,W01001781,B25,1,1,1.0
2017-5,W01001789,B25,1,1,1.0
2017-5,W01001806,B25,1,1,1.0
2017-5,W01001809,B16,1,1,1.0
2017-5,W01001809,B17,1,1,1.0
2017-5,W01001811,B25,1,1,1.0
2017-5,W01001811,B26,1,1,1.0
2017-5,W01001815,B13,1,1,1.0
2017-5,W01001815,B15,1,1,1.0
2017-5,W01001821,B28,1,1,1.0
2017-5,W01001824,B26,4,3,1.3333333333333333
2017-5,W01001824,B6,1,1,1.0
2017-5,W01001825,B25,1,1,1.0
2017-5,W01001825,B26,1,1,1.0
2017-5,W01001829,B26,6,3,2.0
2017-5,W01001831,B26,3,3,1.0
2017-5,W01001832,B18,2,1,2.0
2017-5,W01001833,B25,1,1,1.0
2017-5,W01001833,B26,3,3,1.0
2017-5,W01001834,B26,2,2,1.0
2017-5,W01001835,B25,1,1,1.0
2017-5,W01001836,B17,1,1,1.0
2017-5,W01001837,B26,2,1,2.0
2017-5,W01001838,B26,2,1,2.0
2017-5,W01001839,B19,1,1,1.0
2017-5,W01001839,B24,1,1,1.0
2017-5,W01001839,B26,7,6,1.1666666666666667
2017-5,W01001841,B15,1,1,1.0
2017-5,W01001842,B24,1,1,1.0
2017-5,W01001842,B26,1,1,1.0
2017-5,W01001842,B6,1,1,1.0
2017-5,W01001844,B15,1,1,1.0
2017-5,W01001855,B26,1,1,1.0
2017-5,W01001856,B14,1,1,1.0
2017-5,W01001857,B26,1,1,1.0
2017-5,W01001862,B25,1,1,1.0
2017-5,W01001864,B26,1,1,1.0
2017-5,W01001873,B13,1,1,1.0
2017-5,W01001875,B16,1,1,1.0
2017-5,W01001875,B26,1,1,1.0
2017-5,W01001875,B4,1,1,1.0
2017-5,W01001880,B28,1,1,1.0
2017-5,W01001881,B26,2,1,2.0
2017-5,W01001882,B13,1,1,1.0
2017-5,W01001882,B18,1,1,1.0
2017-5,W01001885,B15,1,1,1.0
2017-5,W01001889,B13,1,1,1.0
2017-5,W01001889,B26,1,1,1.0
2017-5,W01001890,B25,1,1,1.0
2017-5,W01001893,B13,1,1,1.0
2017-5,W01001893,B25,4,3,1.3333333333333333
2017-5,W01001919,B15,1,1,1.0
2017-5,W01001920,B17,2,1,2.0
2017-5,W01001921,B25,1,1,1.0
2017-5,W01001926,B25,1,1,1.0
2017-5,W01001934,B18,1,1,1.0
2017-5,W01001936,B1,1,1,1.0
2017-5,W01001939,B26,1,1,1.0
2017-5,W01001945,B14,1,1,1.0
2017-5,W01001947,B14,1,1,1.0
2017-5,W01001955,B25,1,1,1.0
